WORTMANN FX 71-089A AIRFOIL
    1.000000       0.000000    
   0.9962526      0.3322491E-03
   0.9916405      0.7603022E-03
   0.9867016      0.1241262E-02
   0.9814328      0.1770617E-02
   0.9758388      0.2334730E-02
   0.9699257      0.2914849E-02
   0.9636988      0.3501656E-02
   0.9571714      0.4096180E-02
   0.9503678      0.4700557E-02
   0.9433216      0.5317536E-02
   0.9360723      0.5946443E-02
   0.9286611      0.6584530E-02
   0.9211264      0.7229555E-02
   0.9134984      0.7880171E-02
   0.9057968      0.8535642E-02
   0.8980374      0.9194898E-02
   0.8902364      0.9856793E-02
   0.8824101      0.1052018E-01
   0.8745745      0.1118396E-01
   0.8667446      0.1184609E-01
   0.8589293      0.1250257E-01
   0.8511296      0.1314982E-01
   0.8433405      0.1378848E-01
   0.8355583      0.1442511E-01
   0.8277845      0.1506636E-01
   0.8200240      0.1571381E-01
   0.8122774      0.1636002E-01
   0.8045379      0.1699715E-01
   0.7967920      0.1762033E-01
   0.7890272      0.1823474E-01
   0.7812392      0.1884773E-01
   0.7734320      0.1946570E-01
   0.7656149      0.2008885E-01
   0.7577938      0.2071256E-01
   0.7499682      0.2133251E-01
   0.7421326      0.2194580E-01
   0.7342821      0.2255345E-01
   0.7264183      0.2315697E-01
   0.7185500      0.2375732E-01
   0.7106910      0.2435347E-01
   0.7028498      0.2494228E-01
   0.6950257      0.2552111E-01
   0.6872086      0.2608817E-01
   0.6793835      0.2664454E-01
   0.6715407      0.2719320E-01
   0.6636789      0.2773665E-01
   0.6558062      0.2827662E-01
   0.6479351      0.2881245E-01
   0.6400730      0.2934232E-01
   0.6322203      0.2986487E-01
   0.6243702      0.3037935E-01
   0.6165132      0.3088678E-01
   0.6086462      0.3138889E-01
   0.6007745      0.3188690E-01
   0.5929120      0.3238133E-01
   0.5850757      0.3286968E-01
   0.5772740      0.3334783E-01
   0.5695041      0.3381242E-01
   0.5617527      0.3426089E-01
   0.5540003      0.3469514E-01
   0.5462344      0.3512130E-01
   0.5384539      0.3554516E-01
   0.5306700      0.3597183E-01
   0.5229023      0.3640177E-01
   0.5151645      0.3682796E-01
   0.5074563      0.3724339E-01
   0.4997640      0.3764192E-01
   0.4920619      0.3802023E-01
   0.4843258      0.3838315E-01
   0.4765450      0.3873672E-01
   0.4687235      0.3908649E-01
   0.4608812      0.3943657E-01
   0.4530439      0.3978470E-01
   0.4452278      0.4012646E-01
   0.4374377      0.4045798E-01
   0.4296673      0.4077617E-01
   0.4219042      0.4108066E-01
   0.4141389      0.4137261E-01
   0.4063667      0.4165296E-01
   0.3985878      0.4192246E-01
   0.3908063      0.4218116E-01
   0.3830266      0.4242860E-01
   0.3752528      0.4266430E-01
   0.3674882      0.4288786E-01
   0.3597350      0.4309871E-01
   0.3519922      0.4329619E-01
   0.3442544      0.4347970E-01
   0.3365122      0.4364871E-01
   0.3287543      0.4380403E-01
   0.3209772      0.4394827E-01
   0.3131900      0.4408397E-01
   0.3054148      0.4421343E-01
   0.2976804      0.4433486E-01
   0.2900014      0.4444191E-01
   0.2823715      0.4452852E-01
   0.2747655      0.4458930E-01
   0.2671489      0.4462647E-01
   0.2595041      0.4464890E-01
   0.2518381      0.4466576E-01
   0.2441830      0.4468473E-01
   0.2365780      0.4470042E-01
   0.2290406      0.4470134E-01
   0.2215633      0.4467657E-01
   0.2141191      0.4461865E-01
   0.2066805      0.4452992E-01
   0.1992346      0.4441443E-01
   0.1917840      0.4427626E-01
   0.1843444      0.4411750E-01
   0.1769392      0.4393829E-01
   0.1695961      0.4373911E-01
   0.1623444      0.4351881E-01
   0.1551998      0.4327039E-01
   0.1481556      0.4298584E-01
   0.1411868      0.4265827E-01
   0.1342716      0.4229362E-01
   0.1274229      0.4190556E-01
   0.1206894      0.4150887E-01
   0.1141379      0.4110661E-01
   0.1078243      0.4069076E-01
   0.1017837      0.4025502E-01
   0.9603119E-01  0.3979372E-01
   0.9055668E-01  0.3929976E-01
   0.8533058E-01  0.3876656E-01
   0.8031551E-01  0.3819032E-01
   0.7549120E-01  0.3758661E-01
   0.7087751E-01  0.3698061E-01
   0.6651569E-01  0.3639634E-01
   0.6244353E-01  0.3584319E-01
   0.5866596E-01  0.3530028E-01
   0.5515535E-01  0.3474723E-01
   0.5187350E-01  0.3416899E-01
   0.4878203E-01  0.3355813E-01
   0.4585006E-01  0.3292988E-01
   0.4306176E-01  0.3230405E-01
   0.4041088E-01  0.3169723E-01
   0.3789535E-01  0.3112265E-01
   0.3551520E-01  0.3058324E-01
   0.3327065E-01  0.3005992E-01
   0.3115613E-01  0.2953429E-01
   0.2916261E-01  0.2899263E-01
   0.2727990E-01  0.2842478E-01
   0.2549801E-01  0.2782339E-01
   0.2380919E-01  0.2718669E-01
   0.2220763E-01  0.2651626E-01
   0.2068818E-01  0.2581342E-01
   0.1924623E-01  0.2507921E-01
   0.1787772E-01  0.2431442E-01
   0.1657898E-01  0.2351971E-01
   0.1534516E-01  0.2269779E-01
   0.1417014E-01  0.2185431E-01
   0.1304902E-01  0.2099494E-01
   0.1197791E-01  0.2012506E-01
   0.1095366E-01  0.1924983E-01
   0.9973620E-02  0.1837410E-01
   0.9035738E-02  0.1750217E-01
   0.8140853E-02  0.1663488E-01
   0.7291023E-02  0.1577051E-01
   0.6487362E-02  0.1490714E-01
   0.5730276E-02  0.1404281E-01
   0.5019696E-02  0.1317550E-01
   0.4355264E-02  0.1230319E-01
   0.3736599E-02  0.1142418E-01
   0.3164104E-02  0.1053867E-01
   0.2638634E-02  0.9647837E-02
   0.2161116E-02  0.8753233E-02
   0.1732400E-02  0.7856675E-02
   0.1353143E-02  0.6960191E-02
   0.1023716E-02  0.6065948E-02
   0.7437604E-03  0.5176491E-02
   0.5115300E-03  0.4294460E-02
   0.3248895E-03  0.3421100E-02
   0.1818113E-03  0.2556384E-02
   0.8062228E-04  0.1699299E-02
   0.2017629E-04  0.8480233E-03
    0.000000       0.000000    
   0.2017629E-04 -0.8480233E-03
   0.8062228E-04 -0.1699299E-02
   0.1818113E-03 -0.2556384E-02
   0.3248895E-03 -0.3421100E-02
   0.5115300E-03 -0.4294460E-02
   0.7437604E-03 -0.5176491E-02
   0.1023716E-02 -0.6065948E-02
   0.1353143E-02 -0.6960191E-02
   0.1732400E-02 -0.7856675E-02
   0.2161116E-02 -0.8753233E-02
   0.2638634E-02 -0.9647837E-02
   0.3164104E-02 -0.1053867E-01
   0.3736599E-02 -0.1142418E-01
   0.4355264E-02 -0.1230319E-01
   0.5019696E-02 -0.1317550E-01
   0.5730276E-02 -0.1404281E-01
   0.6487362E-02 -0.1490714E-01
   0.7291023E-02 -0.1577051E-01
   0.8140853E-02 -0.1663488E-01
   0.9035738E-02 -0.1750217E-01
   0.9973620E-02 -0.1837410E-01
   0.1095366E-01 -0.1924983E-01
   0.1197791E-01 -0.2012506E-01
   0.1304902E-01 -0.2099494E-01
   0.1417014E-01 -0.2185431E-01
   0.1534516E-01 -0.2269779E-01
   0.1657898E-01 -0.2351971E-01
   0.1787772E-01 -0.2431442E-01
   0.1924623E-01 -0.2507921E-01
   0.2068818E-01 -0.2581342E-01
   0.2220763E-01 -0.2651626E-01
   0.2380919E-01 -0.2718669E-01
   0.2549801E-01 -0.2782339E-01
   0.2727990E-01 -0.2842478E-01
   0.2916261E-01 -0.2899263E-01
   0.3115613E-01 -0.2953429E-01
   0.3327065E-01 -0.3005992E-01
   0.3551520E-01 -0.3058324E-01
   0.3789535E-01 -0.3112265E-01
   0.4041088E-01 -0.3169723E-01
   0.4306176E-01 -0.3230405E-01
   0.4585006E-01 -0.3292988E-01
   0.4878203E-01 -0.3355813E-01
   0.5187350E-01 -0.3416899E-01
   0.5515535E-01 -0.3474723E-01
   0.5866596E-01 -0.3530028E-01
   0.6244353E-01 -0.3584319E-01
   0.6651569E-01 -0.3639634E-01
   0.7087751E-01 -0.3698061E-01
   0.7549120E-01 -0.3758661E-01
   0.8031551E-01 -0.3819032E-01
   0.8533058E-01 -0.3876656E-01
   0.9055668E-01 -0.3929976E-01
   0.9603119E-01 -0.3979372E-01
   0.1017837     -0.4025502E-01
   0.1078243     -0.4069076E-01
   0.1141379     -0.4110661E-01
   0.1206894     -0.4150887E-01
   0.1274229     -0.4190556E-01
   0.1342716     -0.4229362E-01
   0.1411868     -0.4265827E-01
   0.1481556     -0.4298584E-01
   0.1551998     -0.4327039E-01
   0.1623444     -0.4351881E-01
   0.1695961     -0.4373911E-01
   0.1769392     -0.4393829E-01
   0.1843444     -0.4411750E-01
   0.1917840     -0.4427626E-01
   0.1992346     -0.4441443E-01
   0.2066805     -0.4452992E-01
   0.2141191     -0.4461865E-01
   0.2215633     -0.4467657E-01
   0.2290406     -0.4470134E-01
   0.2365780     -0.4470042E-01
   0.2441830     -0.4468473E-01
   0.2518381     -0.4466576E-01
   0.2595041     -0.4464890E-01
   0.2671489     -0.4462647E-01
   0.2747655     -0.4458930E-01
   0.2823715     -0.4452852E-01
   0.2900014     -0.4444191E-01
   0.2976804     -0.4433486E-01
   0.3054148     -0.4421343E-01
   0.3131900     -0.4408397E-01
   0.3209772     -0.4394827E-01
   0.3287543     -0.4380403E-01
   0.3365122     -0.4364871E-01
   0.3442544     -0.4347970E-01
   0.3519922     -0.4329619E-01
   0.3597350     -0.4309871E-01
   0.3674882     -0.4288786E-01
   0.3752528     -0.4266430E-01
   0.3830266     -0.4242860E-01
   0.3908063     -0.4218116E-01
   0.3985878     -0.4192246E-01
   0.4063667     -0.4165296E-01
   0.4141389     -0.4137261E-01
   0.4219042     -0.4108066E-01
   0.4296673     -0.4077617E-01
   0.4374377     -0.4045798E-01
   0.4452278     -0.4012646E-01
   0.4530439     -0.3978470E-01
   0.4608812     -0.3943657E-01
   0.4687235     -0.3908649E-01
   0.4765450     -0.3873672E-01
   0.4843258     -0.3838315E-01
   0.4920619     -0.3802023E-01
   0.4997640     -0.3764192E-01
   0.5074563     -0.3724339E-01
   0.5151645     -0.3682796E-01
   0.5229023     -0.3640177E-01
   0.5306700     -0.3597183E-01
   0.5384539     -0.3554516E-01
   0.5462344     -0.3512130E-01
   0.5540003     -0.3469514E-01
   0.5617527     -0.3426089E-01
   0.5695041     -0.3381242E-01
   0.5772740     -0.3334783E-01
   0.5850757     -0.3286968E-01
   0.5929120     -0.3238133E-01
   0.6007745     -0.3188690E-01
   0.6086462     -0.3138889E-01
   0.6165132     -0.3088678E-01
   0.6243702     -0.3037935E-01
   0.6322203     -0.2986487E-01
   0.6400730     -0.2934232E-01
   0.6479351     -0.2881245E-01
   0.6558062     -0.2827662E-01
   0.6636789     -0.2773665E-01
   0.6715407     -0.2719320E-01
   0.6793835     -0.2664454E-01
   0.6872086     -0.2608817E-01
   0.6950257     -0.2552111E-01
   0.7028498     -0.2494228E-01
   0.7106910     -0.2435347E-01
   0.7185500     -0.2375732E-01
   0.7264183     -0.2315697E-01
   0.7342821     -0.2255345E-01
   0.7421326     -0.2194580E-01
   0.7499682     -0.2133251E-01
   0.7577938     -0.2071256E-01
   0.7656149     -0.2008885E-01
   0.7734320     -0.1946570E-01
   0.7812392     -0.1884773E-01
   0.7890272     -0.1823474E-01
   0.7967920     -0.1762033E-01
   0.8045379     -0.1699715E-01
   0.8122774     -0.1636002E-01
   0.8200240     -0.1571381E-01
   0.8277845     -0.1506636E-01
   0.8355583     -0.1442511E-01
   0.8433405     -0.1378848E-01
   0.8511296     -0.1314982E-01
   0.8589293     -0.1250257E-01
   0.8667446     -0.1184609E-01
   0.8745745     -0.1118396E-01
   0.8824101     -0.1052018E-01
   0.8902364     -0.9856793E-02
   0.8980374     -0.9194898E-02
   0.9057968     -0.8535642E-02
   0.9134984     -0.7880171E-02
   0.9211264     -0.7229555E-02
   0.9286611     -0.6584530E-02
   0.9360723     -0.5946443E-02
   0.9433216     -0.5317536E-02
   0.9503678     -0.4700557E-02
   0.9571714     -0.4096180E-02
   0.9636988     -0.3501656E-02
   0.9699257     -0.2914849E-02
   0.9758388     -0.2334730E-02
   0.9814328     -0.1770617E-02
   0.9867016     -0.1241262E-02
   0.9916405     -0.7603022E-03
   0.9962526     -0.3322491E-03
    1.000000       0.000000    
