WORTMANN FX L V-152 AIRFOIL
    1.000545      0.2002182E-03
   0.9939404      0.1154703E-02
   0.9862991      0.1780751E-02
   0.9786885      0.2298933E-02
   0.9710878      0.2814585E-02
   0.9634539      0.3499075E-02
   0.9557781      0.4212744E-02
   0.9480872      0.4864170E-02
   0.9403863      0.5440265E-02
   0.9326672      0.6063624E-02
   0.9249053      0.6831941E-02
   0.9170756      0.7690945E-02
   0.9091891      0.8566443E-02
   0.9012797      0.9465795E-02
   0.8933652      0.1042682E-01
   0.8854387      0.1144155E-01
   0.8774859      0.1244668E-01
   0.8694994      0.1338835E-01
   0.8614828      0.1429991E-01
   0.8534366      0.1524967E-01
   0.8453517      0.1628733E-01
   0.8372155      0.1739357E-01
   0.8290307      0.1853163E-01
   0.8208186      0.1967507E-01
   0.8126072      0.2083444E-01
   0.8044141      0.2202792E-01
   0.7962441      0.2326291E-01
   0.7880902      0.2450542E-01
   0.7799436      0.2571274E-01
   0.7717965      0.2685007E-01
   0.7636479      0.2794239E-01
   0.7554966      0.2904322E-01
   0.7473373      0.3020650E-01
   0.7391580      0.3145856E-01
   0.7309484      0.3278446E-01
   0.7227099      0.3416380E-01
   0.7144563      0.3557251E-01
   0.7062035      0.3698001E-01
   0.6979575      0.3835519E-01
   0.6897136      0.3966924E-01
   0.6814608      0.4091685E-01
   0.6731920      0.4213655E-01
   0.6649017      0.4337214E-01
   0.6565848      0.4466626E-01
   0.6482332      0.4602847E-01
   0.6398405      0.4743681E-01
   0.6314077      0.4886610E-01
   0.6229450      0.5029043E-01
   0.6144668      0.5169381E-01
   0.6059821      0.5306624E-01
   0.5974917      0.5439908E-01
   0.5889899      0.5568963E-01
   0.5804726      0.5695223E-01
   0.5719415      0.5820430E-01
   0.5634043      0.5946243E-01
   0.5548721      0.6073211E-01
   0.5463546      0.6199844E-01
   0.5378611      0.6324442E-01
   0.5293999      0.6445349E-01
   0.5209774      0.6560874E-01
   0.5125908      0.6669367E-01
   0.5042254      0.6769352E-01
   0.4958556      0.6859563E-01
   0.4874521      0.6940932E-01
   0.4790000      0.7016329E-01
   0.4705029      0.7088580E-01
   0.4619838      0.7160204E-01
   0.4534732      0.7230886E-01
   0.4449894      0.7298575E-01
   0.4365347      0.7361360E-01
   0.4280977      0.7417699E-01
   0.4196628      0.7467694E-01
   0.4112231      0.7512077E-01
   0.4027815      0.7551521E-01
   0.3943497      0.7586373E-01
   0.3859393      0.7615774E-01
   0.3775519      0.7638609E-01
   0.3691797      0.7653800E-01
   0.3608069      0.7660941E-01
   0.3524206      0.7661146E-01
   0.3440176      0.7655727E-01
   0.3356049      0.7645994E-01
   0.3271968      0.7632633E-01
   0.3188050      0.7615621E-01
   0.3104353      0.7594907E-01
   0.3020879      0.7570514E-01
   0.2937639      0.7543078E-01
   0.2854762      0.7513545E-01
   0.2772504      0.7482891E-01
   0.2691202      0.7450768E-01
   0.2611077      0.7414081E-01
   0.2532119      0.7369571E-01
   0.2454120      0.7314371E-01
   0.2376782      0.7249673E-01
   0.2299972      0.7179727E-01
   0.2223783      0.7108886E-01
   0.2148511      0.7040145E-01
   0.2074478      0.6970974E-01
   0.2001828      0.6897624E-01
   0.1930532      0.6816646E-01
   0.1860449      0.6727296E-01
   0.1791500      0.6632406E-01
   0.1723763      0.6535038E-01
   0.1657430      0.6437993E-01
   0.1592751      0.6342099E-01
   0.1529922      0.6247093E-01
   0.1469063      0.6152715E-01
   0.1410234      0.6058694E-01
   0.1353461      0.5964650E-01
   0.1298743      0.5870247E-01
   0.1246056      0.5775234E-01
   0.1195356      0.5679500E-01
   0.1146590      0.5583337E-01
   0.1099711      0.5487145E-01
   0.1054673      0.5391294E-01
   0.1011429      0.5296095E-01
   0.9699348E-01  0.5201502E-01
   0.9301360E-01  0.5107188E-01
   0.8919615E-01  0.5012873E-01
   0.8553310E-01  0.4918328E-01
   0.8201584E-01  0.4823410E-01
   0.7863453E-01  0.4728577E-01
   0.7538026E-01  0.4634607E-01
   0.7224617E-01  0.4542170E-01
   0.6922656E-01  0.4451830E-01
   0.6631638E-01  0.4364039E-01
   0.6351240E-01  0.4278736E-01
   0.6081358E-01  0.4195028E-01
   0.5821763E-01  0.4112065E-01
   0.5572116E-01  0.4029137E-01
   0.5332019E-01  0.3945653E-01
   0.5101033E-01  0.3861123E-01
   0.4878559E-01  0.3775499E-01
   0.4663804E-01  0.3689411E-01
   0.4456097E-01  0.3603481E-01
   0.4254883E-01  0.3518253E-01
   0.4059706E-01  0.3434203E-01
   0.3870175E-01  0.3351738E-01
   0.3685985E-01  0.3271149E-01
   0.3507260E-01  0.3192004E-01
   0.3334310E-01  0.3113473E-01
   0.3167339E-01  0.3034829E-01
   0.3006463E-01  0.2955445E-01
   0.2851729E-01  0.2874779E-01
   0.2703140E-01  0.2792363E-01
   0.2560613E-01  0.2707854E-01
   0.2423483E-01  0.2621758E-01
   0.2290785E-01  0.2535070E-01
   0.2161676E-01  0.2448684E-01
   0.2035425E-01  0.2363394E-01
   0.1911397E-01  0.2279907E-01
   0.1789040E-01  0.2198846E-01
   0.1668010E-01  0.2120611E-01
   0.1549031E-01  0.2044424E-01
   0.1433193E-01  0.1969068E-01
   0.1321429E-01  0.1893451E-01
   0.1214543E-01  0.1816597E-01
   0.1113225E-01  0.1737628E-01
   0.1018071E-01  0.1655758E-01
   0.9295872E-02  0.1570283E-01
   0.8475110E-02  0.1481232E-01
   0.7705919E-02  0.1389589E-01
   0.6976241E-02  0.1296333E-01
   0.6275156E-02  0.1202373E-01
   0.5592742E-02  0.1108549E-01
   0.4919981E-02  0.1015640E-01
   0.4248680E-02  0.9243665E-02
   0.3575736E-02  0.8351449E-02
   0.2917478E-02  0.7472566E-02
   0.2294019E-02  0.6597258E-02
   0.1723602E-02  0.5716466E-02
   0.1222803E-02  0.4821775E-02
   0.8062925E-03  0.3905554E-02
   0.4789012E-03  0.2964657E-02
   0.2374600E-03  0.1999671E-02
   0.7879722E-04  0.1011252E-02
   0.2969946E-04  0.5098738E-03
    0.000000       0.000000    
   0.8121312E-04 -0.1028068E-02
   0.2426582E-03 -0.2020958E-02
   0.4894705E-03 -0.2995753E-02
   0.8242271E-03 -0.3945869E-02
   0.1250108E-02 -0.4870747E-02
   0.1761421E-02 -0.5773961E-02
   0.2342813E-02 -0.6663488E-02
   0.2977043E-02 -0.7548077E-02
   0.3645115E-02 -0.8437152E-02
   0.4326081E-02 -0.9340861E-02
   0.5004882E-02 -0.1026557E-01
   0.5686149E-02 -0.1120613E-01
   0.6378448E-02 -0.1215502E-01
   0.7091216E-02 -0.1310412E-01
   0.7834846E-02 -0.1404462E-01
   0.8620795E-02 -0.1496703E-01
   0.9461732E-02 -0.1586109E-01
   0.1036979E-01 -0.1671742E-01
   0.1134514E-01 -0.1753816E-01
   0.1238229E-01 -0.1833082E-01
   0.1347486E-01 -0.1910374E-01
   0.1461550E-01 -0.1986619E-01
   0.1579562E-01 -0.2062853E-01
   0.1700519E-01 -0.2140237E-01
   0.1823283E-01 -0.2220030E-01
   0.1947433E-01 -0.2302672E-01
   0.2073444E-01 -0.2387620E-01
   0.2201910E-01 -0.2474204E-01
   0.2333517E-01 -0.2561669E-01
   0.2469052E-01 -0.2649161E-01
   0.2609427E-01 -0.2735722E-01
   0.2755630E-01 -0.2820361E-01
   0.2908088E-01 -0.2902939E-01
   0.3066828E-01 -0.2983891E-01
   0.3231834E-01 -0.3063728E-01
   0.3403032E-01 -0.3143040E-01
   0.3580271E-01 -0.3222515E-01
   0.3763298E-01 -0.3302947E-01
   0.3951793E-01 -0.3385152E-01
   0.4145857E-01 -0.3469182E-01
   0.4345862E-01 -0.3554655E-01
   0.4552237E-01 -0.3641120E-01
   0.4765496E-01 -0.3728054E-01
   0.4986264E-01 -0.3814858E-01
   0.5215306E-01 -0.3900846E-01
   0.5453388E-01 -0.3985625E-01
   0.5701009E-01 -0.4069570E-01
   0.5958605E-01 -0.4153240E-01
   0.6226561E-01 -0.4237306E-01
   0.6505175E-01 -0.4322577E-01
   0.6794597E-01 -0.4410009E-01
   0.7095012E-01 -0.4500142E-01
   0.7406899E-01 -0.4592625E-01
   0.7730814E-01 -0.4686927E-01
   0.8067409E-01 -0.4782399E-01
   0.8417509E-01 -0.4878278E-01
   0.8782134E-01 -0.4973854E-01
   0.9162217E-01 -0.5069112E-01
   0.9558610E-01 -0.5164270E-01
   0.9972085E-01 -0.5259599E-01
   0.1040327     -0.5355428E-01
   0.1085265     -0.5451962E-01
   0.1132069     -0.5548949E-01
   0.1180787     -0.5646020E-01
   0.1231465     -0.5742770E-01
   0.1284160     -0.5838821E-01
   0.1338919     -0.5934185E-01
   0.1395774     -0.6029097E-01
   0.1454732     -0.6123881E-01
   0.1515774     -0.6218933E-01
   0.1578849     -0.6314559E-01
   0.1643848     -0.6411025E-01
   0.1710586     -0.6508613E-01
   0.1778810     -0.6606904E-01
   0.1848301     -0.6703245E-01
   0.1918956     -0.6794482E-01
   0.1990825     -0.6877532E-01
   0.2064061     -0.6952350E-01
   0.2138715     -0.7022354E-01
   0.2214667     -0.7091381E-01
   0.2291601     -0.7162502E-01
   0.2369196     -0.7233209E-01
   0.2447330     -0.7299003E-01
   0.2526116     -0.7355452E-01
   0.2605859     -0.7400853E-01
   0.2686784     -0.7438030E-01
   0.2768918     -0.7470337E-01
   0.2852044     -0.7501025E-01
   0.2935815     -0.7530595E-01
   0.3019961     -0.7558046E-01
   0.3104348     -0.7582400E-01
   0.3188963     -0.7602996E-01
   0.3273803     -0.7619807E-01
   0.3358808     -0.7632888E-01
   0.3443855     -0.7642254E-01
   0.3528799     -0.7647161E-01
   0.3613570     -0.7646252E-01
   0.3698209     -0.7638172E-01
   0.3782854     -0.7621833E-01
   0.3867664     -0.7597772E-01
   0.3952712     -0.7567104E-01
   0.4037969     -0.7530990E-01
   0.4123311     -0.7490197E-01
   0.4208623     -0.7444270E-01
   0.4293890     -0.7392509E-01
   0.4379198     -0.7334160E-01
   0.4464712     -0.7269396E-01
   0.4550531     -0.7199943E-01
   0.4636600     -0.7127806E-01
   0.4722703     -0.7055037E-01
   0.4808518     -0.6981215E-01
   0.4893849     -0.6903564E-01
   0.4978702     -0.6819143E-01
   0.5063273     -0.6725148E-01
   0.5147873     -0.6621416E-01
   0.5232739     -0.6509366E-01
   0.5317991     -0.6390563E-01
   0.5403626     -0.6266753E-01
   0.5489568     -0.6139660E-01
   0.5575725     -0.6011008E-01
   0.5662004     -0.5882564E-01
   0.5748297     -0.5755405E-01
   0.5834495     -0.5628311E-01
   0.5920539     -0.5499533E-01
   0.6006432     -0.5367259E-01
   0.6092234     -0.5230583E-01
   0.6177984     -0.5090181E-01
   0.6263641     -0.4946997E-01
   0.6349083     -0.4802187E-01
   0.6434165     -0.4657917E-01
   0.6518823     -0.4516907E-01
   0.6603080     -0.4381660E-01
   0.6687025     -0.4253625E-01
   0.6770723     -0.4129670E-01
   0.6854226     -0.4005246E-01
   0.6937595     -0.3875857E-01
   0.7020926     -0.3739287E-01
   0.7104315     -0.3597907E-01
   0.7187757     -0.3454823E-01
   0.7271129     -0.3313306E-01
   0.7354258     -0.3176172E-01
   0.7437067     -0.3045668E-01
   0.7519613     -0.2923745E-01
   0.7602031     -0.2810079E-01
   0.7684403     -0.2699632E-01
   0.7766759     -0.2586833E-01
   0.7849094     -0.2467063E-01
   0.7931467     -0.2342014E-01
   0.8013967     -0.2216069E-01
   0.8096681     -0.2093446E-01
   0.8179614     -0.1974937E-01
   0.8262625     -0.1858693E-01
   0.8345454     -0.1743087E-01
   0.8427833     -0.1629517E-01
   0.8509671     -0.1521814E-01
   0.8591059     -0.1423058E-01
   0.8672121     -0.1330244E-01
   0.8752876     -0.1236337E-01
   0.8833277     -0.1135953E-01
   0.8913365     -0.1032778E-01
   0.8993275     -0.9336329E-02
   0.9073118     -0.8413674E-02
   0.9152772     -0.7524862E-02
   0.9231897     -0.6646914E-02
   0.9310293     -0.5842171E-02
   0.9388153     -0.5182924E-02
   0.9465757     -0.4601686E-02
   0.9543201     -0.3961736E-02
   0.9620455     -0.3247247E-02
   0.9697274     -0.2537567E-02
   0.9773666     -0.1991252E-02
   0.9850029     -0.1481978E-02
   0.9926937     -0.8788298E-03
   0.9994547     -0.2002182E-03
