AG09
   0.9999920      0.9764996E-03
   0.9969274      0.1222349E-02
   0.9925687      0.1570951E-02
   0.9873649      0.1985484E-02
   0.9816627      0.2437553E-02
   0.9756448      0.2912843E-02
   0.9694214      0.3403618E-02
   0.9631125      0.3899926E-02
   0.9567795      0.4395316E-02
   0.9504268      0.4889584E-02
   0.9440588      0.5383604E-02
   0.9376867      0.5876758E-02
   0.9313167      0.6368261E-02
   0.9249485      0.6857693E-02
   0.9185799      0.7344811E-02
   0.9122090      0.7829981E-02
   0.9058366      0.8313632E-02
   0.8994648      0.8795548E-02
   0.8930945      0.9275373E-02
   0.8867245      0.9753067E-02
   0.8803521      0.1022887E-01
   0.8739759      0.1070345E-01
   0.8676003      0.1117712E-01
   0.8612303      0.1164874E-01
   0.8548633      0.1211733E-01
   0.8484936      0.1258351E-01
   0.8421203      0.1304799E-01
   0.8357457      0.1351094E-01
   0.8293710      0.1397240E-01
   0.8229968      0.1443222E-01
   0.8166238      0.1489016E-01
   0.8102518      0.1534599E-01
   0.8038776      0.1579988E-01
   0.7974993      0.1625307E-01
   0.7911193      0.1670645E-01
   0.7847413      0.1715922E-01
   0.7783672      0.1761034E-01
   0.7719959      0.1805921E-01
   0.7656235      0.1850595E-01
   0.7592487      0.1895214E-01
   0.7528764      0.1939855E-01
   0.7465098      0.1984309E-01
   0.7401435      0.2028431E-01
   0.7337720      0.2072327E-01
   0.7273977      0.2116066E-01
   0.7210254      0.2159596E-01
   0.7146563      0.2202864E-01
   0.7082886      0.2245837E-01
   0.7019186      0.2288527E-01
   0.6955451      0.2331016E-01
   0.6891722      0.2373321E-01
   0.6828034      0.2415346E-01
   0.6764373      0.2457029E-01
   0.6700701      0.2498398E-01
   0.6636981      0.2539510E-01
   0.6573233      0.2580442E-01
   0.6509550      0.2621146E-01
   0.6445962      0.2661392E-01
   0.6382376      0.2701118E-01
   0.6318711      0.2740501E-01
   0.6254976      0.2779666E-01
   0.6191236      0.2818629E-01
   0.6127573      0.2857311E-01
   0.6063987      0.2895520E-01
   0.6000374      0.2933235E-01
   0.5936691      0.2970637E-01
   0.5873014      0.3007759E-01
   0.5809392      0.3044463E-01
   0.5745785      0.3080705E-01
   0.5682152      0.3116540E-01
   0.5618503      0.3151996E-01
   0.5554861      0.3187069E-01
   0.5491249      0.3221719E-01
   0.5427670      0.3255871E-01
   0.5364102      0.3289493E-01
   0.5300513      0.3322616E-01
   0.5236876      0.3355300E-01
   0.5173221      0.3387616E-01
   0.5109621      0.3419510E-01
   0.5046075      0.3450831E-01
   0.4982507      0.3481577E-01
   0.4918908      0.3511849E-01
   0.4855351      0.3541609E-01
   0.4791820      0.3570740E-01
   0.4728223      0.3599313E-01
   0.4664568      0.3627507E-01
   0.4600966      0.3655272E-01
   0.4537443      0.3682411E-01
   0.4473926      0.3708893E-01
   0.4410372      0.3734788E-01
   0.4346794      0.3760131E-01
   0.4283223      0.3784933E-01
   0.4219682      0.3809155E-01
   0.4156148      0.3832746E-01
   0.4092583      0.3855740E-01
   0.4029025      0.3878193E-01
   0.3965542      0.3900000E-01
   0.3902093      0.3921018E-01
   0.3838588      0.3941317E-01
   0.3775059      0.3961031E-01
   0.3711598      0.3980066E-01
   0.3648189      0.3998267E-01
   0.3584756      0.4015661E-01
   0.3521313      0.4032318E-01
   0.3457913      0.4048177E-01
   0.3394536      0.4063158E-01
   0.3331144      0.4077290E-01
   0.3267772      0.4090601E-01
   0.3204471      0.4102982E-01
   0.3141207      0.4114318E-01
   0.3077933      0.4124634E-01
   0.3014669      0.4133963E-01
   0.2951459      0.4142232E-01
   0.2888310      0.4149348E-01
   0.2825208      0.4155237E-01
   0.2762132      0.4159841E-01
   0.2699074      0.4163145E-01
   0.2636050      0.4165131E-01
   0.2573072      0.4165738E-01
   0.2510133      0.4164906E-01
   0.2447239      0.4162593E-01
   0.2384428      0.4158732E-01
   0.2321714      0.4153168E-01
   0.2259052      0.4145779E-01
   0.2196416      0.4136560E-01
   0.2133831      0.4125490E-01
   0.2071332      0.4112479E-01
   0.2008934      0.4097417E-01
   0.1946640      0.4080168E-01
   0.1884445      0.4060608E-01
   0.1822349      0.4038629E-01
   0.1760359      0.4014120E-01
   0.1698488      0.3986960E-01
   0.1636750      0.3957020E-01
   0.1575148      0.3924155E-01
   0.1513684      0.3888221E-01
   0.1452392      0.3849099E-01
   0.1391340      0.3806615E-01
   0.1330539      0.3760452E-01
   0.1269935      0.3710329E-01
   0.1209527      0.3656128E-01
   0.1149394      0.3597712E-01
   0.1089582      0.3534793E-01
   0.1030084      0.3467066E-01
   0.9709271E-01  0.3394305E-01
   0.9121817E-01  0.3316271E-01
   0.8539039E-01  0.3232629E-01
   0.7961236E-01  0.3143020E-01
   0.7388924E-01  0.3047134E-01
   0.6822944E-01  0.2944668E-01
   0.6264287E-01  0.2835314E-01
   0.5714084E-01  0.2718765E-01
   0.5173691E-01  0.2594769E-01
   0.4644950E-01  0.2463204E-01
   0.4130621E-01  0.2324282E-01
   0.3634597E-01  0.2178551E-01
   0.3161860E-01  0.2027207E-01
   0.2718612E-01  0.1872214E-01
   0.2311516E-01  0.1716561E-01
   0.1946751E-01  0.1563887E-01
   0.1627702E-01  0.1417793E-01
   0.1354089E-01  0.1280778E-01
   0.1122106E-01  0.1153992E-01
   0.9263448E-02  0.1037458E-01
   0.7610103E-02  0.9303616E-02
   0.6207774E-02  0.8314968E-02
   0.5012275E-02  0.7395774E-02
   0.3988327E-02  0.6534554E-02
   0.3109234E-02  0.5720507E-02
   0.2354035E-02  0.4944055E-02
   0.1709504E-02  0.4196172E-02
   0.1167506E-02  0.3469457E-02
   0.7288868E-03  0.2754238E-02
   0.3943911E-03  0.2043285E-02
   0.1665061E-03  0.1340802E-02
   0.3955974E-04  0.6546687E-03
   0.3008020E-07 -0.1789921E-04
   0.4570419E-04 -0.6886094E-03
   0.1841853E-03 -0.1365239E-02
   0.4237384E-03 -0.2046131E-02
   0.7697697E-03 -0.2720166E-02
   0.1223693E-02 -0.3376065E-02
   0.1787617E-02 -0.4008023E-02
   0.2463480E-02 -0.4612712E-02
   0.3255271E-02 -0.5191925E-02
   0.4167433E-02 -0.5753100E-02
   0.5211562E-02 -0.6302272E-02
   0.6407144E-02 -0.6845529E-02
   0.7781086E-02 -0.7387768E-02
   0.9370223E-02 -0.7932454E-02
   0.1122283E-01 -0.8482917E-02
   0.1339886E-01 -0.9040983E-02
   0.1596321E-01 -0.9603931E-02
   0.1897874E-01 -0.1016043E-01
   0.2249467E-01 -0.1069369E-01
   0.2652349E-01 -0.1118225E-01
   0.3103844E-01 -0.1160675E-01
   0.3596657E-01 -0.1195472E-01
   0.4121727E-01 -0.1221951E-01
   0.4670684E-01 -0.1240113E-01
   0.5238032E-01 -0.1250474E-01
   0.5820278E-01 -0.1253899E-01
   0.6414838E-01 -0.1251436E-01
   0.7018098E-01 -0.1244192E-01
   0.7627215E-01 -0.1232732E-01
   0.8242398E-01 -0.1217546E-01
   0.8864058E-01 -0.1199506E-01
   0.9489885E-01 -0.1179472E-01
   0.1011754     -0.1157717E-01
   0.1074692     -0.1134397E-01
   0.1137852     -0.1109762E-01
   0.1201223     -0.1084097E-01
   0.1264777     -0.1057688E-01
   0.1328491     -0.1030827E-01
   0.1392328     -0.1003813E-01
   0.1456233     -0.9768270E-02
   0.1520156     -0.9498660E-02
   0.1584063     -0.9229530E-02
   0.1647928     -0.8961585E-02
   0.1711739     -0.8695659E-02
   0.1775508     -0.8432616E-02
   0.1839262     -0.8172741E-02
   0.1903006     -0.7915918E-02
   0.1966715     -0.7662560E-02
   0.2030376     -0.7413465E-02
   0.2093996     -0.7169249E-02
   0.2157590     -0.6930370E-02
   0.2221172     -0.6697067E-02
   0.2284735     -0.6469450E-02
   0.2348261     -0.6248011E-02
   0.2411761     -0.6033447E-02
   0.2475277     -0.5825718E-02
   0.2538820     -0.5624215E-02
   0.2602370     -0.5428771E-02
   0.2665914     -0.5239583E-02
   0.2729460     -0.5056673E-02
   0.2793023     -0.4879899E-02
   0.2856612     -0.4708976E-02
   0.2920221     -0.4543482E-02
   0.2983827     -0.4383343E-02
   0.3047428     -0.4228854E-02
   0.3111046     -0.4079955E-02
   0.3174689     -0.3936155E-02
   0.3238344     -0.3797204E-02
   0.3301995     -0.3663200E-02
   0.3365643     -0.3534220E-02
   0.3429296     -0.3410287E-02
   0.3492967     -0.3291276E-02
   0.3556657     -0.3176821E-02
   0.3620351     -0.3066731E-02
   0.3684041     -0.2961148E-02
   0.3747737     -0.2860112E-02
   0.3811443     -0.2763458E-02
   0.3875156     -0.2671072E-02
   0.3938875     -0.2582955E-02
   0.4002610     -0.2498980E-02
   0.4066370     -0.2418783E-02
   0.4130154     -0.2342005E-02
   0.4193957     -0.2268337E-02
   0.4257775     -0.2197539E-02
   0.4321600     -0.2129493E-02
   0.4385422     -0.2064189E-02
   0.4449244     -0.2001760E-02
   0.4513082     -0.1942125E-02
   0.4576942     -0.1884859E-02
   0.4640806     -0.1829749E-02
   0.4704666     -0.1776921E-02
   0.4768523     -0.1726452E-02
   0.4832384     -0.1678335E-02
   0.4896253     -0.1632499E-02
   0.4960132     -0.1588797E-02
   0.5024022     -0.1547070E-02
   0.5087919     -0.1507161E-02
   0.5151819     -0.1469005E-02
   0.5215717     -0.1432633E-02
   0.5279614     -0.1398084E-02
   0.5343513     -0.1365389E-02
   0.5407420     -0.1334465E-02
   0.5471337     -0.1305123E-02
   0.5535258     -0.1277265E-02
   0.5599174     -0.1250881E-02
   0.5663079     -0.1226118E-02
   0.5726978     -0.1203220E-02
   0.5790887     -0.1182130E-02
   0.5854806     -0.1162587E-02
   0.5918726     -0.1144528E-02
   0.5982643     -0.1128019E-02
   0.6046558     -0.1113084E-02
   0.6110476     -0.1099717E-02
   0.6174398     -0.1087866E-02
   0.6238315     -0.1077481E-02
   0.6302220     -0.1068753E-02
   0.6366124     -0.1061942E-02
   0.6430046     -0.1056851E-02
   0.6493992     -0.1053084E-02
   0.6557955     -0.1050363E-02
   0.6621933     -0.1048460E-02
   0.6685927     -0.1047134E-02
   0.6749929     -0.1046131E-02
   0.6813931     -0.1045101E-02
   0.6877938     -0.1043730E-02
   0.6941954     -0.1042099E-02
   0.7005971     -0.1040439E-02
   0.7069978     -0.1039007E-02
   0.7133975     -0.1037968E-02
   0.7197971     -0.1036959E-02
   0.7261977     -0.1035573E-02
   0.7325994     -0.1033922E-02
   0.7390010     -0.1032266E-02
   0.7454017     -0.1030864E-02
   0.7518013     -0.1029845E-02
   0.7582011     -0.1028817E-02
   0.7646017     -0.1027403E-02
   0.7710034     -0.1025743E-02
   0.7774051     -0.1024097E-02
   0.7838056     -0.1022724E-02
   0.7902053     -0.1021721E-02
   0.7966050     -0.1020673E-02
   0.8030057     -0.1019232E-02
   0.8094075     -0.1017564E-02
   0.8158090     -0.1015927E-02
   0.8222093     -0.1014588E-02
   0.8286088     -0.1013608E-02
   0.8350083     -0.1012523E-02
   0.8414084     -0.1011030E-02
   0.8478095     -0.1009417E-02
   0.8542110     -0.1007906E-02
   0.8606124     -0.1006358E-02
   0.8670132     -0.1004750E-02
   0.8734130     -0.1003413E-02
   0.8798124     -0.1002438E-02
   0.8862121     -0.1001349E-02
   0.8926130     -0.9998605E-03
   0.8990147     -0.9981817E-03
   0.9054161     -0.9965763E-03
   0.9118163     -0.9952974E-03
   0.9182159     -0.9943305E-03
   0.9246156     -0.9932106E-03
   0.9310158     -0.9917033E-03
   0.9374163     -0.9900189E-03
   0.9438154     -0.9884215E-03
   0.9502091     -0.9871882E-03
   0.9565918     -0.9862457E-03
   0.9629591     -0.9850277E-03
   0.9692981     -0.9834304E-03
   0.9755446     -0.9820154E-03
   0.9815880     -0.9810011E-03
   0.9873225     -0.9801472E-03
   0.9925559     -0.9791358E-03
   0.9969330     -0.9777977E-03
    1.000008     -0.9764996E-03
