AH 93-W-480B
   0.9989878      0.1169729
   0.9988647      0.1173775 
   0.9987201      0.1178478   
   0.9982705      0.1192760
   0.9974884      0.1216377 
   0.9963489      0.1247997   
   0.9948528      0.1284490    
   0.9933545      0.1315321    
   0.9922190      0.1334175    
   0.9913368      0.1347037    
   0.9905317      0.1361567    
   0.9896443      0.1375207    
   0.9886475      0.1387517    
   0.9875751      0.1399058    
   0.9864635      0.1410454    
   0.9853452      0.1422274    
   0.9842209      0.1434562    
   0.9830808      0.1447184    
   0.9819143      0.1459992    
   0.9807101      0.1472823    
   0.9794632      0.1485617    
   0.9781740      0.1498402    
   0.9768431      0.1511208    
   0.9754717      0.1524069    
   0.9740606      0.1537014    
   0.9726076      0.1550016    
   0.9711090      0.1563032    
   0.9695604      0.1576011    
   0.9679567      0.1588903    
   0.9662927      0.1601659    
   0.9645646      0.1614245    
   0.9627693      0.1626635    
   0.9609030      0.1638799    
   0.9589616      0.1650702    
   0.9569400      0.1662311    
   0.9548341      0.1673620    
   0.9526405      0.1684654    
   0.9503555      0.1695443    
   0.9479753      0.1706020    
   0.9454963      0.1716423    
   0.9429143      0.1726703    
   0.9402237      0.1736934    
   0.9374185      0.1747211    
   0.9344928      0.1757651    
   0.9314417      0.1768395    
   0.9282614      0.1779610    
   0.9249463      0.1791388    
   0.9214871      0.1803735    
   0.9178737      0.1816648    
   0.9140943      0.1830115    
   0.9101354      0.1844124    
   0.9059833      0.1858693    
   0.9016240      0.1873862    
   0.8970437      0.1889671    
   0.8922287      0.1906157    
   0.8871659      0.1923344    
   0.8818421      0.1941244    
   0.8762439      0.1959864    
   0.8703571      0.1979210    
   0.8641682      0.1999297    
   0.8576669      0.2020135    
   0.8508477      0.2041720    
   0.8437093      0.2064012    
   0.8362531      0.2086940    
   0.8284806      0.2110425    
   0.8203938      0.2134411    
   0.8120013      0.2158849    
   0.8033207      0.2183668    
   0.7943764      0.2208749    
   0.7851920      0.2233952    
   0.7757864      0.2259157    
   0.7661769      0.2284281    
   0.7563846      0.2309247    
   0.7464343      0.2333967    
   0.7363500      0.2358343    
   0.7261504      0.2382290    
   0.7158498      0.2405750    
   0.7054620      0.2428682    
   0.6950026      0.2451047    
   0.6844878      0.2472801    
   0.6739323      0.2493897    
   0.6633485      0.2514299    
   0.6527472      0.2533974    
   0.6421372      0.2552894    
   0.6315259      0.2571036    
   0.6209203      0.2588385    
   0.6103280      0.2604926    
   0.5997584      0.2620647    
   0.5892204      0.2635527    
   0.5787214      0.2649545    
   0.5682658      0.2662686    
   0.5578570      0.2674942    
   0.5474995      0.2686311    
   0.5372010      0.2696792    
   0.5269713      0.2706377    
   0.5168195      0.2715042    
   0.5067513      0.2722763    
   0.4967691      0.2729518    
   0.4868724      0.2735298    
   0.4770609      0.2740098    
   0.4673344      0.2743916    
   0.4576932      0.2746750    
   0.4481382      0.2748598    
   0.4386704      0.2749461    
   0.4292908      0.2749338    
   0.4200003      0.2748232    
   0.4108000      0.2746142    
   0.4016906      0.2743068    
   0.3926722      0.2739009    
   0.3837446      0.2733964    
   0.3749070      0.2727933    
   0.3661587      0.2720920    
   0.3574993      0.2712929    
   0.3489285      0.2703966    
   0.3404462      0.2694036    
   0.3320525      0.2683143    
   0.3237478      0.2671296    
   0.3155324      0.2658500    
   0.3074067      0.2644762    
   0.2993710      0.2630090    
   0.2914256      0.2614491    
   0.2835712      0.2597973    
   0.2758081      0.2580546    
   0.2681366      0.2562215    
   0.2605570      0.2542991    
   0.2530694      0.2522883    
   0.2456744      0.2501906    
   0.2383728      0.2480073    
   0.2311654      0.2457400    
   0.2240531      0.2433901    
   0.2170372      0.2409596    
   0.2101191      0.2384503    
   0.2033006      0.2358644    
   0.1965835      0.2332043    
   0.1899699      0.2304723    
   0.1834620      0.2276708    
   0.1770620      0.2248018    
   0.1707719      0.2218673    
   0.1645932      0.2188696    
   0.1585272      0.2158107    
   0.1525755      0.2126923    
   0.1467395      0.2095162    
   0.1410202      0.2062840    
   0.1354182      0.2029971    
   0.1299339      0.1996573    
   0.1245679      0.1962659    
   0.1193200      0.1928242    
   0.1141895      0.1893331    
   0.1091755      0.1857934    
   0.1042763      0.1822069    
   0.9949036E-01  0.1785769    
   0.9481713E-01  0.1749070    
   0.9025654E-01  0.1712015    
   0.8580914E-01  0.1674647    
   0.8147602E-01  0.1637010    
   0.7725823E-01  0.1599147    
   0.7315673E-01  0.1561101    
   0.6917256E-01  0.1522915    
   0.6530760E-01  0.1484619    
   0.6156320E-01  0.1446234    
   0.5793990E-01  0.1407778    
   0.5443760E-01  0.1369263    
   0.5105620E-01  0.1330702    
   0.4779539E-01  0.1292105    
   0.4465455E-01  0.1253481    
   0.4163289E-01  0.1214839    
   0.3872993E-01  0.1176186    
   0.3594506E-01  0.1137523    
   0.3327735E-01  0.1098853    
   0.3072563E-01  0.1060174    
   0.2828864E-01  0.1021489    
   0.2596514E-01  0.9828011E-01
   0.2375387E-01  0.9441131E-01
   0.2165374E-01  0.9054288E-01
   0.1966383E-01  0.8667522E-01
   0.1778316E-01  0.8280848E-01
   0.1601064E-01  0.7894262E-01
   0.1434457E-01  0.7507812E-01
   0.1278308E-01  0.7121588E-01
   0.1132458E-01  0.6735699E-01
   0.9968087E-02  0.6350254E-01
   0.8713180E-02  0.5965338E-01
   0.7559430E-02  0.5581009E-01
   0.6505770E-02  0.5197331E-01
   0.5550323E-02  0.4814408E-01
   0.4691192E-02  0.4432342E-01
   0.3924310E-02  0.4051285E-01
   0.3243744E-02  0.3671501E-01
   0.2643837E-02  0.3293338E-01
   0.2119093E-02  0.2917155E-01
   0.1663877E-02  0.2543322E-01
   0.1268099E-02  0.2172267E-01
   0.9184390E-03  0.1804546E-01
   0.6122643E-03  0.1440741E-01
   0.3596245E-03  0.1081539E-01
   0.1693388E-03  0.7277206E-02
   0.4774397E-04  0.3792428E-02
   0.4210669E-06  0.3498195E-03
   0.3315774E-04 -0.3070890E-02
   0.1457092E-03 -0.6492266E-02
   0.3322833E-03 -0.9923311E-02
   0.6114686E-03 -0.1335710E-01
   0.9817473E-03 -0.1679230E-01
   0.1428310E-02 -0.2022776E-01
   0.1958015E-02 -0.2366034E-01
   0.2577229E-02 -0.2708784E-01
   0.3284133E-02 -0.3050988E-01
   0.4077711E-02 -0.3392401E-01
   0.4967595E-02 -0.3732604E-01
   0.5960477E-02 -0.4071524E-01
   0.7052148E-02 -0.4409345E-01
   0.8238217E-02 -0.4746042E-01
   0.9520415E-02 -0.5081370E-01
   0.1090232E-01 -0.5415143E-01
   0.1238557E-01 -0.5747341E-01
   0.1396992E-01 -0.6078000E-01
   0.1565499E-01 -0.6407124E-01
   0.1743996E-01 -0.6734759E-01
   0.1932367E-01 -0.7060935E-01
   0.2130499E-01 -0.7385624E-01
   0.2338459E-01 -0.7708693E-01
   0.2556412E-01 -0.8029997E-01
   0.2784557E-01 -0.8349426E-01
   0.3023008E-01 -0.8666990E-01
   0.3271786E-01 -0.8982753E-01
   0.3530871E-01 -0.9296736E-01
   0.3800244E-01 -0.9608906E-01
   0.4079965E-01 -0.9919181E-01
   0.4370109E-01 -0.1022747    
   0.4670746E-01 -0.1053367    
   0.4981967E-01 -0.1083767    
   0.5303904E-01 -0.1113935    
   0.5636693E-01 -0.1143858    
   0.5980471E-01 -0.1173523    
   0.6335380E-01 -0.1202919    
   0.6701564E-01 -0.1232037    
   0.7079144E-01 -0.1260866    
   0.7468216E-01 -0.1289396    
   0.7868878E-01 -0.1317611    
   0.8281275E-01 -0.1345495    
   0.8705565E-01 -0.1373028    
   0.9141909E-01 -0.1400194    
   0.9590481E-01 -0.1426976    
   0.1005149     -0.1453357    
   0.1052514     -0.1479325    
   0.1101164     -0.1504862    
   0.1151119     -0.1529954    
   0.1202401     -0.1554586    
   0.1255034     -0.1578742    
   0.1309045     -0.1602411    
   0.1364461     -0.1625578    
   0.1421312     -0.1648233    
   0.1479630     -0.1670368    
   0.1539444     -0.1691978    
   0.1600775     -0.1713055    
   0.1663635     -0.1733591    
   0.1728035     -0.1753569    
   0.1793991     -0.1772967    
   0.1861518     -0.1791766    
   0.1930640     -0.1809946    
   0.2001382     -0.1827494    
   0.2073774     -0.1844398    
   0.2147837     -0.1860648    
   0.2223586     -0.1876232    
   0.2301026     -0.1891140    
   0.2380167     -0.1905351    
   0.2461019     -0.1918850    
   0.2543600     -0.1931623    
   0.2627933     -0.1943660    
   0.2714041     -0.1954956    
   0.2801940     -0.1965509    
   0.2891638     -0.1975316    
   0.2983139     -0.1984377    
   0.3076436     -0.1992690    
   0.3171518     -0.2000257    
   0.3268361     -0.2007082    
   0.3366940     -0.2013162    
   0.3467225     -0.2018501    
   0.3569180     -0.2023104    
   0.3672765     -0.2026976    
   0.3777925     -0.2030125    
   0.3884591     -0.2032562    
   0.3992687     -0.2034292    
   0.4102142     -0.2035322    
   0.4212891     -0.2035661    
   0.4324858     -0.2035319    
   0.4437933     -0.2034309    
   0.4551978     -0.2032639    
   0.4666891     -0.2030288    
   0.4782674     -0.2027230    
   0.4899412     -0.2023467    
   0.5017135     -0.2019041    
   0.5135741     -0.2014004    
   0.5255062     -0.2008366    
   0.5375010     -0.2002109    
   0.5495615     -0.1995217    
   0.5616931     -0.1987707    
   0.5738942     -0.1979609    
   0.5861577     -0.1970942    
   0.5984780     -0.1961721    
   0.6108530     -0.1951957    
   0.6232792     -0.1941674    
   0.6357482     -0.1930900    
   0.6482489     -0.1919649    
   0.6607753     -0.1907919    
   0.6733258     -0.1895722    
   0.6858946     -0.1883095    
   0.6984670     -0.1870080    
   0.7110255     -0.1856701    
   0.7235550     -0.1842982    
   0.7360396     -0.1828955    
   0.7484584     -0.1814670    
   0.7607850     -0.1800187    
   0.7729872     -0.1785577    
   0.7850270     -0.1770916    
   0.7968600     -0.1756283    
   0.8084402     -0.1741746    
   0.8197276     -0.1727355    
   0.8306883     -0.1713182    
   0.8412822     -0.1699347    
   0.8514664     -0.1685944    
   0.8612098     -0.1673005    
   0.8704987     -0.1660556    
   0.8793263     -0.1648662    
   0.8876885     -0.1637377    
   0.8955870     -0.1626677    
   0.9030314     -0.1616496    
   0.9100401     -0.1606823    
   0.9166443     -0.1597745    
   0.9228829     -0.1589323    
   0.9287929     -0.1581512    
   0.9343928     -0.1574182    
   0.9396869     -0.1567236    
   0.9446744     -0.1560348    
   0.9493683     -0.1552745    
   0.9538042     -0.1543779    
   0.9580244     -0.1532957    
   0.9620568     -0.1520038    
   0.9659205     -0.1504822    
   0.9696332     -0.1487078    
   0.9732257     -0.1466892    
   0.9767265     -0.1444536    
   0.9801533     -0.1420222    
   0.9835203     -0.1393993    
   0.9868443     -0.1365803    
   0.9901396     -0.1335554    
   0.9933951     -0.1303138    
   0.9967348     -0.1268563    
   0.9989772     -0.1223964    
    1.001012     -0.1169519    
