Apex 16 (normalized using XFOIL date021206)
    1.000000      0.1270549E-19
   0.9968511      0.9456785E-03
   0.9931102      0.2062652E-02
   0.9892453      0.3209177E-02
   0.9852491      0.4386714E-02
   0.9811139      0.5596743E-02
   0.9768316      0.6840733E-02
   0.9723939      0.8120108E-02
   0.9677928      0.9436183E-02
   0.9630201      0.1079010E-01
   0.9580686      0.1218271E-01
   0.9529318      0.1361447E-01
   0.9476051      0.1508529E-01
   0.9420861      0.1659431E-01
   0.9363757      0.1813975E-01
   0.9304789      0.1971867E-01
   0.9244060      0.2132677E-01
   0.9181732      0.2295831E-01
   0.9118031      0.2460602E-01
   0.9053242      0.2626124E-01
   0.8987671      0.2791473E-01
   0.8921612      0.2955786E-01
   0.8855327      0.3118315E-01
   0.8789032      0.3278459E-01
   0.8722890      0.3435773E-01
   0.8657006      0.3589973E-01
   0.8591430      0.3740920E-01
   0.8526159      0.3888598E-01
   0.8461143      0.4033103E-01
   0.8396287      0.4174643E-01
   0.8331490      0.4313544E-01
   0.8266663      0.4450105E-01
   0.8201737      0.4584580E-01
   0.8136654      0.4717182E-01
   0.8071373      0.4848089E-01
   0.8005870      0.4977440E-01
   0.7940135      0.5105347E-01
   0.7874175      0.5231887E-01
   0.7808016      0.5357107E-01
   0.7741698      0.5481017E-01
   0.7675275      0.5603505E-01
   0.7608794      0.5724404E-01
   0.7542296      0.5843559E-01
   0.7475819      0.5960833E-01
   0.7409389      0.6076103E-01
   0.7343031      0.6189261E-01
   0.7276758      0.6300216E-01
   0.7210582      0.6408886E-01
   0.7144504      0.6515205E-01
   0.7078522      0.6619117E-01
   0.7012627      0.6720581E-01
   0.6946810      0.6819569E-01
   0.6881058      0.6916056E-01
   0.6815358      0.7010018E-01
   0.6749692      0.7101433E-01
   0.6684045      0.7190277E-01
   0.6618395      0.7276528E-01
   0.6552722      0.7360164E-01
   0.6487001      0.7441159E-01
   0.6421207      0.7519488E-01
   0.6355312      0.7595150E-01
   0.6289292      0.7668251E-01
   0.6223128      0.7738914E-01
   0.6156811      0.7807256E-01
   0.6090334      0.7873382E-01
   0.6023702      0.7937394E-01
   0.5956925      0.7999389E-01
   0.5890020      0.8059458E-01
   0.5823014      0.8117689E-01
   0.5755939      0.8174168E-01
   0.5688838      0.8228964E-01
   0.5621753      0.8282010E-01
   0.5554720      0.8333163E-01
   0.5487767      0.8382294E-01
   0.5420915      0.8429281E-01
   0.5354176      0.8474010E-01
   0.5287555      0.8516377E-01
   0.5221050      0.8556283E-01
   0.5154650      0.8593634E-01
   0.5088340      0.8628340E-01
   0.5022095      0.8660313E-01
   0.4955887      0.8689528E-01
   0.4889691      0.8716025E-01
   0.4823485      0.8739845E-01
   0.4757251      0.8761024E-01
   0.4690975      0.8779592E-01
   0.4624648      0.8795578E-01
   0.4558265      0.8809008E-01
   0.4491822      0.8819905E-01
   0.4425323      0.8828293E-01
   0.4358774      0.8834196E-01
   0.4292185      0.8837631E-01
   0.4225567      0.8838600E-01
   0.4158932      0.8837097E-01
   0.4092289      0.8833121E-01
   0.4025646      0.8826670E-01
   0.3959011      0.8817743E-01
   0.3892390      0.8806343E-01
   0.3825790      0.8792469E-01
   0.3759214      0.8776123E-01
   0.3692666      0.8757308E-01
   0.3626149      0.8736023E-01
   0.3559664      0.8712246E-01
   0.3493215      0.8685948E-01
   0.3426804      0.8657099E-01
   0.3360433      0.8625669E-01
   0.3294105      0.8591629E-01
   0.3227824      0.8554951E-01
   0.3161593      0.8515605E-01
   0.3095414      0.8473566E-01
   0.3029292      0.8428804E-01
   0.2963230      0.8381294E-01
   0.2897232      0.8330994E-01
   0.2831304      0.8277847E-01
   0.2765450      0.8221794E-01
   0.2699676      0.8162781E-01
   0.2633987      0.8100753E-01
   0.2568390      0.8035655E-01
   0.2502892      0.7967436E-01
   0.2437498      0.7896047E-01
   0.2372216      0.7821438E-01
   0.2307054      0.7743563E-01
   0.2242019      0.7662375E-01
   0.2177120      0.7577819E-01
   0.2112362      0.7489838E-01
   0.2047748      0.7398373E-01
   0.1983280      0.7303360E-01
   0.1918957      0.7204734E-01
   0.1854776      0.7102425E-01
   0.1790730      0.6996358E-01
   0.1726812      0.6886452E-01
   0.1663012      0.6772621E-01
   0.1599320      0.6654758E-01
   0.1535729      0.6532701E-01
   0.1472249      0.6406289E-01
   0.1408903      0.6275398E-01
   0.1345729      0.6139941E-01
   0.1282781      0.5999874E-01
   0.1220124      0.5855206E-01
   0.1157835      0.5705996E-01
   0.1096003      0.5552360E-01
   0.1034725      0.5394470E-01
   0.9741040E-01  0.5232489E-01
   0.9142772E-01  0.5066180E-01
   0.8553885E-01  0.4895199E-01
   0.7975748E-01  0.4719299E-01
   0.7409619E-01  0.4538331E-01
   0.6856618E-01  0.4352238E-01
   0.6317704E-01  0.4161051E-01
   0.5793665E-01  0.3964873E-01
   0.5285108E-01  0.3763874E-01
   0.4792463E-01  0.3558276E-01
   0.4316050E-01  0.3348343E-01
   0.3857461E-01  0.3134789E-01
   0.3421110E-01  0.2919846E-01
   0.3012463E-01  0.2706952E-01
   0.2635802E-01  0.2499701E-01
   0.2292944E-01  0.2300923E-01
   0.1983228E-01  0.2112284E-01
   0.1704274E-01  0.1934369E-01
   0.1452868E-01  0.1767001E-01
   0.1225823E-01  0.1609457E-01
   0.1022870E-01  0.1460145E-01
   0.8456673E-02  0.1318715E-01
   0.6941491E-02  0.1185665E-01
   0.5661773E-02  0.1061169E-01
   0.4585179E-02  0.9448635E-02
   0.3677900E-02  0.8360464E-02
   0.2909681E-02  0.7338953E-02
   0.2255409E-02  0.6376053E-02
   0.1699145E-02  0.5465746E-02
   0.1233359E-02  0.4602584E-02
   0.8502630E-03  0.3779174E-02
   0.5430781E-03  0.2988023E-02
   0.3067505E-03  0.2222228E-02
   0.1380664E-03  0.1475513E-02
   0.3564710E-04  0.7420411E-03
   0.1720859E-07  0.1613520E-04
   0.3287423E-04 -0.7077069E-03
   0.1322713E-03 -0.1432801E-02
   0.2962216E-03 -0.2160964E-02
   0.5246552E-03 -0.2893306E-02
   0.8191908E-03 -0.3630183E-02
   0.1183056E-02 -0.4370989E-02
   0.1621087E-02 -0.5113718E-02
   0.2139705E-02 -0.5854186E-02
   0.2746686E-02 -0.6584703E-02
   0.3450671E-02 -0.7292891E-02
   0.4263993E-02 -0.7970565E-02
   0.5203656E-02 -0.8614145E-02
   0.6290779E-02 -0.9219986E-02
   0.7551915E-02 -0.9784681E-02
   0.9020943E-02 -0.1030593E-01
   0.1074178E-01 -0.1078456E-01
   0.1277232E-01 -0.1122937E-01
   0.1519011E-01 -0.1166915E-01
   0.1812024E-01 -0.1216108E-01
   0.2184266E-01 -0.1274511E-01
   0.2691912E-01 -0.1347230E-01
   0.3321519E-01 -0.1427427E-01
   0.3895045E-01 -0.1492295E-01
   0.4489612E-01 -0.1553052E-01
   0.5129321E-01 -0.1613239E-01
   0.5697817E-01 -0.1664053E-01
   0.6219901E-01 -0.1709175E-01
   0.6717328E-01 -0.1751043E-01
   0.7202484E-01 -0.1791036E-01
   0.7683753E-01 -0.1830088E-01
   0.8167638E-01 -0.1868923E-01
   0.8659784E-01 -0.1908180E-01
   0.9165531E-01 -0.1948475E-01
   0.9690239E-01 -0.1990460E-01
   0.1023941     -0.2034855E-01
   0.1081852     -0.2082469E-01
   0.1143224     -0.2134177E-01
   0.1208256     -0.2190795E-01
   0.1276244     -0.2252414E-01
   0.1343122     -0.2315659E-01
   0.1408617     -0.2380290E-01
   0.1473571     -0.2447183E-01
   0.1538638     -0.2517141E-01
   0.1604349     -0.2590947E-01
   0.1671144     -0.2669386E-01
   0.1739038     -0.2752817E-01
   0.1805817     -0.2838691E-01
   0.1871083     -0.2926431E-01
   0.1935093     -0.3016147E-01
   0.1998132     -0.3107258E-01
   0.2060442     -0.3198966E-01
   0.2122222     -0.3290510E-01
   0.2183638     -0.3381142E-01
   0.2244833     -0.3470111E-01
   0.2305928     -0.3556644E-01
   0.2367026     -0.3639944E-01
   0.2428213     -0.3719176E-01
   0.2489562     -0.3793461E-01
   0.2551130     -0.3861876E-01
   0.2612957     -0.3923803E-01
   0.2675063     -0.3979379E-01
   0.2737465     -0.4028844E-01
   0.2800175     -0.4072428E-01
   0.2863203     -0.4110361E-01
   0.2926552     -0.4142872E-01
   0.2990221     -0.4170192E-01
   0.3054207     -0.4192557E-01
   0.3118499     -0.4210207E-01
   0.3183080     -0.4223393E-01
   0.3247931     -0.4232359E-01
   0.3313032     -0.4237276E-01
   0.3378367     -0.4238299E-01
   0.3443919     -0.4235592E-01
   0.3509672     -0.4229323E-01
   0.3575612     -0.4219670E-01
   0.3641725     -0.4206817E-01
   0.3707996     -0.4190952E-01
   0.3774416     -0.4172270E-01
   0.3840971     -0.4150968E-01
   0.3907653     -0.4127244E-01
   0.3974453     -0.4101228E-01
   0.4041362     -0.4073006E-01
   0.4108372     -0.4042667E-01
   0.4175476     -0.4010300E-01
   0.4242665     -0.3975996E-01
   0.4309933     -0.3939851E-01
   0.4377270     -0.3901956E-01
   0.4444671     -0.3862410E-01
   0.4512128     -0.3821308E-01
   0.4579634     -0.3778750E-01
   0.4647183     -0.3734809E-01
   0.4714768     -0.3689528E-01
   0.4782385     -0.3642943E-01
   0.4850031     -0.3595093E-01
   0.4917701     -0.3546015E-01
   0.4985395     -0.3495745E-01
   0.5053112     -0.3444319E-01
   0.5120850     -0.3391775E-01
   0.5188612     -0.3338146E-01
   0.5256399     -0.3283467E-01
   0.5324214     -0.3227775E-01
   0.5392061     -0.3171119E-01
   0.5459943     -0.3113551E-01
   0.5527863     -0.3055123E-01
   0.5595826     -0.2995888E-01
   0.5663835     -0.2935899E-01
   0.5731893     -0.2875210E-01
   0.5800002     -0.2813873E-01
   0.5868166     -0.2751941E-01
   0.5936389     -0.2689470E-01
   0.6004673     -0.2626511E-01
   0.6073019     -0.2563097E-01
   0.6141427     -0.2499247E-01
   0.6209891     -0.2434981E-01
   0.6278405     -0.2370324E-01
   0.6346954     -0.2305304E-01
   0.6415525     -0.2239954E-01
   0.6484097     -0.2174310E-01
   0.6552648     -0.2108411E-01
   0.6621152     -0.2042302E-01
   0.6689577     -0.1976029E-01
   0.6757894     -0.1909681E-01
   0.6826078     -0.1843420E-01
   0.6894114     -0.1777403E-01
   0.6961999     -0.1711779E-01
   0.7029740     -0.1646681E-01
   0.7097354     -0.1582235E-01
   0.7164867     -0.1518555E-01
   0.7232315     -0.1455743E-01
   0.7299743     -0.1393899E-01
   0.7367206     -0.1333111E-01
   0.7434769     -0.1273442E-01
   0.7502495     -0.1214764E-01
   0.7570424     -0.1156874E-01
   0.7638577     -0.1099582E-01
   0.7706946     -0.1042722E-01
   0.7775501     -0.9861399E-02
   0.7844184     -0.9297035E-02
   0.7912908     -0.8732992E-02
   0.7981565     -0.8168316E-02
   0.8050019     -0.7602301E-02
   0.8118112     -0.7034555E-02
   0.8185688     -0.6467902E-02
   0.8252638     -0.5908519E-02
   0.8318914     -0.5362012E-02
   0.8384525     -0.4833209E-02
   0.8449524     -0.4326276E-02
   0.8514008     -0.3844857E-02
   0.8578108     -0.3392240E-02
   0.8641990     -0.2971532E-02
   0.8705856     -0.2585843E-02
   0.8769952     -0.2238497E-02
   0.8834569     -0.1932640E-02
   0.8900010     -0.1666660E-02
   0.8966503     -0.1436923E-02
   0.9034169     -0.1240211E-02
   0.9102800     -0.1073848E-02
   0.9170898     -0.9367135E-03
   0.9238444     -0.8232068E-03
   0.9305936     -0.7272851E-03
   0.9374006     -0.6432883E-03
   0.9442335     -0.5668204E-03
   0.9508510     -0.4956981E-03
   0.9571801     -0.4286726E-03
   0.9631853     -0.3659485E-03
   0.9688561     -0.3074981E-03
   0.9741987     -0.2531237E-03
   0.9792296     -0.2025363E-03
   0.9839705     -0.1554108E-03
   0.9884449     -0.1114207E-03
   0.9926760     -0.7025644E-04
   0.9966859     -0.3163440E-04
    1.000000      0.1270549E-19
