AUGUST 160
    1.000000     -0.5183802E-18
   0.9971109      0.1619441E-02
   0.9931799      0.2096487E-02
   0.9893036      0.2897747E-02
   0.9851811      0.3623001E-02
   0.9807608      0.4365567E-02
   0.9760499      0.5204725E-02
   0.9710160      0.6113321E-02
   0.9656242      0.7073572E-02
   0.9598630      0.8092103E-02
   0.9537426      0.9175110E-02
   0.9472805      0.1032877E-01
   0.9404871      0.1155615E-01
   0.9333709      0.1284318E-01
   0.9259506      0.1417218E-01
   0.9182562      0.1554556E-01
   0.9103200      0.1697341E-01
   0.9021681      0.1844960E-01
   0.8938196      0.1995557E-01
   0.8852897      0.2148051E-01
   0.8766026      0.2302602E-01
   0.8677963      0.2459266E-01
   0.8589113      0.2617738E-01
   0.8499743      0.2777850E-01
   0.8409973      0.2939586E-01
   0.8319868      0.3102867E-01
   0.8229491      0.3267599E-01
   0.8138906      0.3433606E-01
   0.8048184      0.3600653E-01
   0.7957404      0.3768518E-01
   0.7866662      0.3937114E-01
   0.7776063      0.4106383E-01
   0.7685715      0.4276295E-01
   0.7595656      0.4447124E-01
   0.7505774      0.4619458E-01
   0.7415816      0.4794034E-01
   0.7325536      0.4970892E-01
   0.7234900      0.5149438E-01
   0.7144123      0.5328655E-01
   0.7053531      0.5508011E-01
   0.6963288      0.5687683E-01
   0.6873340      0.5868261E-01
   0.6783478      0.6050094E-01
   0.6693554      0.6232753E-01
   0.6603585      0.6415443E-01
   0.6513741      0.6597346E-01
   0.6424223      0.6778692E-01
   0.6335110      0.6960194E-01
   0.6246348      0.7142770E-01
   0.6157779      0.7326568E-01
   0.6069254      0.7510804E-01
   0.5980688      0.7694534E-01
   0.5892060      0.7876952E-01
   0.5803420      0.8058488E-01
   0.5714857      0.8239942E-01
   0.5626480      0.8422054E-01
   0.5538392      0.8604834E-01
   0.5450607      0.8787156E-01
   0.5363034      0.8967990E-01
   0.5275488      0.9146582E-01
   0.5187770      0.9323379E-01
   0.5099833      0.9499524E-01
   0.5011807      0.9675842E-01
   0.4923992      0.9852590E-01
   0.4836672      0.1002852    
   0.4749920      0.1020222    
   0.4663596      0.1037277    
   0.4577395      0.1053994    
   0.4491098      0.1070443    
   0.4404747      0.1086668    
   0.4318650      0.1102662    
   0.4233290      0.1118333    
   0.4148973      0.1133538    
   0.4065702      0.1148188    
   0.3983225      0.1162249    
   0.3901171      0.1175765    
   0.3819367      0.1188805    
   0.3737906      0.1201399    
   0.3657137      0.1213532    
   0.3577486      0.1225108    
   0.3499141      0.1236015    
   0.3422019      0.1246186    
   0.3345826      0.1255594    
   0.3270220      0.1264284    
   0.3195092      0.1272319    
   0.3120611      0.1279736    
   0.3047183      0.1286547    
   0.2975277      0.1292674    
   0.2905092      0.1297995    
   0.2836526      0.1302429    
   0.2769273      0.1305916    
   0.2702919      0.1308447    
   0.2637199      0.1310084    
   0.2572093      0.1310881    
   0.2507801      0.1310891    
   0.2444684      0.1310156    
   0.2383053      0.1308607    
   0.2322925      0.1306145    
   0.2264071      0.1302671    
   0.2206083      0.1298072    
   0.2148440      0.1292275    
   0.2090725      0.1285340    
   0.2032775      0.1277353    
   0.1974695      0.1268435    
   0.1916864      0.1258754    
   0.1859778      0.1248367    
   0.1803675      0.1237207    
   0.1748470      0.1225152    
   0.1693813      0.1212018    
   0.1639125      0.1197616    
   0.1583880      0.1181968    
   0.1527927      0.1165237    
   0.1471608      0.1147758    
   0.1415787      0.1130005    
   0.1361428      0.1112120    
   0.1308881      0.1093948    
   0.1257937      0.1075189    
   0.1208003      0.1055425    
   0.1158291      0.1034447    
   0.1108346      0.1012383    
   0.1058281      0.9896263E-01
   0.1008805      0.9668531E-01
   0.9610116E-01  0.9445412E-01
   0.9155191E-01  0.9226023E-01
   0.8722862E-01  0.9007194E-01
   0.8309082E-01  0.8784498E-01
   0.7907595E-01  0.8554495E-01
   0.7513026E-01  0.8317857E-01
   0.7123781E-01  0.8077540E-01
   0.6741683E-01  0.7838501E-01
   0.6371376E-01  0.7606341E-01
   0.6018594E-01  0.7382170E-01
   0.5685638E-01  0.7164061E-01
   0.5371913E-01  0.6949179E-01
   0.5075430E-01  0.6734338E-01
   0.4793084E-01  0.6517464E-01
   0.4521605E-01  0.6299146E-01
   0.4259174E-01  0.6080924E-01
   0.4005102E-01  0.5864939E-01
   0.3759469E-01  0.5653701E-01
   0.3523116E-01  0.5449177E-01
   0.3297270E-01  0.5251742E-01
   0.3082484E-01  0.5061187E-01
   0.2878752E-01  0.4877040E-01
   0.2685723E-01  0.4698695E-01
   0.2502871E-01  0.4525511E-01
   0.2329695E-01  0.4356929E-01
   0.2165733E-01  0.4192488E-01
   0.2010544E-01  0.4031802E-01
   0.1863702E-01  0.3874542E-01
   0.1724798E-01  0.3720425E-01
   0.1593456E-01  0.3569211E-01
   0.1469373E-01  0.3420691E-01
   0.1352256E-01  0.3274675E-01
   0.1241813E-01  0.3130982E-01
   0.1137755E-01  0.2989445E-01
   0.1039802E-01  0.2849909E-01
   0.9476852E-02  0.2712230E-01
   0.8611424E-02  0.2576330E-01
   0.7799209E-02  0.2442212E-01
   0.7037856E-02  0.2309881E-01
   0.6325173E-02  0.2179340E-01
   0.5659107E-02  0.2050590E-01
   0.5037725E-02  0.1923628E-01
   0.4459198E-02  0.1798449E-01
   0.3921751E-02  0.1675028E-01
   0.3423558E-02  0.1553293E-01
   0.2962872E-02  0.1433167E-01
   0.2538042E-02  0.1314579E-01
   0.2147507E-02  0.1197462E-01
   0.1789791E-02  0.1081756E-01
   0.1463493E-02  0.9674054E-02
   0.1167388E-02  0.8543610E-02
   0.9018495E-03  0.7426544E-02
   0.6683095E-03  0.6323451E-02
   0.4679820E-03  0.5234489E-02
   0.3019185E-03  0.4159458E-02
   0.1710913E-03  0.3097882E-02
   0.7646472E-04  0.2049067E-02
   0.1905791E-04  0.1012144E-02
   0.3670883E-08 -0.1389779E-04
   0.2060550E-04 -0.1030198E-02
   0.8239760E-04 -0.2038017E-02
   0.1872118E-03 -0.3038737E-02
   0.3372605E-03 -0.4033879E-02
   0.5379853E-03 -0.5022899E-02
   0.8031610E-03 -0.5998899E-02
   0.1148767E-02 -0.6953250E-02
   0.1591603E-02 -0.7876483E-02
   0.2138671E-02 -0.8759602E-02
   0.2783415E-02 -0.9594729E-02
   0.3518556E-02 -0.1037336E-01
   0.4336972E-02 -0.1108600E-01
   0.5231797E-02 -0.1172300E-01
   0.6197842E-02 -0.1228803E-01
   0.7230320E-02 -0.1279441E-01
   0.8323030E-02 -0.1325704E-01
   0.9467561E-02 -0.1369295E-01
   0.1065290E-01 -0.1412119E-01
   0.1187385E-01 -0.1455081E-01
   0.1313178E-01 -0.1498120E-01
   0.1442865E-01 -0.1541143E-01
   0.1576685E-01 -0.1584059E-01
   0.1714949E-01 -0.1626779E-01
   0.1858041E-01 -0.1669222E-01
   0.2006304E-01 -0.1711300E-01
   0.2160063E-01 -0.1752911E-01
   0.2319674E-01 -0.1793931E-01
   0.2485521E-01 -0.1834219E-01
   0.2658026E-01 -0.1873601E-01
   0.2837648E-01 -0.1911906E-01
   0.3024905E-01 -0.1949147E-01
   0.3220358E-01 -0.1985454E-01
   0.3424595E-01 -0.2020999E-01
   0.3638216E-01 -0.2056017E-01
   0.3861804E-01 -0.2090814E-01
   0.4095922E-01 -0.2125683E-01
   0.4341169E-01 -0.2160633E-01
   0.4598180E-01 -0.2195612E-01
   0.4867624E-01 -0.2230566E-01
   0.5150230E-01 -0.2265446E-01
   0.5446826E-01 -0.2300245E-01
   0.5758247E-01 -0.2335172E-01
   0.6085079E-01 -0.2370576E-01
   0.6427410E-01 -0.2406886E-01
   0.6784539E-01 -0.2444606E-01
   0.7154786E-01 -0.2483703E-01
   0.7536126E-01 -0.2522434E-01
   0.7926977E-01 -0.2558567E-01
   0.8326698E-01 -0.2589710E-01
   0.8736029E-01 -0.2613568E-01
   0.9156732E-01 -0.2630824E-01
   0.9590374E-01 -0.2644471E-01
   0.1003788     -0.2658075E-01
   0.1049911     -0.2675860E-01
   0.1097279     -0.2699967E-01
   0.1145755     -0.2727578E-01
   0.1195271     -0.2754874E-01
   0.1245860     -0.2777569E-01
   0.1297675     -0.2792349E-01
   0.1350904     -0.2801158E-01
   0.1405666     -0.2807634E-01
   0.1461977     -0.2816066E-01
   0.1519701     -0.2830417E-01
   0.1578636     -0.2849223E-01
   0.1638651     -0.2868670E-01
   0.1699734     -0.2884526E-01
   0.1762023     -0.2893066E-01
   0.1825721     -0.2895663E-01
   0.1890956     -0.2895897E-01
   0.1957728     -0.2897891E-01
   0.2025868     -0.2905102E-01
   0.2095150     -0.2915791E-01
   0.2165437     -0.2926444E-01
   0.2236732     -0.2933248E-01
   0.2309191     -0.2933873E-01
   0.2382979     -0.2930478E-01
   0.2458155     -0.2926226E-01
   0.2534619     -0.2924578E-01
   0.2612133     -0.2926608E-01
   0.2690490     -0.2929899E-01
   0.2769614     -0.2931625E-01
   0.2849582     -0.2929115E-01
   0.2930552     -0.2922721E-01
   0.3012596     -0.2914653E-01
   0.3095634     -0.2907331E-01
   0.3179433     -0.2902442E-01
   0.3263743     -0.2898741E-01
   0.3348437     -0.2894309E-01
   0.3433544     -0.2887211E-01
   0.3519204     -0.2877044E-01
   0.3605497     -0.2865285E-01
   0.3692367     -0.2853601E-01
   0.3779611     -0.2843452E-01
   0.3866979     -0.2834282E-01
   0.3954339     -0.2824618E-01
   0.4041706     -0.2812966E-01
   0.4129229     -0.2798566E-01
   0.4217042     -0.2782535E-01
   0.4305162     -0.2766313E-01
   0.4393475     -0.2751334E-01
   0.4481784     -0.2737691E-01
   0.4569961     -0.2724054E-01
   0.4658004     -0.2709023E-01
   0.4746035     -0.2691419E-01
   0.4834212     -0.2671806E-01
   0.4922604     -0.2651564E-01
   0.5011160     -0.2632116E-01
   0.5099723     -0.2614296E-01
   0.5188150     -0.2597059E-01
   0.5276417     -0.2578996E-01
   0.5364622     -0.2558711E-01
   0.5452948     -0.2535925E-01
   0.5541519     -0.2511851E-01
   0.5630329     -0.2487855E-01
   0.5719238     -0.2465183E-01
   0.5808055     -0.2443466E-01
   0.5896687     -0.2421412E-01
   0.5985172     -0.2397700E-01
   0.6073660     -0.2371545E-01
   0.6162287     -0.2343898E-01
   0.6251055     -0.2316096E-01
   0.6339826     -0.2289470E-01
   0.6428379     -0.2263996E-01
   0.6516608     -0.2238229E-01
   0.6604588     -0.2210631E-01
   0.6692556     -0.2180060E-01
   0.6780760     -0.2147377E-01
   0.6869271     -0.2114103E-01
   0.6957961     -0.2081802E-01
   0.7046574     -0.2050605E-01
   0.7134988     -0.2019038E-01
   0.7223316     -0.1985489E-01
   0.7311866     -0.1948904E-01
   0.7400890     -0.1910071E-01
   0.7490359     -0.1870239E-01
   0.7579944     -0.1830561E-01
   0.7669209     -0.1790690E-01
   0.7757893     -0.1749664E-01
   0.7845939     -0.1706518E-01
   0.7933442     -0.1660629E-01
   0.8020576     -0.1611527E-01
   0.8107572     -0.1558753E-01
   0.8194645     -0.1502472E-01
   0.8281833     -0.1443306E-01
   0.8368968     -0.1381932E-01
   0.8455796     -0.1318413E-01
   0.8542163     -0.1252475E-01
   0.8628038     -0.1183848E-01
   0.8713450     -0.1112466E-01
   0.8798445     -0.1038317E-01
   0.8883018     -0.9619402E-02
   0.8966921     -0.8846696E-02
   0.9049631     -0.8079103E-02
   0.9130530     -0.7323763E-02
   0.9209092     -0.6585162E-02
   0.9284880     -0.5866670E-02
   0.9357494     -0.5171500E-02
   0.9426619     -0.4508640E-02
   0.9492077     -0.3892172E-02
   0.9553825     -0.3330188E-02
   0.9611969     -0.2823099E-02
   0.9666697     -0.2367705E-02
   0.9718091     -0.1955487E-02
   0.9766112     -0.1582702E-02
   0.9810991     -0.1287822E-02
   0.9853273     -0.1110335E-02
   0.9893223     -0.9580764E-03
   0.9931235     -0.7402164E-03
   0.9969618     -0.9996413E-03
    1.000000     -0.5183802E-18
