LOCKHEED C-141 BL113.6 AIRFOIL
   0.9999993      0.6169729E-03
   0.9965249      0.1516664E-02
   0.9921881      0.2632059E-02
   0.9874821      0.3833798E-02
   0.9824034      0.5121182E-02
   0.9769629      0.6489287E-02
   0.9711828      0.7930080E-02
   0.9650976      0.9432599E-02
   0.9587484      0.1098435E-01
   0.9521750      0.1257399E-01
   0.9454196      0.1419067E-01
   0.9385248      0.1582397E-01
   0.9315283      0.1746394E-01
   0.9244621      0.1910064E-01
   0.9173515      0.2072574E-01
   0.9102131      0.2233318E-01
   0.9030558      0.2391945E-01
   0.8958821      0.2548279E-01
   0.8886888      0.2702273E-01
   0.8814668      0.2854022E-01
   0.8742056      0.3003898E-01
   0.8669020      0.3152272E-01
   0.8595625      0.3299332E-01
   0.8522036      0.3445084E-01
   0.8448502      0.3589178E-01
   0.8375245      0.3730847E-01
   0.8302394      0.3869461E-01
   0.8229987      0.4004586E-01
   0.8157980      0.4135964E-01
   0.8086265      0.4263543E-01
   0.8014726      0.4387469E-01
   0.7943277      0.4507849E-01
   0.7871856      0.4624734E-01
   0.7800427      0.4738124E-01
   0.7728979      0.4847981E-01
   0.7657511      0.4954294E-01
   0.7586011      0.5057105E-01
   0.7514444      0.5156479E-01
   0.7442757      0.5252500E-01
   0.7370876      0.5345269E-01
   0.7298706      0.5434920E-01
   0.7226150      0.5521752E-01
   0.7153143      0.5606094E-01
   0.7079658      0.5688233E-01
   0.7005711      0.5768419E-01
   0.6931361      0.5846868E-01
   0.6856716      0.5923733E-01
   0.6781904      0.5998927E-01
   0.6707034      0.6072273E-01
   0.6632185      0.6143631E-01
   0.6557406      0.6212898E-01
   0.6482717      0.6280001E-01
   0.6408109      0.6344898E-01
   0.6333552      0.6407589E-01
   0.6259018      0.6468089E-01
   0.6184484      0.6526407E-01
   0.6109935      0.6582544E-01
   0.6035362      0.6636494E-01
   0.5960763      0.6688248E-01
   0.5886141      0.6737792E-01
   0.5811501      0.6785124E-01
   0.5736847      0.6830242E-01
   0.5662184      0.6873145E-01
   0.5587513      0.6913835E-01
   0.5512837      0.6952310E-01
   0.5438156      0.6988574E-01
   0.5363472      0.7022623E-01
   0.5288785      0.7054455E-01
   0.5214095      0.7084066E-01
   0.5139403      0.7111451E-01
   0.5064711      0.7136607E-01
   0.4990019      0.7159531E-01
   0.4915331      0.7180217E-01
   0.4840646      0.7198660E-01
   0.4765967      0.7214854E-01
   0.4691295      0.7228792E-01
   0.4616629      0.7240469E-01
   0.4541972      0.7249880E-01
   0.4467323      0.7257018E-01
   0.4392682      0.7261879E-01
   0.4318049      0.7264459E-01
   0.4243423      0.7264754E-01
   0.4168804      0.7262761E-01
   0.4094189      0.7258476E-01
   0.4019578      0.7251893E-01
   0.3944968      0.7243012E-01
   0.3870358      0.7231837E-01
   0.3795744      0.7218379E-01
   0.3721125      0.7202643E-01
   0.3646500      0.7184638E-01
   0.3571866      0.7164371E-01
   0.3497222      0.7141848E-01
   0.3422567      0.7117076E-01
   0.3347906      0.7090059E-01
   0.3273248      0.7060807E-01
   0.3198604      0.7029330E-01
   0.3123994      0.6995643E-01
   0.3049439      0.6959763E-01
   0.2974964      0.6921682E-01
   0.2900589      0.6881359E-01
   0.2826324      0.6838750E-01
   0.2752173      0.6793806E-01
   0.2678131      0.6746477E-01
   0.2604186      0.6696705E-01
   0.2530324      0.6644452E-01
   0.2456539      0.6589702E-01
   0.2382840      0.6532453E-01
   0.2309249      0.6472712E-01
   0.2235802      0.6410503E-01
   0.2162548      0.6345855E-01
   0.2089540      0.6278722E-01
   0.2016824      0.6209022E-01
   0.1944438      0.6136677E-01
   0.1872409      0.6061604E-01
   0.1800757      0.5983722E-01
   0.1729499      0.5902947E-01
   0.1658669      0.5819214E-01
   0.1588327      0.5732500E-01
   0.1518555      0.5642829E-01
   0.1449453      0.5550272E-01
   0.1381137      0.5454882E-01
   0.1313740      0.5356631E-01
   0.1247399      0.5255539E-01
   0.1182255      0.5151693E-01
   0.1118441      0.5045234E-01
   0.1056091      0.4936316E-01
   0.9953676E-01  0.4825117E-01
   0.9364605E-01  0.4711968E-01
   0.8795577E-01  0.4597323E-01
   0.8248216E-01  0.4481706E-01
   0.7723858E-01  0.4365555E-01
   0.7223768E-01  0.4249221E-01
   0.6748915E-01  0.4133151E-01
   0.6299756E-01  0.4017820E-01
   0.5876172E-01  0.3903671E-01
   0.5477572E-01  0.3791019E-01
   0.5103230E-01  0.3679969E-01
   0.4752273E-01  0.3570649E-01
   0.4423615E-01  0.3463200E-01
   0.4115982E-01  0.3357744E-01
   0.3827977E-01  0.3254365E-01
   0.3558192E-01  0.3153067E-01
   0.3305423E-01  0.3053651E-01
   0.3068547E-01  0.2955926E-01
   0.2846465E-01  0.2859765E-01
   0.2638104E-01  0.2765074E-01
   0.2442439E-01  0.2671784E-01
   0.2258492E-01  0.2579838E-01
   0.2085352E-01  0.2489182E-01
   0.1922264E-01  0.2399679E-01
   0.1768613E-01  0.2311099E-01
   0.1623798E-01  0.2223250E-01
   0.1487237E-01  0.2135976E-01
   0.1358380E-01  0.2049151E-01
   0.1236715E-01  0.1962671E-01
   0.1121764E-01  0.1876451E-01
   0.1013089E-01  0.1790423E-01
   0.9102973E-02  0.1704528E-01
   0.8132663E-02  0.1618672E-01
   0.7220741E-02  0.1532744E-01
   0.6367600E-02  0.1446658E-01
   0.5573233E-02  0.1360351E-01
   0.4837302E-02  0.1273778E-01
   0.4159206E-02  0.1186910E-01
   0.3538127E-02  0.1099725E-01
   0.2973076E-02  0.1012214E-01
   0.2462928E-02  0.9243732E-02
   0.2006360E-02  0.8362565E-02
   0.1601488E-02  0.7481278E-02
   0.1246223E-02  0.6602311E-02
   0.9385463E-03  0.5727294E-02
   0.6766307E-03  0.4857219E-02
   0.4589089E-03  0.3992584E-02
   0.2841236E-03  0.3133497E-02
   0.1513621E-03  0.2279749E-02
   0.6008749E-04  0.1430866E-02
   0.1017358E-04  0.5861393E-03
   0.1950819E-05 -0.2553622E-03
   0.3627147E-04 -0.1094804E-02
   0.1143259E-03 -0.1933583E-02
   0.2363363E-03 -0.2773055E-02
   0.4025139E-03 -0.3614238E-02
   0.6135824E-03 -0.4457794E-02
   0.8707225E-03 -0.5303991E-02
   0.1175519E-02 -0.6152640E-02
   0.1529895E-02 -0.7002993E-02
   0.1936021E-02 -0.7853593E-02
   0.2396167E-02 -0.8702090E-02
   0.2912391E-02 -0.9545472E-02
   0.3485906E-02 -0.1038257E-01
   0.4117498E-02 -0.1121313E-01
   0.4807735E-02 -0.1203696E-01
   0.5556919E-02 -0.1285393E-01
   0.6365048E-02 -0.1366404E-01
   0.7231758E-02 -0.1446745E-01
   0.8156274E-02 -0.1526444E-01
   0.9137338E-02 -0.1605558E-01
   0.1017325E-01 -0.1684167E-01
   0.1126464E-01 -0.1762335E-01
   0.1241513E-01 -0.1840093E-01
   0.1362886E-01 -0.1917481E-01
   0.1491034E-01 -0.1994546E-01
   0.1626446E-01 -0.2071355E-01
   0.1769653E-01 -0.2147993E-01
   0.1921221E-01 -0.2224567E-01
   0.2081748E-01 -0.2301219E-01
   0.2251853E-01 -0.2378124E-01
   0.2432274E-01 -0.2455384E-01
   0.2623896E-01 -0.2533015E-01
   0.2827682E-01 -0.2611041E-01
   0.3044661E-01 -0.2689505E-01
   0.3275918E-01 -0.2768481E-01
   0.3522585E-01 -0.2848091E-01
   0.3785820E-01 -0.2928527E-01
   0.4066831E-01 -0.3010030E-01
   0.4367058E-01 -0.3092602E-01
   0.4688007E-01 -0.3176124E-01
   0.5031102E-01 -0.3260452E-01
   0.5397625E-01 -0.3345433E-01
   0.5788689E-01 -0.3430936E-01
   0.6205299E-01 -0.3516897E-01
   0.6648409E-01 -0.3603105E-01
   0.7118579E-01 -0.3689199E-01
   0.7615775E-01 -0.3774799E-01
   0.8139354E-01 -0.3859561E-01
   0.8688220E-01 -0.3943242E-01
   0.9261078E-01 -0.4025555E-01
   0.9856264E-01 -0.4106066E-01
   0.1047168     -0.4184402E-01
   0.1110508     -0.4260306E-01
   0.1175435     -0.4333665E-01
   0.1241777     -0.4404369E-01
   0.1309365     -0.4472284E-01
   0.1378036     -0.4537344E-01
   0.1447642     -0.4599558E-01
   0.1518058     -0.4659000E-01
   0.1589188     -0.4715717E-01
   0.1660942     -0.4769742E-01
   0.1733237     -0.4821141E-01
   0.1805999     -0.4870004E-01
   0.1879164     -0.4916443E-01
   0.1952680     -0.4960526E-01
   0.2026500     -0.5002294E-01
   0.2100582     -0.5041799E-01
   0.2174889     -0.5079104E-01
   0.2249389     -0.5114277E-01
   0.2324058     -0.5147375E-01
   0.2398872     -0.5178425E-01
   0.2473813     -0.5207457E-01
   0.2548865     -0.5234505E-01
   0.2624014     -0.5259602E-01
   0.2699249     -0.5282787E-01
   0.2774563     -0.5304084E-01
   0.2849945     -0.5323513E-01
   0.2925387     -0.5341093E-01
   0.3000880     -0.5356846E-01
   0.3076412     -0.5370793E-01
   0.3151973     -0.5382954E-01
   0.3227554     -0.5393327E-01
   0.3303144     -0.5401905E-01
   0.3378736     -0.5408682E-01
   0.3454323     -0.5413652E-01
   0.3529898     -0.5416810E-01
   0.3605456     -0.5418149E-01
   0.3680996     -0.5417664E-01
   0.3756516     -0.5415343E-01
   0.3832018     -0.5411176E-01
   0.3907507     -0.5405155E-01
   0.3982990     -0.5397267E-01
   0.4058478     -0.5387500E-01
   0.4133982     -0.5375855E-01
   0.4209510     -0.5362349E-01
   0.4285066     -0.5346997E-01
   0.4360649     -0.5329818E-01
   0.4436250     -0.5310832E-01
   0.4511860     -0.5290061E-01
   0.4587462     -0.5267521E-01
   0.4663042     -0.5243208E-01
   0.4738590     -0.5217110E-01
   0.4814108     -0.5189214E-01
   0.4889602     -0.5159503E-01
   0.4965086     -0.5127956E-01
   0.5040582     -0.5094549E-01
   0.5116116     -0.5059280E-01
   0.5191705     -0.5022176E-01
   0.5267352     -0.4983268E-01
   0.5343051     -0.4942593E-01
   0.5418780     -0.4900198E-01
   0.5494508     -0.4856138E-01
   0.5570189     -0.4810461E-01
   0.5645787     -0.4763151E-01
   0.5721285     -0.4714169E-01
   0.5796692     -0.4663461E-01
   0.5872037     -0.4610957E-01
   0.5947373     -0.4556567E-01
   0.6022776     -0.4500188E-01
   0.6098329     -0.4441817E-01
   0.6174091     -0.4381554E-01
   0.6250083     -0.4319524E-01
   0.6326287     -0.4255891E-01
   0.6402646     -0.4190855E-01
   0.6479062     -0.4124656E-01
   0.6555407     -0.4057435E-01
   0.6631579     -0.3989131E-01
   0.6707523     -0.3919628E-01
   0.6783235     -0.3848773E-01
   0.6858761     -0.3776365E-01
   0.6934189     -0.3702160E-01
   0.7009650     -0.3626081E-01
   0.7085264     -0.3548438E-01
   0.7161120     -0.3469624E-01
   0.7237263     -0.3390074E-01
   0.7313704     -0.3310278E-01
   0.7390405     -0.3230769E-01
   0.7467293     -0.3151769E-01
   0.7544285     -0.3073069E-01
   0.7621306     -0.2994425E-01
   0.7698289     -0.2915581E-01
   0.7775178     -0.2836271E-01
   0.7851928     -0.2756254E-01
   0.7928516     -0.2675404E-01
   0.8004950     -0.2593604E-01
   0.8081272     -0.2510702E-01
   0.8157550     -0.2426510E-01
   0.8233887     -0.2340833E-01
   0.8310386     -0.2253692E-01
   0.8387103     -0.2165259E-01
   0.8464038     -0.2075774E-01
   0.8541133     -0.1985550E-01
   0.8618272     -0.1894895E-01
   0.8695308     -0.1803898E-01
   0.8772097     -0.1712603E-01
   0.8848500     -0.1621048E-01
   0.8924388     -0.1529249E-01
   0.8999662     -0.1437023E-01
   0.9074279     -0.1344050E-01
   0.9148255     -0.1249960E-01
   0.9221654     -0.1154410E-01
   0.9294501     -0.1057549E-01
   0.9366678     -0.9598636E-02
   0.9437930     -0.8620311E-02
   0.9507878     -0.7648642E-02
   0.9576020     -0.6693105E-02
   0.9641796     -0.5763892E-02
   0.9704677     -0.4869048E-02
   0.9764192     -0.4013756E-02
   0.9820009     -0.3202577E-02
   0.9871978     -0.2445155E-02
   0.9920095     -0.1750843E-02
   0.9964458     -0.1119418E-02
    1.000001     -0.6169729E-03
