LOCKHEED C-5A BL758.6 AIRFOIL
    1.000001      0.1107929E-02
   0.9966831      0.1955282E-02
   0.9926672      0.2973886E-02
   0.9884295      0.4040598E-02
   0.9839491      0.5159289E-02
   0.9792046      0.6333719E-02
   0.9741756      0.7567165E-02
   0.9688446      0.8861842E-02
   0.9632013      0.1021804E-01
   0.9572469      0.1163299E-01
   0.9510013      0.1309958E-01
   0.9445075      0.1460521E-01
   0.9378286      0.1613209E-01
   0.9310334      0.1766127E-01
   0.9241848      0.1917589E-01
   0.9173311      0.2066304E-01
   0.9105020      0.2211467E-01
   0.9037070      0.2352735E-01
   0.8969368      0.2490175E-01
   0.8901691      0.2624276E-01
   0.8833822      0.2755677E-01
   0.8765601      0.2884889E-01
   0.8696923      0.3012299E-01
   0.8627739      0.3138181E-01
   0.8558067      0.3262699E-01
   0.8487993      0.3385902E-01
   0.8417668      0.3507655E-01
   0.8347252      0.3627583E-01
   0.8276869      0.3745348E-01
   0.8206609      0.3860689E-01
   0.8136522      0.3973416E-01
   0.8066624      0.4083405E-01
   0.7996895      0.4190590E-01
   0.7927281      0.4294971E-01
   0.7857724      0.4396631E-01
   0.7788172      0.4495649E-01
   0.7718587      0.4592079E-01
   0.7648940      0.4685956E-01
   0.7579211      0.4777299E-01
   0.7509393      0.4866107E-01
   0.7439488      0.4952375E-01
   0.7369504      0.5036130E-01
   0.7299440      0.5117425E-01
   0.7229291      0.5196321E-01
   0.7159044      0.5272886E-01
   0.7088677      0.5347192E-01
   0.7018162      0.5419318E-01
   0.6947464      0.5489352E-01
   0.6876546      0.5557432E-01
   0.6805389      0.5623707E-01
   0.6733992      0.5688314E-01
   0.6662373      0.5751370E-01
   0.6590573      0.5812982E-01
   0.6518656      0.5873242E-01
   0.6446703      0.5932218E-01
   0.6374803      0.5989800E-01
   0.6303023      0.6045804E-01
   0.6231401      0.6100071E-01
   0.6159950      0.6152468E-01
   0.6088657      0.6202880E-01
   0.6017483      0.6251212E-01
   0.5946366      0.6297394E-01
   0.5875236      0.6341487E-01
   0.5804034      0.6383610E-01
   0.5732722      0.6423869E-01
   0.5661277      0.6462354E-01
   0.5589698      0.6499146E-01
   0.5517998      0.6534318E-01
   0.5446214      0.6567927E-01
   0.5374390      0.6599940E-01
   0.5302572      0.6630279E-01
   0.5230796      0.6658873E-01
   0.5159098      0.6685655E-01
   0.5087503      0.6710565E-01
   0.5016036      0.6733546E-01
   0.4944714      0.6754547E-01
   0.4873545      0.6773502E-01
   0.4802525      0.6790343E-01
   0.4731637      0.6805005E-01
   0.4660849      0.6817424E-01
   0.4590115      0.6827535E-01
   0.4519378      0.6835266E-01
   0.4448563      0.6840554E-01
   0.4377598      0.6843469E-01
   0.4306428      0.6844162E-01
   0.4235029      0.6842784E-01
   0.4163403      0.6839485E-01
   0.4091585      0.6834424E-01
   0.4019638      0.6827766E-01
   0.3947658      0.6819671E-01
   0.3875755      0.6810100E-01
   0.3804012      0.6798898E-01
   0.3732484      0.6785909E-01
   0.3661194      0.6770981E-01
   0.3590137      0.6753957E-01
   0.3519278      0.6734679E-01
   0.3448559      0.6712989E-01
   0.3377902      0.6688877E-01
   0.3307240      0.6662419E-01
   0.3236514      0.6633688E-01
   0.3165673      0.6602754E-01
   0.3094679      0.6569689E-01
   0.3023503      0.6534563E-01
   0.2952124      0.6497448E-01
   0.2880541      0.6458366E-01
   0.2808780      0.6417318E-01
   0.2736910      0.6374330E-01
   0.2665031      0.6329457E-01
   0.2593282      0.6282790E-01
   0.2521836      0.6234456E-01
   0.2450890      0.6184597E-01
   0.2380625      0.6133080E-01
   0.2311123      0.6079549E-01
   0.2242356      0.6023598E-01
   0.2174206      0.5964758E-01
   0.2106472      0.5902483E-01
   0.2038877      0.5836116E-01
   0.1971057      0.5764862E-01
   0.1902594      0.5688699E-01
   0.1833238      0.5609017E-01
   0.1763058      0.5527731E-01
   0.1692507      0.5446431E-01
   0.1622444      0.5366280E-01
   0.1554005      0.5288475E-01
   0.1488009      0.5211399E-01
   0.1424194      0.5131111E-01
   0.1361440      0.5043228E-01
   0.1298320      0.4946528E-01
   0.1234133      0.4843692E-01
   0.1169364      0.4739507E-01
   0.1105431      0.4636883E-01
   0.1043104      0.4533792E-01
   0.9820527E-01  0.4426633E-01
   0.9213040E-01  0.4312468E-01
   0.8604652E-01  0.4192369E-01
   0.8004239E-01  0.4070285E-01
   0.7430095E-01  0.3951179E-01
   0.6894277E-01  0.3834868E-01
   0.6394807E-01  0.3718439E-01
   0.5923353E-01  0.3598408E-01
   0.5470150E-01  0.3472162E-01
   0.5029953E-01  0.3340923E-01
   0.4604836E-01  0.3208112E-01
   0.4201330E-01  0.3078345E-01
   0.3826537E-01  0.2956020E-01
   0.3485092E-01  0.2842092E-01
   0.3177024E-01  0.2734436E-01
   0.2899169E-01  0.2631075E-01
   0.2647553E-01  0.2530498E-01
   0.2418411E-01  0.2431598E-01
   0.2208528E-01  0.2333586E-01
   0.2015232E-01  0.2235889E-01
   0.1836310E-01  0.2138143E-01
   0.1670134E-01  0.2040507E-01
   0.1515530E-01  0.1943314E-01
   0.1371581E-01  0.1846896E-01
   0.1237514E-01  0.1751559E-01
   0.1112641E-01  0.1657569E-01
   0.9963242E-02  0.1565145E-01
   0.8880255E-02  0.1474361E-01
   0.7874164E-02  0.1384914E-01
   0.6941309E-02  0.1296479E-01
   0.6076860E-02  0.1209028E-01
   0.5275458E-02  0.1122669E-01
   0.4532229E-02  0.1037414E-01
   0.3845084E-02  0.9529317E-02
   0.3214059E-02  0.8688508E-02
   0.2639369E-02  0.7849923E-02
   0.2121206E-02  0.7013710E-02
   0.1660860E-02  0.6183925E-02
   0.1258645E-02  0.5363926E-02
   0.9137052E-03  0.4554889E-02
   0.6248297E-03  0.3756526E-02
   0.3909681E-03  0.2967587E-02
   0.2115572E-03  0.2186140E-02
   0.8676135E-04  0.1409718E-02
   0.1723287E-04  0.6353504E-03
   0.8206026E-06 -0.1401405E-03
   0.3461270E-04 -0.9195251E-03
   0.1167117E-03 -0.1705140E-02
   0.2460092E-03 -0.2498964E-02
   0.4220072E-03 -0.3302641E-02
   0.6446665E-03 -0.4117442E-02
   0.9142522E-03 -0.4944172E-02
   0.1231147E-02 -0.5783008E-02
   0.1595598E-02 -0.6633244E-02
   0.2007356E-02 -0.7492937E-02
   0.2465183E-02 -0.8358454E-02
   0.2967084E-02 -0.9223667E-02
   0.3518768E-02 -0.1007725E-01
   0.4132847E-02 -0.1090585E-01
   0.4825472E-02 -0.1169665E-01
   0.5616909E-02 -0.1243844E-01
   0.6511157E-02 -0.1313891E-01
   0.7491965E-02 -0.1382163E-01
   0.8536319E-02 -0.1450940E-01
   0.9642324E-02 -0.1520190E-01
   0.1082187E-01 -0.1588936E-01
   0.1208661E-01 -0.1656780E-01
   0.1344587E-01 -0.1723850E-01
   0.1491028E-01 -0.1790340E-01
   0.1649199E-01 -0.1856504E-01
   0.1820445E-01 -0.1922692E-01
   0.2006195E-01 -0.1989382E-01
   0.2207963E-01 -0.2057133E-01
   0.2427752E-01 -0.2126124E-01
   0.2667794E-01 -0.2196388E-01
   0.2930391E-01 -0.2267978E-01
   0.3217724E-01 -0.2341000E-01
   0.3531549E-01 -0.2415669E-01
   0.3872903E-01 -0.2492424E-01
   0.4242041E-01 -0.2572034E-01
   0.4638810E-01 -0.2654382E-01
   0.5062406E-01 -0.2738150E-01
   0.5511494E-01 -0.2821691E-01
   0.5985258E-01 -0.2903260E-01
   0.6484918E-01 -0.2981502E-01
   0.7012832E-01 -0.3056554E-01
   0.7569412E-01 -0.3128985E-01
   0.8150853E-01 -0.3199309E-01
   0.8748129E-01 -0.3267010E-01
   0.9352868E-01 -0.3329857E-01
   0.9962713E-01 -0.3386104E-01
   0.1058243     -0.3435138E-01
   0.1121952     -0.3479420E-01
   0.1187750     -0.3522396E-01
   0.1255305     -0.3567210E-01
   0.1323781     -0.3613457E-01
   0.1392488     -0.3659058E-01
   0.1461078     -0.3702238E-01
   0.1529494     -0.3742084E-01
   0.1597874     -0.3778047E-01
   0.1666518     -0.3810016E-01
   0.1735690     -0.3839741E-01
   0.1805379     -0.3869495E-01
   0.1875280     -0.3900693E-01
   0.1945086     -0.3931874E-01
   0.2014759     -0.3961070E-01
   0.2084514     -0.3987080E-01
   0.2154623     -0.4010244E-01
   0.2225296     -0.4031082E-01
   0.2296671     -0.4050087E-01
   0.2368809     -0.4067751E-01
   0.2441681     -0.4084569E-01
   0.2515151     -0.4101051E-01
   0.2588986     -0.4117508E-01
   0.2662930     -0.4133768E-01
   0.2736780     -0.4149600E-01
   0.2810388     -0.4164788E-01
   0.2883670     -0.4179138E-01
   0.2956595     -0.4192474E-01
   0.3029186     -0.4204636E-01
   0.3101508     -0.4215514E-01
   0.3173632     -0.4225059E-01
   0.3245624     -0.4233220E-01
   0.3317538     -0.4239943E-01
   0.3389426     -0.4245166E-01
   0.3461333     -0.4248827E-01
   0.3533296     -0.4250860E-01
   0.3605348     -0.4251260E-01
   0.3677510     -0.4250102E-01
   0.3749788     -0.4247467E-01
   0.3822174     -0.4243432E-01
   0.3894648     -0.4238082E-01
   0.3967174     -0.4231502E-01
   0.4039702     -0.4223778E-01
   0.4112173     -0.4214912E-01
   0.4184542     -0.4204819E-01
   0.4256784     -0.4193412E-01
   0.4328890     -0.4180603E-01
   0.4400873     -0.4166301E-01
   0.4472760     -0.4150414E-01
   0.4544598     -0.4132845E-01
   0.4616442     -0.4113572E-01
   0.4688336     -0.4092636E-01
   0.4760305     -0.4070082E-01
   0.4832357     -0.4045958E-01
   0.4904482     -0.4020320E-01
   0.4976650     -0.3993229E-01
   0.5048815     -0.3964755E-01
   0.5120923     -0.3934914E-01
   0.5192941     -0.3903678E-01
   0.5264860     -0.3871009E-01
   0.5336698     -0.3836857E-01
   0.5408498     -0.3801159E-01
   0.5480326     -0.3763834E-01
   0.5552277     -0.3724796E-01
   0.5624447     -0.3684094E-01
   0.5696903     -0.3641879E-01
   0.5769665     -0.3598330E-01
   0.5842706     -0.3553660E-01
   0.5915950     -0.3508119E-01
   0.5989266     -0.3461998E-01
   0.6062479     -0.3415569E-01
   0.6135405     -0.3368755E-01
   0.6207926     -0.3321303E-01
   0.6279991     -0.3272926E-01
   0.6351613     -0.3223310E-01
   0.6422866     -0.3172107E-01
   0.6493878     -0.3118929E-01
   0.6564827     -0.3063421E-01
   0.6635907     -0.3005656E-01
   0.6707272     -0.2945887E-01
   0.6779033     -0.2884398E-01
   0.6851250     -0.2821522E-01
   0.6923933     -0.2757651E-01
   0.6997036     -0.2693240E-01
   0.7070451     -0.2628738E-01
   0.7144049     -0.2564267E-01
   0.7217717     -0.2499818E-01
   0.7291375     -0.2435357E-01
   0.7364969     -0.2370826E-01
   0.7438478     -0.2306137E-01
   0.7511912     -0.2241179E-01
   0.7585305     -0.2175862E-01
   0.7658702     -0.2110203E-01
   0.7732137     -0.2044241E-01
   0.7805639     -0.1978026E-01
   0.7879226     -0.1911613E-01
   0.7952909     -0.1845067E-01
   0.8026691     -0.1778459E-01
   0.8100565     -0.1711846E-01
   0.8174512     -0.1645262E-01
   0.8248466     -0.1578779E-01
   0.8322422     -0.1512414E-01
   0.8396356     -0.1446201E-01
   0.8470170     -0.1380242E-01
   0.8543787     -0.1314620E-01
   0.8617135     -0.1249439E-01
   0.8690183     -0.1184791E-01
   0.8762948     -0.1120725E-01
   0.8835492     -0.1057249E-01
   0.8907919     -0.9943329E-02
   0.8980377     -0.9319124E-02
   0.9053056     -0.8698866E-02
   0.9126105     -0.8081458E-02
   0.9199467     -0.7467298E-02
   0.9272830     -0.6858843E-02
   0.9345639     -0.6260455E-02
   0.9417157     -0.5677825E-02
   0.9486569     -0.5117055E-02
   0.9553130     -0.4583551E-02
   0.9616318     -0.4080869E-02
   0.9675917     -0.3610126E-02
   0.9731942     -0.3170610E-02
   0.9784551     -0.2760526E-02
   0.9833980     -0.2377564E-02
   0.9880492     -0.2019271E-02
   0.9924349     -0.1683252E-02
   0.9965803     -0.1367285E-02
   0.9999987     -0.1107929E-02
