CLARK Y AIRFOIL
    1.000001      0.5989616E-03
   0.9964798      0.1438417E-02
   0.9920298      0.2498412E-02
   0.9871360      0.3662883E-02
   0.9818142      0.4927403E-02
   0.9761080      0.6280597E-02
   0.9700670      0.7708578E-02
   0.9637485      0.9194954E-02
   0.9572146      0.1072299E-01
   0.9505281      0.1227627E-01
   0.9437424      0.1384089E-01
   0.9368925      0.1540753E-01
   0.9299931      0.1697210E-01
   0.9230536      0.1853253E-01
   0.9160829      0.2008694E-01
   0.9090893      0.2163368E-01
   0.9020801      0.2317152E-01
   0.8950605      0.2469959E-01
   0.8880344      0.2621701E-01
   0.8810040      0.2772297E-01
   0.8739701      0.2921697E-01
   0.8669333      0.3069883E-01
   0.8598942      0.3216833E-01
   0.8528541      0.3362512E-01
   0.8458140      0.3506870E-01
   0.8387733      0.3649876E-01
   0.8317307      0.3791536E-01
   0.8246855      0.3931881E-01
   0.8176385      0.4070918E-01
   0.8105914      0.4208602E-01
   0.8035451      0.4344870E-01
   0.7964986      0.4479688E-01
   0.7894499      0.4613085E-01
   0.7823982      0.4745103E-01
   0.7753443      0.4875749E-01
   0.7682901      0.5004977E-01
   0.7612358      0.5132738E-01
   0.7541803      0.5259020E-01
   0.7471219      0.5383862E-01
   0.7400604      0.5507297E-01
   0.7329970      0.5629322E-01
   0.7259331      0.5749894E-01
   0.7188693      0.5868978E-01
   0.7118051      0.5986559E-01
   0.7047401      0.6102642E-01
   0.6976749      0.6217221E-01
   0.6906104      0.6330269E-01
   0.6835479      0.6441734E-01
   0.6764888      0.6551561E-01
   0.6694345      0.6659677E-01
   0.6623850      0.6766002E-01
   0.6553396      0.6870479E-01
   0.6482970      0.6973086E-01
   0.6412569      0.7073811E-01
   0.6342204      0.7172615E-01
   0.6271885      0.7269422E-01
   0.6201615      0.7364155E-01
   0.6131382      0.7456762E-01
   0.6061171      0.7547228E-01
   0.5990973      0.7635539E-01
   0.5920782      0.7721679E-01
   0.5850596      0.7805631E-01
   0.5780409      0.7887384E-01
   0.5710215      0.7966931E-01
   0.5640010      0.8044274E-01
   0.5569791      0.8119413E-01
   0.5499558      0.8192346E-01
   0.5429310      0.8263073E-01
   0.5359048      0.8331590E-01
   0.5288773      0.8397897E-01
   0.5218489      0.8461991E-01
   0.5148198      0.8523871E-01
   0.5077909      0.8583524E-01
   0.5007630      0.8640936E-01
   0.4937374      0.8696084E-01
   0.4867155      0.8748922E-01
   0.4796987      0.8799393E-01
   0.4726880      0.8847440E-01
   0.4656844      0.8892987E-01
   0.4586881      0.8935959E-01
   0.4516992      0.8976289E-01
   0.4447173      0.9013918E-01
   0.4377421      0.9048791E-01
   0.4307733      0.9080852E-01
   0.4238109      0.9110042E-01
   0.4168547      0.9136305E-01
   0.4099045      0.9159578E-01
   0.4029586      0.9179796E-01
   0.3960138      0.9196902E-01
   0.3890661      0.9210912E-01
   0.3821124      0.9221892E-01
   0.3751511      0.9229907E-01
   0.3681819      0.9235022E-01
   0.3612039      0.9237303E-01
   0.3542160      0.9236819E-01
   0.3472176      0.9233659E-01
   0.3402094      0.9227918E-01
   0.3331933      0.9219690E-01
   0.3261717      0.9209035E-01
   0.3191449      0.9196005E-01
   0.3121121      0.9180675E-01
   0.3050761      0.9163195E-01
   0.2980466      0.9143746E-01
   0.2910386      0.9122353E-01
   0.2840651      0.9098736E-01
   0.2771335      0.9072591E-01
   0.2702462      0.9043603E-01
   0.2634047      0.9011453E-01
   0.2566105      0.8975839E-01
   0.2498647      0.8936462E-01
   0.2431678      0.8893025E-01
   0.2365187      0.8845233E-01
   0.2299158      0.8792816E-01
   0.2233580      0.8735526E-01
   0.2168451      0.8673129E-01
   0.2103768      0.8605380E-01
   0.2039501      0.8531984E-01
   0.1975588      0.8452607E-01
   0.1911943      0.8367011E-01
   0.1848489      0.8275136E-01
   0.1785176      0.8176938E-01
   0.1721978      0.8072429E-01
   0.1658893      0.7961717E-01
   0.1595947      0.7844968E-01
   0.1533190      0.7722363E-01
   0.1470690      0.7594008E-01
   0.1408520      0.7460021E-01
   0.1346755      0.7320527E-01
   0.1285478      0.7175529E-01
   0.1224771      0.7025010E-01
   0.1164710      0.6868989E-01
   0.1105366      0.6707474E-01
   0.1046780      0.6540412E-01
   0.9889619E-01  0.6367687E-01
   0.9319061E-01  0.6189287E-01
   0.8756873E-01  0.6005761E-01
   0.8205097E-01  0.5818173E-01
   0.7666755E-01  0.5627977E-01
   0.7145470E-01  0.5436178E-01
   0.6644476E-01  0.5243410E-01
   0.6166084E-01  0.5050342E-01
   0.5711672E-01  0.4857605E-01
   0.5281927E-01  0.4665543E-01
   0.4876869E-01  0.4474334E-01
   0.4496049E-01  0.4284249E-01
   0.4139086E-01  0.4095856E-01
   0.3805606E-01  0.3909847E-01
   0.3495216E-01  0.3726596E-01
   0.3207207E-01  0.3546200E-01
   0.2940459E-01  0.3368713E-01
   0.2693581E-01  0.3194333E-01
   0.2465068E-01  0.3023507E-01
   0.2253461E-01  0.2856574E-01
   0.2057366E-01  0.2693741E-01
   0.1875433E-01  0.2535163E-01
   0.1706188E-01  0.2381420E-01
   0.1548460E-01  0.2233368E-01
   0.1401384E-01  0.2091777E-01
   0.1264212E-01  0.1957205E-01
   0.1136249E-01  0.1829923E-01
   0.1017136E-01  0.1709517E-01
   0.9065776E-02  0.1595117E-01
   0.8040780E-02  0.1485897E-01
   0.7091087E-02  0.1381113E-01
   0.6212848E-02  0.1280118E-01
   0.5402302E-02  0.1182375E-01
   0.4655587E-02  0.1087439E-01
   0.3968906E-02  0.9949435E-02
   0.3339379E-02  0.9045753E-02
   0.2765951E-02  0.8160614E-02
   0.2247473E-02  0.7291729E-02
   0.1782614E-02  0.6437205E-02
   0.1371080E-02  0.5595652E-02
   0.1012890E-02  0.4765558E-02
   0.7075874E-03  0.3945624E-02
   0.4548287E-03  0.3137067E-02
   0.2561034E-03  0.2342365E-02
   0.1134636E-03  0.1560265E-02
   0.2836964E-04  0.7853123E-03
   0.6154050E-08  0.1162307E-04
   0.2641123E-04 -0.7640420E-03
   0.1075269E-03 -0.1543328E-02
   0.2448225E-03 -0.2326403E-02
   0.4408939E-03 -0.3111740E-02
   0.6988268E-03 -0.3895917E-02
   0.1017462E-02 -0.4677943E-02
   0.1391505E-02 -0.5460294E-02
   0.1819282E-02 -0.6242866E-02
   0.2300405E-02 -0.7024377E-02
   0.2834878E-02 -0.7804018E-02
   0.3423176E-02 -0.8581587E-02
   0.4065513E-02 -0.9356827E-02
   0.4762174E-02 -0.1012939E-01
   0.5514901E-02 -0.1089883E-01
   0.6325749E-02 -0.1166464E-01
   0.7196618E-02 -0.1242617E-01
   0.8129136E-02 -0.1318265E-01
   0.9125360E-02 -0.1393235E-01
   0.1018996E-01 -0.1467074E-01
   0.1132902E-01 -0.1539211E-01
   0.1255003E-01 -0.1608990E-01
   0.1386089E-01 -0.1675978E-01
   0.1526907E-01 -0.1740122E-01
   0.1678290E-01 -0.1801415E-01
   0.1841191E-01 -0.1859884E-01
   0.2016686E-01 -0.1915614E-01
   0.2206127E-01 -0.1968835E-01
   0.2411566E-01 -0.2020125E-01
   0.2635398E-01 -0.2070456E-01
   0.2880005E-01 -0.2121379E-01
   0.3147098E-01 -0.2175197E-01
   0.3437300E-01 -0.2232838E-01
   0.3750682E-01 -0.2292991E-01
   0.4087498E-01 -0.2353729E-01
   0.4449395E-01 -0.2413259E-01
   0.4838652E-01 -0.2470509E-01
   0.5257307E-01 -0.2524259E-01
   0.5706990E-01 -0.2573654E-01
   0.6189242E-01 -0.2618445E-01
   0.6705860E-01 -0.2658767E-01
   0.7257780E-01 -0.2695201E-01
   0.7843370E-01 -0.2728870E-01
   0.8457109E-01 -0.2761327E-01
   0.9090590E-01 -0.2792438E-01
   0.9736434E-01 -0.2821082E-01
   0.1039086     -0.2846355E-01
   0.1105350     -0.2867988E-01
   0.1172415     -0.2886112E-01
   0.1240173     -0.2900864E-01
   0.1308453     -0.2912331E-01
   0.1377119     -0.2920575E-01
   0.1446104     -0.2925690E-01
   0.1515393     -0.2927796E-01
   0.1584978     -0.2927022E-01
   0.1654846     -0.2923507E-01
   0.1724985     -0.2917409E-01
   0.1795382     -0.2908900E-01
   0.1866027     -0.2898152E-01
   0.1936907     -0.2885326E-01
   0.2008012     -0.2870579E-01
   0.2079326     -0.2854067E-01
   0.2150840     -0.2835919E-01
   0.2222546     -0.2816265E-01
   0.2294440     -0.2795236E-01
   0.2366522     -0.2772964E-01
   0.2438790     -0.2749586E-01
   0.2511241     -0.2725245E-01
   0.2583869     -0.2700090E-01
   0.2656665     -0.2674272E-01
   0.2729613     -0.2647927E-01
   0.2802687     -0.2621187E-01
   0.2875855     -0.2594194E-01
   0.2949083     -0.2567114E-01
   0.3022349     -0.2540114E-01
   0.3095642     -0.2513301E-01
   0.3168960     -0.2486689E-01
   0.3242311     -0.2460276E-01
   0.3315705     -0.2434031E-01
   0.3389142     -0.2407898E-01
   0.3462609     -0.2381834E-01
   0.3536090     -0.2355839E-01
   0.3609578     -0.2329925E-01
   0.3683079     -0.2304088E-01
   0.3756598     -0.2278285E-01
   0.3830133     -0.2252473E-01
   0.3903676     -0.2226624E-01
   0.3977221     -0.2200736E-01
   0.4050766     -0.2174806E-01
   0.4124314     -0.2148834E-01
   0.4197864     -0.2122822E-01
   0.4271414     -0.2096773E-01
   0.4344960     -0.2070681E-01
   0.4418506     -0.2044539E-01
   0.4492055     -0.2018348E-01
   0.4565611     -0.1992133E-01
   0.4639175     -0.1965923E-01
   0.4712740     -0.1939724E-01
   0.4786306     -0.1913516E-01
   0.4859872     -0.1887283E-01
   0.4933439     -0.1861034E-01
   0.5007010     -0.1834791E-01
   0.5080586     -0.1808568E-01
   0.5154167     -0.1782363E-01
   0.5227751     -0.1756170E-01
   0.5301336     -0.1729986E-01
   0.5374921     -0.1703818E-01
   0.5448507     -0.1677666E-01
   0.5522096     -0.1651527E-01
   0.5595688     -0.1625390E-01
   0.5669284     -0.1599250E-01
   0.5742882     -0.1573106E-01
   0.5816480     -0.1546961E-01
   0.5890080     -0.1520817E-01
   0.5963679     -0.1494674E-01
   0.6037278     -0.1468529E-01
   0.6110875     -0.1442384E-01
   0.6184472     -0.1416243E-01
   0.6258064     -0.1390106E-01
   0.6331653     -0.1363969E-01
   0.6405239     -0.1337821E-01
   0.6478824     -0.1311655E-01
   0.6552411     -0.1285475E-01
   0.6625999     -0.1259287E-01
   0.6699582     -0.1233104E-01
   0.6773158     -0.1206936E-01
   0.6846727     -0.1180796E-01
   0.6920291     -0.1154672E-01
   0.6993851     -0.1128538E-01
   0.7067409     -0.1102376E-01
   0.7140966     -0.1076203E-01
   0.7214520     -0.1050047E-01
   0.7288074     -0.1023921E-01
   0.7361627     -0.9977999E-02
   0.7435179     -0.9716549E-02
   0.7508731     -0.9454853E-02
   0.7582282     -0.9193194E-02
   0.7655834     -0.8931825E-02
   0.7729385     -0.8670634E-02
   0.7802936     -0.8409325E-02
   0.7876487     -0.8147711E-02
   0.7950038     -0.7886003E-02
   0.8023588     -0.7624495E-02
   0.8097138     -0.7363268E-02
   0.8170687     -0.7102054E-02
   0.8244236     -0.6840579E-02
   0.8317782     -0.6578889E-02
   0.8391327     -0.6317279E-02
   0.8464869     -0.6055983E-02
   0.8538405     -0.5794846E-02
   0.8611935     -0.5533579E-02
   0.8685454     -0.5272051E-02
   0.8758957     -0.5010521E-02
   0.8832435     -0.4749309E-02
   0.8905876     -0.4488486E-02
   0.8979262     -0.4227835E-02
   0.9052570     -0.3967173E-02
   0.9125766     -0.3706726E-02
   0.9198780     -0.3447027E-02
   0.9271514     -0.3188629E-02
   0.9343842     -0.2931785E-02
   0.9415618     -0.2676726E-02
   0.9486658     -0.2424002E-02
   0.9556590     -0.2175175E-02
   0.9624827     -0.1932592E-02
   0.9690675     -0.1698715E-02
   0.9753450     -0.1475723E-02
   0.9812559     -0.1265777E-02
   0.9867536     -0.1070535E-02
   0.9917993     -0.8911570E-03
   0.9963798     -0.7280409E-03
   0.9999993     -0.5989616E-03
