Cambered plate C=18% T=5% R=0.78
    1.000000     -0.1413264E-17
   0.9969782      0.2535105E-02
   0.9932443      0.5632289E-02
   0.9892178      0.8928815E-02
   0.9848795      0.1243128E-01
   0.9802237      0.1613394E-01
   0.9752679      0.2001255E-01
   0.9700493      0.2402820E-01
   0.9646119      0.2813874E-01
   0.9589925      0.3230950E-01
   0.9532129      0.3651868E-01
   0.9472914      0.4074841E-01
   0.9412471      0.4498114E-01
   0.9350990      0.4920051E-01
   0.9288644      0.5339247E-01
   0.9225568      0.5754621E-01
   0.9161854      0.6165442E-01
   0.9097562      0.6571234E-01
   0.9032741      0.6971622E-01
   0.8967429      0.7366311E-01
   0.8901657      0.7755076E-01
   0.8835453      0.8137744E-01
   0.8768838      0.8514171E-01
   0.8701830      0.8884246E-01
   0.8634445      0.9247874E-01
   0.8566693      0.9604981E-01
   0.8498586      0.9955506E-01
   0.8430131      0.1029940    
   0.8361338      0.1063662    
   0.8292214      0.1096713    
   0.8222766      0.1129088    
   0.8153002      0.1160785    
   0.8082927      0.1191801    
   0.8012550      0.1222133    
   0.7941878      0.1251777    
   0.7870921      0.1280729    
   0.7799691      0.1308986    
   0.7728194      0.1336542    
   0.7656433      0.1363396    
   0.7584407      0.1389548    
   0.7512122      0.1414998    
   0.7439586      0.1439743    
   0.7366812      0.1463779    
   0.7293810      0.1487103    
   0.7220590      0.1509711    
   0.7147154      0.1531601    
   0.7073507      0.1552773    
   0.6999654      0.1573224    
   0.6925601      0.1592953    
   0.6851356      0.1611960    
   0.6776927      0.1630241    
   0.6702325      0.1647795    
   0.6627558      0.1664618    
   0.6552635      0.1680710    
   0.6477561      0.1696068    
   0.6402341      0.1710691    
   0.6326980      0.1724579    
   0.6251485      0.1737729    
   0.6175864      0.1750141    
   0.6100123      0.1761815    
   0.6024272      0.1772748    
   0.5948319      0.1782940    
   0.5872270      0.1792389    
   0.5796133      0.1801095    
   0.5719916      0.1809056    
   0.5643625      0.1816272    
   0.5567267      0.1822742    
   0.5490849      0.1828466    
   0.5414376      0.1833443    
   0.5337857      0.1837673    
   0.5261301      0.1841156    
   0.5184717      0.1843891    
   0.5108113      0.1845877    
   0.5031493      0.1847114    
   0.4954863      0.1847602    
   0.4878227      0.1847341    
   0.4801596      0.1846332    
   0.4724979      0.1844576    
   0.4648389      0.1842071    
   0.4571829      0.1838818    
   0.4495304      0.1834816    
   0.4418817      0.1830065    
   0.4342374      0.1824568    
   0.4265987      0.1818326    
   0.4189671      0.1811339    
   0.4113432      0.1803607    
   0.4037276      0.1795130    
   0.3961204      0.1785908    
   0.3885222      0.1775943    
   0.3809336      0.1765235    
   0.3733559      0.1753787    
   0.3657899      0.1741600    
   0.3582362      0.1728675    
   0.3506952      0.1715011    
   0.3431676      0.1700612    
   0.3356543      0.1685478    
   0.3281567      0.1669614    
   0.3206759      0.1653021    
   0.3132125      0.1635697    
   0.3057665      0.1617643    
   0.2983377      0.1598859    
   0.2909265      0.1579347    
   0.2835341      0.1559112    
   0.2761620      0.1538158    
   0.2688113      0.1516487    
   0.2614828      0.1494100    
   0.2541767      0.1470998    
   0.2468934      0.1447183    
   0.2396335      0.1422656    
   0.2323975      0.1397420    
   0.2251862      0.1371478    
   0.2180008      0.1344835    
   0.2108425      0.1317495    
   0.2037123      0.1289463    
   0.1966112      0.1260740    
   0.1895397      0.1231328    
   0.1824983      0.1201230    
   0.1754878      0.1170450    
   0.1685093      0.1138995    
   0.1615642      0.1106872    
   0.1546547      0.1074093    
   0.1477834      0.1040673    
   0.1409534      0.1006629    
   0.1341683      0.9719805E-01
   0.1274319      0.9367511E-01
   0.1207489      0.9009711E-01
   0.1141265      0.8646897E-01
   0.1075752      0.8279783E-01
   0.1011087      0.7909292E-01
   0.9474345E-01  0.7536559E-01
   0.8849874E-01  0.7162947E-01
   0.8239497E-01  0.6790021E-01
   0.7645693E-01  0.6419848E-01
   0.7071697E-01  0.6055136E-01
   0.6520956E-01  0.5698857E-01
   0.5996731E-01  0.5353786E-01
   0.5502175E-01  0.5022482E-01
   0.5039606E-01  0.4707127E-01
   0.4609951E-01  0.4409111E-01
   0.4212632E-01  0.4129099E-01
   0.3845927E-01  0.3867422E-01
   0.3507650E-01  0.3623796E-01
   0.3195354E-01  0.3397405E-01
   0.2906515E-01  0.3187100E-01
   0.2638676E-01  0.2991572E-01
   0.2389742E-01  0.2809370E-01
   0.2158424E-01  0.2639062E-01
   0.1943769E-01  0.2479604E-01
   0.1744833E-01  0.2330145E-01
   0.1560585E-01  0.2189902E-01
   0.1389918E-01  0.2058119E-01
   0.1231693E-01  0.1934067E-01
   0.1084786E-01  0.1817049E-01
   0.9481253E-02  0.1706413E-01
   0.8207154E-02  0.1601559E-01
   0.7016993E-02  0.1501888E-01
   0.5925524E-02  0.1404313E-01
   0.4961378E-02  0.1303863E-01
   0.4110351E-02  0.1200998E-01
   0.3357237E-02  0.1097001E-01
   0.2695953E-02  0.9921360E-02
   0.2120124E-02  0.8867323E-02
   0.1623736E-02  0.7811791E-02
   0.1201782E-02  0.6758038E-02
   0.8498943E-03  0.5709017E-02
   0.5638647E-03  0.4667112E-02
   0.3399153E-03  0.3634076E-02
   0.1749354E-03  0.2612768E-02
   0.6599495E-04  0.1607069E-02
   0.9699339E-05  0.6166669E-03
   0.3389763E-05 -0.3646866E-03
   0.4604842E-04 -0.1343497E-02
   0.1379422E-03 -0.2322440E-02
   0.2797495E-03 -0.3301233E-02
   0.4721755E-03 -0.4277887E-02
   0.7155842E-03 -0.5249466E-02
   0.1010215E-02 -0.6213185E-02
   0.1356213E-02 -0.7166544E-02
   0.1753614E-02 -0.8106965E-02
   0.2202532E-02 -0.9031598E-02
   0.2703189E-02 -0.9937442E-02
   0.3255362E-02 -0.1082172E-01
   0.3858268E-02 -0.1168184E-01
   0.4511298E-02 -0.1251494E-01
   0.5214142E-02 -0.1331786E-01
   0.5966245E-02 -0.1408753E-01
   0.6766669E-02 -0.1482104E-01
   0.7614443E-02 -0.1551526E-01
   0.8508612E-02 -0.1616691E-01
   0.9447950E-02 -0.1677297E-01
   0.1043090E-01 -0.1733059E-01
   0.1145605E-01 -0.1783628E-01
   0.1252215E-01 -0.1828607E-01
   0.1362747E-01 -0.1867677E-01
   0.1476998E-01 -0.1900529E-01
   0.1594781E-01 -0.1926736E-01
   0.1715909E-01 -0.1945844E-01
   0.1840155E-01 -0.1957473E-01
   0.1967279E-01 -0.1961183E-01
   0.2097032E-01 -0.1956446E-01
   0.2229155E-01 -0.1942735E-01
   0.2363370E-01 -0.1919462E-01
   0.2499379E-01 -0.1885887E-01
   0.2636808E-01 -0.1841095E-01
   0.2775360E-01 -0.1784080E-01
   0.2914866E-01 -0.1713944E-01
   0.3053877E-01 -0.1627787E-01
   0.3194333E-01 -0.1525689E-01
   0.3342861E-01 -0.1414271E-01
   0.3501382E-01 -0.1294197E-01
   0.3670851E-01 -0.1164741E-01
   0.3852216E-01 -0.1025247E-01
   0.4046371E-01 -0.8752014E-02
   0.4254120E-01 -0.7142973E-02
   0.4476187E-01 -0.5424765E-02
   0.4713325E-01 -0.3598896E-02
   0.4966619E-01 -0.1667225E-02
   0.5238041E-01  0.3721147E-03
   0.5530526E-01  0.2532313E-02
   0.5847495E-01  0.4834293E-02
   0.6192824E-01  0.7301943E-02
   0.6570506E-01  0.9959982E-02
   0.6983677E-01  0.1282804E-01
   0.7432781E-01  0.1590734E-01
   0.7915073E-01  0.1916955E-01
   0.8425828E-01  0.2257026E-01
   0.8960319E-01  0.2606552E-01
   0.9516299E-01  0.2962928E-01
   0.1009318      0.3325116E-01
   0.1068964      0.3691804E-01
   0.1130317      0.4061050E-01
   0.1193033      0.4430391E-01
   0.1256802      0.4797602E-01
   0.1321412      0.5161166E-01
   0.1386763      0.5520313E-01
   0.1452794      0.5874590E-01
   0.1519435      0.6223542E-01
   0.1586609      0.6566710E-01
   0.1654249      0.6903680E-01
   0.1722308      0.7234160E-01
   0.1790758      0.7557979E-01
   0.1859583      0.7875042E-01
   0.1928768      0.8185265E-01
   0.1998294      0.8488565E-01
   0.2068146      0.8784860E-01
   0.2138309      0.9074083E-01
   0.2208770      0.9356178E-01
   0.2279519      0.9631097E-01
   0.2350548      0.9898800E-01
   0.2421850      0.1015926    
   0.2493421      0.1041245    
   0.2565254      0.1065837    
   0.2637339      0.1089698    
   0.2709667      0.1112826    
   0.2782226      0.1135217    
   0.2855005      0.1156867    
   0.2927994      0.1177773    
   0.3001187      0.1197931    
   0.3074578      0.1217340    
   0.3148167      0.1236000    
   0.3221952      0.1253910    
   0.3295924      0.1271070    
   0.3370069      0.1287477    
   0.3444374      0.1303129    
   0.3518829      0.1318023    
   0.3593430      0.1332155    
   0.3668172      0.1345527    
   0.3743050      0.1358138    
   0.3818052      0.1369985    
   0.3893166      0.1381068    
   0.3968385      0.1391384    
   0.4043702      0.1400931    
   0.4119114      0.1409709    
   0.4194616      0.1417719    
   0.4270198      0.1424959    
   0.4345852      0.1431429    
   0.4421568      0.1437128    
   0.4497338      0.1442056    
   0.4573157      0.1446211    
   0.4649017      0.1449594    
   0.4724908      0.1452206    
   0.4800818      0.1454044    
   0.4876735      0.1455109    
   0.4952655      0.1455400    
   0.5028576      0.1454915    
   0.5104496      0.1453656    
   0.5180406      0.1451624    
   0.5256293      0.1448820    
   0.5332140      0.1445245    
   0.5407938      0.1440898    
   0.5483684      0.1435777    
   0.5559377      0.1429883    
   0.5635013      0.1423217    
   0.5710581      0.1415782    
   0.5786070      0.1407577    
   0.5861470      0.1398604    
   0.5936771      0.1388864    
   0.6011966      0.1378357    
   0.6087050      0.1367084    
   0.6162020      0.1355045    
   0.6236870      0.1342241    
   0.6311595      0.1328674    
   0.6386181      0.1314346    
   0.6460615      0.1299262    
   0.6534886      0.1283421    
   0.6608996      0.1266820    
   0.6682956      0.1249457    
   0.6756770      0.1231332    
   0.6830426      0.1212450    
   0.6903894      0.1192819    
   0.6977164      0.1172438    
   0.7050267      0.1151291    
   0.7123279      0.1129352    
   0.7196266      0.1106605    
   0.7269212      0.1083062    
   0.7342013      0.1058760    
   0.7414606      0.1033684    
   0.7487179      0.1007715    
   0.7560219      0.9806245E-01
   0.7634403      0.9522354E-01
   0.7710230      0.9225114E-01
   0.7787858      0.8915637E-01
   0.7867145      0.8596167E-01
   0.7947897      0.8269276E-01
   0.8029929      0.7937640E-01
   0.8113030      0.7602717E-01
   0.8196964      0.7264919E-01
   0.8281514      0.6924526E-01
   0.8366511      0.6582046E-01
   0.8451824      0.6238172E-01
   0.8537353      0.5893477E-01
   0.8623020      0.5548323E-01
   0.8708744      0.5202966E-01
   0.8794447      0.4857666E-01
   0.8880047      0.4512741E-01
   0.8965457      0.4168570E-01
   0.9050576      0.3825574E-01
   0.9135257      0.3484356E-01
   0.9219235      0.3145971E-01
   0.9302138      0.2811913E-01
   0.9383536      0.2483918E-01
   0.9463008      0.2163690E-01
   0.9540175      0.1852765E-01
   0.9614530      0.1553185E-01
   0.9685155      0.1268634E-01
   0.9751071      0.1003053E-01
   0.9811661      0.7589222E-02
   0.9866904      0.5363261E-02
   0.9917222      0.3335715E-02
   0.9963191      0.1483310E-02
    1.000000     -0.1413264E-17
