CURTISS CR-1 AIRFOIL
    1.000000      0.1699933E-04
   0.9962301      0.1020660E-02
   0.9915435      0.2266406E-02
   0.9864812      0.3609436E-02
   0.9810563      0.5043906E-02
   0.9752939      0.6559145E-02
   0.9692239      0.8143357E-02
   0.9628853      0.9781701E-02
   0.9563205      0.1145596E-01
   0.9495704      0.1315138E-01
   0.9426678      0.1485873E-01
   0.9356308      0.1657338E-01
   0.9284660      0.1829737E-01
   0.9211895      0.2003373E-01
   0.9138334      0.2178250E-01
   0.9064337      0.2354271E-01
   0.8990107      0.2531718E-01
   0.8915654      0.2711096E-01
   0.8840919      0.2892410E-01
   0.8765890      0.3075436E-01
   0.8690612      0.3259765E-01
   0.8615177      0.3444809E-01
   0.8539725      0.3629865E-01
   0.8464399      0.3814247E-01
   0.8389292      0.3997418E-01
   0.8314433      0.4178996E-01
   0.8239828      0.4358665E-01
   0.8165482      0.4536120E-01
   0.8091387      0.4711070E-01
   0.8017490      0.4883310E-01
   0.7943685      0.5052793E-01
   0.7869853      0.5219787E-01
   0.7795911      0.5384608E-01
   0.7721816      0.5547480E-01
   0.7647548      0.5708594E-01
   0.7573092      0.5868134E-01
   0.7498439      0.6026266E-01
   0.7423589      0.6183129E-01
   0.7348551      0.6338841E-01
   0.7273343      0.6493497E-01
   0.7197975      0.6647197E-01
   0.7122457      0.6800064E-01
   0.7046825      0.6952218E-01
   0.6971170      0.7103679E-01
   0.6895621      0.7254201E-01
   0.6820283      0.7403332E-01
   0.6745217      0.7550699E-01
   0.6670447      0.7695974E-01
   0.6595985      0.7838852E-01
   0.6521830      0.7979069E-01
   0.6447978      0.8116407E-01
   0.6374425      0.8250660E-01
   0.6301167      0.8381616E-01
   0.6228193      0.8509052E-01
   0.6155488      0.8632764E-01
   0.6083023      0.8752573E-01
   0.6010751      0.8868337E-01
   0.5938602      0.8979974E-01
   0.5866503      0.9087562E-01
   0.5794403      0.9191202E-01
   0.5722267      0.9290968E-01
   0.5650076      0.9386936E-01
   0.5577815      0.9479176E-01
   0.5505475      0.9567744E-01
   0.5433049      0.9652684E-01
   0.5360532      0.9734040E-01
   0.5287920      0.9811854E-01
   0.5215213      0.9886170E-01
   0.5142413      0.9957027E-01
   0.5069525      0.1002445    
   0.4996552      0.1008846    
   0.4923494      0.1014910    
   0.4850351      0.1020639    
   0.4777129      0.1026037    
   0.4703839      0.1031106    
   0.4630489      0.1035848    
   0.4557081      0.1040261    
   0.4483616      0.1044349    
   0.4410096      0.1048114    
   0.4336519      0.1051556    
   0.4262890      0.1054681    
   0.4189215      0.1057491    
   0.4115505      0.1059990    
   0.4041776      0.1062180    
   0.3968049      0.1064061    
   0.3894345      0.1065633    
   0.3820685      0.1066891    
   0.3747085      0.1067832    
   0.3673558      0.1068450    
   0.3600117      0.1068740    
   0.3526774      0.1068697    
   0.3453539      0.1068313    
   0.3380413      0.1067582    
   0.3307395      0.1066498    
   0.3234488      0.1065059    
   0.3161704      0.1063264    
   0.3089061      0.1061107    
   0.3016581      0.1058584    
   0.2944286      0.1055689    
   0.2872197      0.1052414    
   0.2800335      0.1048751    
   0.2728724      0.1044689    
   0.2657383      0.1040217    
   0.2586327      0.1035323    
   0.2515565      0.1029993    
   0.2445106      0.1024217    
   0.2374959      0.1017982    
   0.2305135      0.1011280    
   0.2235645      0.1004102    
   0.2166500      0.9964390E-01
   0.2097717      0.9882851E-01
   0.2029328      0.9796369E-01
   0.1961382      0.9704946E-01
   0.1893940      0.9608539E-01
   0.1827048      0.9507051E-01
   0.1760734      0.9400385E-01
   0.1695030      0.9288535E-01
   0.1630009      0.9171644E-01
   0.1565789      0.9049963E-01
   0.1502522      0.8923604E-01
   0.1440342      0.8792515E-01
   0.1379352      0.8656667E-01
   0.1319640      0.8515829E-01
   0.1261292      0.8369534E-01
   0.1204383      0.8217421E-01
   0.1148978      0.8059209E-01
   0.1095070      0.7894344E-01
   0.1042507      0.7721823E-01
   0.9910187E-01  0.7540164E-01
   0.9402470E-01  0.7348137E-01
   0.8899195E-01  0.7146376E-01
   0.8400284E-01  0.6936686E-01
   0.7908239E-01  0.6722020E-01
   0.7427754E-01  0.6505543E-01
   0.6963832E-01  0.6288911E-01
   0.6519883E-01  0.6073242E-01
   0.6097715E-01  0.5859296E-01
   0.5697942E-01  0.5647426E-01
   0.5320597E-01  0.5436922E-01
   0.4964831E-01  0.5226521E-01
   0.4629005E-01  0.5015393E-01
   0.4311306E-01  0.4804198E-01
   0.4010609E-01  0.4594038E-01
   0.3726219E-01  0.4386141E-01
   0.3457566E-01  0.4181818E-01
   0.3204203E-01  0.3982338E-01
   0.2965684E-01  0.3788793E-01
   0.2741559E-01  0.3601917E-01
   0.2531407E-01  0.3421941E-01
   0.2334625E-01  0.3248884E-01
   0.2150468E-01  0.3082633E-01
   0.1978111E-01  0.2922976E-01
   0.1816721E-01  0.2769635E-01
   0.1665545E-01  0.2622331E-01
   0.1523882E-01  0.2480802E-01
   0.1391069E-01  0.2344790E-01
   0.1266472E-01  0.2214037E-01
   0.1149494E-01  0.2088275E-01
   0.1039690E-01  0.1967121E-01
   0.9367244E-02  0.1850099E-01
   0.8402306E-02  0.1736776E-01
   0.7498428E-02  0.1626766E-01
   0.6653155E-02  0.1519710E-01
   0.5864655E-02  0.1415278E-01
   0.5130881E-02  0.1313182E-01
   0.4449668E-02  0.1213171E-01
   0.3818842E-02  0.1115023E-01
   0.3237052E-02  0.1018552E-01
   0.2703923E-02  0.9236049E-02
   0.2218922E-02  0.8300531E-02
   0.1781394E-02  0.7377891E-02
   0.1391415E-02  0.6467385E-02
   0.1049310E-02  0.5568094E-02
   0.7549418E-03  0.4678953E-02
   0.5077163E-03  0.3800663E-02
   0.3079451E-03  0.2935987E-02
   0.1571195E-03  0.2085880E-02
   0.5620155E-04  0.1247363E-02
   0.6159887E-05  0.4146161E-03
   0.6219336E-05 -0.4177238E-03
   0.5581755E-04 -0.1252954E-02
   0.1558071E-03 -0.2092860E-02
   0.3080773E-03 -0.2937694E-02
   0.5151743E-03 -0.3785920E-02
   0.7790937E-03 -0.4634599E-02
   0.1097837E-02 -0.5483183E-02
   0.1468642E-02 -0.6332128E-02
   0.1890263E-02 -0.7180898E-02
   0.2361481E-02 -0.8028596E-02
   0.2881864E-02 -0.8874606E-02
   0.3451458E-02 -0.9718541E-02
   0.4070127E-02 -0.1055995E-01
   0.4737832E-02 -0.1139839E-01
   0.5455450E-02 -0.1223359E-01
   0.6223966E-02 -0.1306527E-01
   0.7044213E-02 -0.1389307E-01
   0.7916796E-02 -0.1471655E-01
   0.8842358E-02 -0.1553497E-01
   0.9823364E-02 -0.1634627E-01
   0.1086325E-01 -0.1714775E-01
   0.1196589E-01 -0.1793634E-01
   0.1313549E-01 -0.1870904E-01
   0.1437559E-01 -0.1946440E-01
   0.1568965E-01 -0.2020141E-01
   0.1708137E-01 -0.2091900E-01
   0.1855466E-01 -0.2161605E-01
   0.2011364E-01 -0.2229135E-01
   0.2176325E-01 -0.2294419E-01
   0.2351055E-01 -0.2357582E-01
   0.2536334E-01 -0.2418846E-01
   0.2732938E-01 -0.2478531E-01
   0.2941566E-01 -0.2537082E-01
   0.3162758E-01 -0.2595041E-01
   0.3397147E-01 -0.2652359E-01
   0.3645534E-01 -0.2708569E-01
   0.3908836E-01 -0.2763134E-01
   0.4188228E-01 -0.2815483E-01
   0.4485142E-01 -0.2865252E-01
   0.4801020E-01 -0.2912221E-01
   0.5137152E-01 -0.2956187E-01
   0.5494595E-01 -0.2996743E-01
   0.5874276E-01 -0.3033142E-01
   0.6276976E-01 -0.3064580E-01
   0.6703357E-01 -0.3090331E-01
   0.7153933E-01 -0.3109782E-01
   0.7629211E-01 -0.3122413E-01
   0.8130051E-01 -0.3127836E-01
   0.8658108E-01 -0.3125933E-01
   0.9215083E-01 -0.3117075E-01
   0.9801324E-01 -0.3102091E-01
   0.1041471     -0.3082314E-01
   0.1105052     -0.3058290E-01
   0.1170359     -0.3029893E-01
   0.1236987     -0.2997028E-01
   0.1304694     -0.2959489E-01
   0.1373315     -0.2916966E-01
   0.1442753     -0.2869146E-01
   0.1512979     -0.2815992E-01
   0.1584021     -0.2757683E-01
   0.1655966     -0.2694420E-01
   0.1728891     -0.2626853E-01
   0.1802735     -0.2556043E-01
   0.1877252     -0.2483302E-01
   0.1952160     -0.2410003E-01
   0.2027282     -0.2337423E-01
   0.2102559     -0.2266332E-01
   0.2177959     -0.2196879E-01
   0.2253446     -0.2129164E-01
   0.2328988     -0.2063259E-01
   0.2404557     -0.1999213E-01
   0.2480136     -0.1937066E-01
   0.2555713     -0.1876871E-01
   0.2631286     -0.1818675E-01
   0.2706858     -0.1762511E-01
   0.2782433     -0.1708402E-01
   0.2858016     -0.1656367E-01
   0.2933619     -0.1606422E-01
   0.3009256     -0.1558576E-01
   0.3084955     -0.1512816E-01
   0.3160740     -0.1469076E-01
   0.3236633     -0.1427285E-01
   0.3312653     -0.1387351E-01
   0.3388811     -0.1349166E-01
   0.3465112     -0.1312622E-01
   0.3541555     -0.1277625E-01
   0.3618137     -0.1244084E-01
   0.3694851     -0.1211913E-01
   0.3771691     -0.1181038E-01
   0.3848658     -0.1151382E-01
   0.3925747     -0.1122852E-01
   0.4002943     -0.1095350E-01
   0.4080215     -0.1068801E-01
   0.4157531     -0.1043211E-01
   0.4234875     -0.1018596E-01
   0.4312240     -0.9949669E-02
   0.4389620     -0.9723260E-02
   0.4467009     -0.9506794E-02
   0.4544398     -0.9300448E-02
   0.4621791     -0.9104425E-02
   0.4699194     -0.8918797E-02
   0.4776613     -0.8743439E-02
   0.4854046     -0.8578256E-02
   0.4931488     -0.8423431E-02
   0.5008953     -0.8279284E-02
   0.5086469     -0.8145839E-02
   0.5164065     -0.8022328E-02
   0.5241753     -0.7907881E-02
   0.5319532     -0.7801767E-02
   0.5397403     -0.7703367E-02
   0.5475373     -0.7612037E-02
   0.5553443     -0.7527053E-02
   0.5631613     -0.7447674E-02
   0.5709877     -0.7373246E-02
   0.5788233     -0.7303226E-02
   0.5866683     -0.7237027E-02
   0.5945229     -0.7173798E-02
   0.6023857     -0.7112593E-02
   0.6102541     -0.7052838E-02
   0.6181259     -0.6994574E-02
   0.6260000     -0.6937877E-02
   0.6338765     -0.6882722E-02
   0.6417551     -0.6829036E-02
   0.6496357     -0.6776725E-02
   0.6575180     -0.6725654E-02
   0.6654016     -0.6675685E-02
   0.6732862     -0.6626716E-02
   0.6811710     -0.6578666E-02
   0.6890555     -0.6531504E-02
   0.6969388     -0.6485328E-02
   0.7048208     -0.6440247E-02
   0.7127013     -0.6396309E-02
   0.7205793     -0.6353515E-02
   0.7284534     -0.6312001E-02
   0.7363222     -0.6272315E-02
   0.7441860     -0.6235066E-02
   0.7520456     -0.6200568E-02
   0.7599013     -0.6168878E-02
   0.7677521     -0.6140137E-02
   0.7755970     -0.6114869E-02
   0.7834357     -0.6093686E-02
   0.7912691     -0.6076907E-02
   0.7990979     -0.6064518E-02
   0.8069234     -0.6056223E-02
   0.8147444     -0.6050221E-02
   0.8225548     -0.6044188E-02
   0.8303441     -0.6035625E-02
   0.8381038     -0.6021765E-02
   0.8458294     -0.5999904E-02
   0.8535193     -0.5967542E-02
   0.8611719     -0.5922320E-02
   0.8687852     -0.5861981E-02
   0.8763571     -0.5784394E-02
   0.8838852     -0.5687528E-02
   0.8913664     -0.5569439E-02
   0.8987971     -0.5428294E-02
   0.9061721     -0.5262325E-02
   0.9134850     -0.5069339E-02
   0.9207270     -0.4847204E-02
   0.9278875     -0.4593974E-02
   0.9349572     -0.4307492E-02
   0.9419295     -0.3985822E-02
   0.9487981     -0.3628949E-02
   0.9555447     -0.3240517E-02
   0.9621366     -0.2825716E-02
   0.9685323     -0.2393158E-02
   0.9746859     -0.1955094E-02
   0.9805534     -0.1521455E-02
   0.9860990     -0.1100324E-02
   0.9912921     -0.6992284E-03
   0.9961137     -0.3229146E-03
    1.000000     -0.1699933E-04
