Dayton-Wright 6
    1.000000      0.2912819E-18
   0.9963695      0.1248977E-02
   0.9920081      0.2729201E-02
   0.9874468      0.4253847E-02
   0.9826718      0.5824301E-02
   0.9776699      0.7441397E-02
   0.9724294      0.9105122E-02
   0.9669409      0.1081425E-01
   0.9611992      0.1256587E-01
   0.9552056      0.1435492E-01
   0.9489702      0.1617366E-01
   0.9425138      0.1801212E-01
   0.9358665      0.1986050E-01
   0.9290623      0.2170950E-01
   0.9221358      0.2355093E-01
   0.9151184      0.2537850E-01
   0.9080355      0.2718840E-01
   0.9009039      0.2897959E-01
   0.8937305      0.3075373E-01
   0.8865150      0.3251330E-01
   0.8792562      0.3426045E-01
   0.8719537      0.3599724E-01
   0.8646077      0.3772558E-01
   0.8572194      0.3944728E-01
   0.8497908      0.4116403E-01
   0.8423249      0.4287735E-01
   0.8348258      0.4458864E-01
   0.8272985      0.4629915E-01
   0.8197491      0.4800992E-01
   0.8121849      0.4972184E-01
   0.8046142      0.5143557E-01
   0.7970461      0.5315157E-01
   0.7894903      0.5486845E-01
   0.7819549      0.5658141E-01
   0.7744463      0.5828555E-01
   0.7669693      0.5997645E-01
   0.7595272      0.6165012E-01
   0.7521219      0.6330304E-01
   0.7447537      0.6493210E-01
   0.7374218      0.6653456E-01
   0.7301241      0.6810807E-01
   0.7228574      0.6965056E-01
   0.7156177      0.7116023E-01
   0.7083997      0.7263551E-01
   0.7011974      0.7407500E-01
   0.6940038      0.7547756E-01
   0.6868119      0.7684416E-01
   0.6796153      0.7817738E-01
   0.6724086      0.7947959E-01
   0.6651868      0.8075295E-01
   0.6579455      0.8199945E-01
   0.6506810      0.8322090E-01
   0.6433902      0.8441898E-01
   0.6360704      0.8559524E-01
   0.6287198      0.8675112E-01
   0.6213372      0.8788795E-01
   0.6139218      0.8900699E-01
   0.6064740      0.9010938E-01
   0.5989947      0.9119621E-01
   0.5914857      0.9226836E-01
   0.5839492      0.9332602E-01
   0.5763877      0.9436909E-01
   0.5688038      0.9539743E-01
   0.5612008      0.9641091E-01
   0.5535820      0.9740938E-01
   0.5459512      0.9839269E-01
   0.5383124      0.9936069E-01
   0.5306699      0.1003132    
   0.5230284      0.1012501    
   0.5153927      0.1021713    
   0.5077677      0.1030766    
   0.5001588      0.1039658    
   0.4925712      0.1048389    
   0.4850099      0.1056939    
   0.4774790      0.1065282    
   0.4699815      0.1073391    
   0.4625193      0.1081242    
   0.4550933      0.1088815    
   0.4477036      0.1096087    
   0.4403494      0.1103042    
   0.4330291      0.1109661    
   0.4257404      0.1115928    
   0.4184803      0.1121827    
   0.4112452      0.1127345    
   0.4040309      0.1132464    
   0.3968324      0.1137172    
   0.3896445      0.1141454    
   0.3824622      0.1145312    
   0.3752816      0.1148746    
   0.3680998      0.1151754    
   0.3609148      0.1154337    
   0.3537257      0.1156491    
   0.3465326      0.1158213    
   0.3393366      0.1159501    
   0.3321398      0.1160351    
   0.3249453      0.1160762    
   0.3177571      0.1160731    
   0.3105803      0.1160258    
   0.3034207      0.1159343    
   0.2962853      0.1157990    
   0.2891814      0.1156195    
   0.2821168      0.1153932    
   0.2750980      0.1151176    
   0.2681301      0.1147903    
   0.2612170      0.1144089    
   0.2543614      0.1139715    
   0.2475649      0.1134760    
   0.2408283      0.1129207    
   0.2341515      0.1123038    
   0.2275334      0.1116235    
   0.2209725      0.1108781    
   0.2144666      0.1100657    
   0.2080131      0.1091845    
   0.2016087      0.1082323    
   0.1952500      0.1072071    
   0.1889332      0.1061072    
   0.1826561      0.1049319    
   0.1764172      0.1036809    
   0.1702164      0.1023537    
   0.1640547      0.1009504    
   0.1579339      0.9947111E-01
   0.1518569      0.9791623E-01
   0.1458273      0.9628662E-01
   0.1398498      0.9458287E-01
   0.1339308      0.9280502E-01
   0.1280771      0.9095353E-01
   0.1222960      0.8902943E-01
   0.1165952      0.8703437E-01
   0.1109821      0.8497055E-01
   0.1054644      0.8284076E-01
   0.1000491      0.8064829E-01
   0.9474328E-01  0.7839696E-01
   0.8955398E-01  0.7609183E-01
   0.8448876E-01  0.7373901E-01
   0.7955463E-01  0.7134499E-01
   0.7475782E-01  0.6891648E-01
   0.7010365E-01  0.6645991E-01
   0.6559939E-01  0.6397923E-01
   0.6125886E-01  0.6148115E-01
   0.5709970E-01  0.5897736E-01
   0.5313917E-01  0.5648260E-01
   0.4939073E-01  0.5401247E-01
   0.4586246E-01  0.5158201E-01
   0.4255762E-01  0.4920597E-01
   0.3946980E-01  0.4689274E-01
   0.3658557E-01  0.4464438E-01
   0.3388873E-01  0.4245926E-01
   0.3136276E-01  0.4033374E-01
   0.2899200E-01  0.3826322E-01
   0.2676217E-01  0.3624275E-01
   0.2466054E-01  0.3426739E-01
   0.2267483E-01  0.3233200E-01
   0.2078851E-01  0.3043177E-01
   0.1899284E-01  0.2857170E-01
   0.1728814E-01  0.2676540E-01
   0.1567782E-01  0.2502879E-01
   0.1416407E-01  0.2337497E-01
   0.1274591E-01  0.2181148E-01
   0.1141931E-01  0.2034010E-01
   0.1018569E-01  0.1895868E-01
   0.9048833E-02  0.1766079E-01
   0.8005931E-02  0.1643712E-01
   0.7051225E-02  0.1527811E-01
   0.6178208E-02  0.1417503E-01
   0.5380568E-02  0.1312027E-01
   0.4652585E-02  0.1210726E-01
   0.3989256E-02  0.1113045E-01
   0.3386287E-02  0.1018509E-01
   0.2840026E-02  0.9267110E-02
   0.2347397E-02  0.8372999E-02
   0.1905836E-02  0.7499678E-02
   0.1513235E-02  0.6644440E-02
   0.1167888E-02  0.5804868E-02
   0.8684592E-03  0.4978787E-02
   0.6139455E-03  0.4164206E-02
   0.4036602E-03  0.3359285E-02
   0.2372174E-03  0.2562296E-02
   0.1145259E-03  0.1771594E-02
   0.3579178E-04  0.9855833E-03
   0.1528398E-05  0.2026950E-03
   0.1257566E-04 -0.5786454E-03
   0.6989444E-04 -0.1359964E-02
   0.1728430E-03 -0.2142126E-02
   0.3201668E-03 -0.2925592E-02
   0.5109522E-03 -0.3710749E-02
   0.7445958E-03 -0.4497915E-02
   0.1020778E-02 -0.5287345E-02
   0.1339446E-02 -0.6079223E-02
   0.1700798E-02 -0.6873665E-02
   0.2105286E-02 -0.7670708E-02
   0.2553607E-02 -0.8470296E-02
   0.3046717E-02 -0.9272266E-02
   0.3585833E-02 -0.1007632E-01
   0.4172450E-02 -0.1088201E-01
   0.4808358E-02 -0.1168866E-01
   0.5495660E-02 -0.1249535E-01
   0.6236792E-02 -0.1330081E-01
   0.7034541E-02 -0.1410332E-01
   0.7892053E-02 -0.1490057E-01
   0.8812827E-02 -0.1568947E-01
   0.9800668E-02 -0.1646589E-01
   0.1085958E-01 -0.1722428E-01
   0.1199356E-01 -0.1795719E-01
   0.1320616E-01 -0.1865467E-01
   0.1450144E-01 -0.1930747E-01
   0.1588656E-01 -0.1991406E-01
   0.1736980E-01 -0.2047528E-01
   0.1896003E-01 -0.2099371E-01
   0.2066650E-01 -0.2147463E-01
   0.2249846E-01 -0.2192725E-01
   0.2446450E-01 -0.2236637E-01
   0.2657152E-01 -0.2281412E-01
   0.2882662E-01 -0.2328493E-01
   0.3123772E-01 -0.2377702E-01
   0.3381004E-01 -0.2428579E-01
   0.3654562E-01 -0.2480447E-01
   0.3944374E-01 -0.2532404E-01
   0.4250032E-01 -0.2583313E-01
   0.4571094E-01 -0.2631848E-01
   0.4907742E-01 -0.2676572E-01
   0.5261497E-01 -0.2715978E-01
   0.5635656E-01 -0.2749371E-01
   0.6034538E-01 -0.2776897E-01
   0.6463157E-01 -0.2798802E-01
   0.6926906E-01 -0.2815545E-01
   0.7430418E-01 -0.2828037E-01
   0.7974726E-01 -0.2837784E-01
   0.8555209E-01 -0.2844923E-01
   0.9164095E-01 -0.2848580E-01
   0.9793523E-01 -0.2847976E-01
   0.1043883     -0.2842471E-01
   0.1109954     -0.2831901E-01
   0.1177614     -0.2816518E-01
   0.1246888     -0.2796665E-01
   0.1317766     -0.2772776E-01
   0.1390192     -0.2745403E-01
   0.1464055     -0.2715224E-01
   0.1539172     -0.2683048E-01
   0.1615302     -0.2649476E-01
   0.1692196     -0.2614760E-01
   0.1769627     -0.2579142E-01
   0.1847406     -0.2542856E-01
   0.1925388     -0.2506127E-01
   0.2003480     -0.2469161E-01
   0.2081640     -0.2432123E-01
   0.2159851     -0.2395090E-01
   0.2238101     -0.2358114E-01
   0.2316375     -0.2321250E-01
   0.2394657     -0.2284552E-01
   0.2472932     -0.2248073E-01
   0.2551184     -0.2211869E-01
   0.2629393     -0.2175995E-01
   0.2707543     -0.2140504E-01
   0.2785613     -0.2105450E-01
   0.2863586     -0.2070888E-01
   0.2941441     -0.2036871E-01
   0.3019157     -0.2003451E-01
   0.3096714     -0.1970698E-01
   0.3174096     -0.1938726E-01
   0.3251290     -0.1907649E-01
   0.3328292     -0.1877578E-01
   0.3405100     -0.1848621E-01
   0.3481718     -0.1820880E-01
   0.3558156     -0.1794455E-01
   0.3634427     -0.1769445E-01
   0.3710550     -0.1745945E-01
   0.3786549     -0.1724049E-01
   0.3862449     -0.1703852E-01
   0.3938284     -0.1685450E-01
   0.4014089     -0.1668938E-01
   0.4089904     -0.1654344E-01
   0.4165768     -0.1641506E-01
   0.4241716     -0.1630233E-01
   0.4317779     -0.1620336E-01
   0.4393981     -0.1611627E-01
   0.4470345     -0.1603918E-01
   0.4546889     -0.1597020E-01
   0.4623624     -0.1590742E-01
   0.4700558     -0.1584893E-01
   0.4777696     -0.1579278E-01
   0.4855034     -0.1573697E-01
   0.4932565     -0.1567952E-01
   0.5010277     -0.1561839E-01
   0.5088153     -0.1555207E-01
   0.5166171     -0.1548070E-01
   0.5244313     -0.1540478E-01
   0.5322559     -0.1532481E-01
   0.5400891     -0.1524130E-01
   0.5479291     -0.1515476E-01
   0.5557742     -0.1506570E-01
   0.5636227     -0.1497466E-01
   0.5714731     -0.1488216E-01
   0.5793239     -0.1478871E-01
   0.5871737     -0.1469485E-01
   0.5950211     -0.1460109E-01
   0.6028648     -0.1450795E-01
   0.6107039     -0.1441548E-01
   0.6185371     -0.1432295E-01
   0.6263637     -0.1422958E-01
   0.6341827     -0.1413459E-01
   0.6419935     -0.1403720E-01
   0.6497955     -0.1393663E-01
   0.6575883     -0.1383211E-01
   0.6653716     -0.1372288E-01
   0.6731452     -0.1360818E-01
   0.6809088     -0.1348726E-01
   0.6886627     -0.1335935E-01
   0.6964069     -0.1322371E-01
   0.7041415     -0.1307962E-01
   0.7118671     -0.1292675E-01
   0.7195842     -0.1276519E-01
   0.7272936     -0.1259503E-01
   0.7349964     -0.1241636E-01
   0.7426939     -0.1222925E-01
   0.7503878     -0.1203375E-01
   0.7580799     -0.1182992E-01
   0.7657723     -0.1161779E-01
   0.7734674     -0.1139736E-01
   0.7811678     -0.1116864E-01
   0.7888764     -0.1093159E-01
   0.7965965     -0.1068618E-01
   0.8043315     -0.1043236E-01
   0.8120849     -0.1017067E-01
   0.8198588     -0.9902232E-02
   0.8276530     -0.9628291E-02
   0.8354657     -0.9350177E-02
   0.8432927     -0.9069318E-02
   0.8511276     -0.8787240E-02
   0.8589621     -0.8505560E-02
   0.8667856     -0.8225964E-02
   0.8745855     -0.7950186E-02
   0.8823479     -0.7679972E-02
   0.8900574     -0.7417042E-02
   0.8976978     -0.7163051E-02
   0.9052525     -0.6918807E-02
   0.9127029     -0.6676912E-02
   0.9200263     -0.6425704E-02
   0.9271976     -0.6154956E-02
   0.9341917     -0.5856225E-02
   0.9409852     -0.5523025E-02
   0.9475585     -0.5150874E-02
   0.9538966     -0.4737471E-02
   0.9599909     -0.4286030E-02
   0.9658397     -0.3802867E-02
   0.9714471     -0.3293677E-02
   0.9768208     -0.2763410E-02
   0.9819709     -0.2216289E-02
   0.9869089     -0.1655871E-02
   0.9916469     -0.1085125E-02
   0.9961971     -0.5065167E-03
    1.000000      0.2912819E-18
