E178  (8.69%)
    1.000000      0.6268044E-19
   0.9966083      0.2001315E-03
   0.9918116      0.5195236E-03
   0.9863671      0.9235472E-03
   0.9806179      0.1385955E-02
   0.9746731      0.1896531E-02
   0.9686129      0.2445502E-02
   0.9624940      0.3025376E-02
   0.9563540      0.3631615E-02
   0.9502123      0.4261008E-02
   0.9440705      0.4911898E-02
   0.9379217      0.5583047E-02
   0.9317613      0.6272888E-02
   0.9255882      0.6979479E-02
   0.9194050      0.7700512E-02
   0.9132164      0.8434402E-02
   0.9070265      0.9180365E-02
   0.9008377      0.9937805E-02
   0.8946508      0.1070632E-01
   0.8884646      0.1148571E-01
   0.8822771      0.1227560E-01
   0.8760863      0.1307531E-01
   0.8698909      0.1388405E-01
   0.8636906      0.1470091E-01
   0.8574857      0.1552488E-01
   0.8512775      0.1635489E-01
   0.8450676      0.1719033E-01
   0.8388574      0.1803096E-01
   0.8326480      0.1887662E-01
   0.8264399      0.1972717E-01
   0.8202330      0.2058258E-01
   0.8140270      0.2144285E-01
   0.8078210      0.2230792E-01
   0.8016142      0.2317750E-01
   0.7954059      0.2405124E-01
   0.7891955      0.2492877E-01
   0.7829828      0.2580968E-01
   0.7767676      0.2669356E-01
   0.7705501      0.2757994E-01
   0.7643304      0.2846844E-01
   0.7581090      0.2935877E-01
   0.7518861      0.3025069E-01
   0.7456623      0.3114391E-01
   0.7394378      0.3203819E-01
   0.7332129      0.3293325E-01
   0.7269882      0.3382882E-01
   0.7207640      0.3472461E-01
   0.7145406      0.3562025E-01
   0.7083183      0.3651536E-01
   0.7020972      0.3740955E-01
   0.6958775      0.3830249E-01
   0.6896591      0.3919381E-01
   0.6834421      0.4008319E-01
   0.6772262      0.4097029E-01
   0.6710113      0.4185483E-01
   0.6647972      0.4273654E-01
   0.6585840      0.4361514E-01
   0.6523715      0.4449034E-01
   0.6461599      0.4536184E-01
   0.6399494      0.4622933E-01
   0.6337401      0.4709250E-01
   0.6275326      0.4795099E-01
   0.6213270      0.4880420E-01
   0.6151237      0.4965131E-01
   0.6089230      0.5049148E-01
   0.6027252      0.5132390E-01
   0.5965306      0.5214775E-01
   0.5903395      0.5296224E-01
   0.5841520      0.5376655E-01
   0.5779685      0.5455989E-01
   0.5717891      0.5534138E-01
   0.5656139      0.5611009E-01
   0.5594427      0.5686509E-01
   0.5532752      0.5760553E-01
   0.5471109      0.5833053E-01
   0.5409492      0.5903926E-01
   0.5347892      0.5973090E-01
   0.5286300      0.6040468E-01
   0.5224705      0.6106026E-01
   0.5163100      0.6169758E-01
   0.5101481      0.6231656E-01
   0.5039846      0.6291706E-01
   0.4978195      0.6349893E-01
   0.4916531      0.6406202E-01
   0.4854861      0.6460612E-01
   0.4793193      0.6513099E-01
   0.4731536      0.6563605E-01
   0.4669897      0.6612059E-01
   0.4608282      0.6658391E-01
   0.4546692      0.6702532E-01
   0.4485128      0.6744418E-01
   0.4423586      0.6783985E-01
   0.4362061      0.6821172E-01
   0.4300546      0.6855923E-01
   0.4239034      0.6888218E-01
   0.4177519      0.6918044E-01
   0.4115999      0.6945387E-01
   0.4054471      0.6970234E-01
   0.3992938      0.6992566E-01
   0.3931403      0.7012369E-01
   0.3869871      0.7029624E-01
   0.3808349      0.7044306E-01
   0.3746844      0.7056369E-01
   0.3685362      0.7065768E-01
   0.3623904      0.7072458E-01
   0.3562472      0.7076395E-01
   0.3501066      0.7077534E-01
   0.3439681      0.7075831E-01
   0.3378312      0.7071244E-01
   0.3316955      0.7063776E-01
   0.3255602      0.7053444E-01
   0.3194249      0.7040268E-01
   0.3132892      0.7024266E-01
   0.3071525      0.7005454E-01
   0.3010145      0.6983849E-01
   0.2948749      0.6959465E-01
   0.2887333      0.6932328E-01
   0.2825898      0.6902471E-01
   0.2764447      0.6869931E-01
   0.2702986      0.6834746E-01
   0.2641523      0.6796959E-01
   0.2580072      0.6756614E-01
   0.2518648      0.6713758E-01
   0.2457270      0.6668378E-01
   0.2395951      0.6620407E-01
   0.2334701      0.6569772E-01
   0.2273526      0.6516401E-01
   0.2212425      0.6460216E-01
   0.2151394      0.6401134E-01
   0.2090424      0.6339074E-01
   0.2029506      0.6273977E-01
   0.1968636      0.6205799E-01
   0.1907817      0.6134499E-01
   0.1847057      0.6060045E-01
   0.1786369      0.5982413E-01
   0.1725773      0.5901586E-01
   0.1665291      0.5817491E-01
   0.1604940      0.5730012E-01
   0.1544731      0.5639025E-01
   0.1484664      0.5544397E-01
   0.1424734      0.5445984E-01
   0.1364931      0.5343622E-01
   0.1305248      0.5237130E-01
   0.1245699      0.5126350E-01
   0.1186321      0.5011171E-01
   0.1127168      0.4891533E-01
   0.1068318      0.4767435E-01
   0.1009853      0.4638794E-01
   0.9518118E-01  0.4505341E-01
   0.8941772E-01  0.4366679E-01
   0.8368746E-01  0.4222264E-01
   0.7797801E-01  0.4071376E-01
   0.7228073E-01  0.3913188E-01
   0.6660879E-01  0.3747371E-01
   0.6100046E-01  0.3574455E-01
   0.5551427E-01  0.3395904E-01
   0.5020830E-01  0.3213301E-01
   0.4508423E-01  0.3026209E-01
   0.4008093E-01  0.2831798E-01
   0.3508727E-01  0.2624531E-01
   0.3000858E-01  0.2397265E-01
   0.2506368E-01  0.2155821E-01
   0.2073121E-01  0.1924311E-01
   0.1721108E-01  0.1719430E-01
   0.1430818E-01  0.1535819E-01
   0.1178541E-01  0.1362447E-01
   0.9474826E-02  0.1189282E-01
   0.7269646E-02  0.1006446E-01
   0.5323936E-02  0.8241922E-02
   0.3844749E-02  0.6682410E-02
   0.2755751E-02  0.5418754E-02
   0.1925406E-02  0.4373224E-02
   0.1291083E-02  0.3478931E-02
   0.8097724E-03  0.2686011E-02
   0.4527366E-03  0.1962056E-02
   0.2032351E-03  0.1285802E-02
   0.5291876E-04  0.6421323E-03
   0.4881851E-07  0.1909870E-04
   0.4913901E-04 -0.5940758E-03
   0.2028471E-03 -0.1207646E-02
   0.4594458E-03 -0.1830543E-02
   0.8233528E-03 -0.2471395E-02
   0.1306317E-02 -0.3139552E-02
   0.1929353E-02 -0.3845695E-02
   0.2725327E-02 -0.4600738E-02
   0.3737670E-02 -0.5407892E-02
   0.5048431E-02 -0.6264887E-02
   0.6796397E-02 -0.7162382E-02
   0.9099546E-02 -0.8059060E-02
   0.1187598E-01 -0.8911523E-02
   0.1496866E-01 -0.9774638E-02
   0.1842317E-01 -0.1067577E-01
   0.2234117E-01 -0.1160764E-01
   0.2682020E-01 -0.1254124E-01
   0.3186551E-01 -0.1342058E-01
   0.3733722E-01 -0.1420612E-01
   0.4302955E-01 -0.1488762E-01
   0.4880286E-01 -0.1548811E-01
   0.5463071E-01 -0.1602677E-01
   0.6051425E-01 -0.1650743E-01
   0.6645233E-01 -0.1693347E-01
   0.7244077E-01 -0.1730836E-01
   0.7847291E-01 -0.1763586E-01
   0.8454170E-01 -0.1792015E-01
   0.9064052E-01 -0.1816579E-01
   0.9676328E-01 -0.1837770E-01
   0.1029046     -0.1856082E-01
   0.1090601     -0.1871795E-01
   0.1152265     -0.1885050E-01
   0.1214016     -0.1895995E-01
   0.1275838     -0.1904785E-01
   0.1337729     -0.1911578E-01
   0.1399694     -0.1916528E-01
   0.1461738     -0.1919774E-01
   0.1523864     -0.1921454E-01
   0.1586070     -0.1921705E-01
   0.1648351     -0.1920668E-01
   0.1710696     -0.1918484E-01
   0.1773091     -0.1915274E-01
   0.1835520     -0.1911088E-01
   0.1897974     -0.1905961E-01
   0.1960443     -0.1899933E-01
   0.2022922     -0.1893040E-01
   0.2085412     -0.1885320E-01
   0.2147912     -0.1876809E-01
   0.2210427     -0.1867548E-01
   0.2272963     -0.1857583E-01
   0.2335521     -0.1846958E-01
   0.2398105     -0.1835721E-01
   0.2460716     -0.1823917E-01
   0.2523352     -0.1811593E-01
   0.2586013     -0.1798795E-01
   0.2648695     -0.1785567E-01
   0.2711396     -0.1771935E-01
   0.2774112     -0.1757924E-01
   0.2836842     -0.1743559E-01
   0.2899582     -0.1728863E-01
   0.2962330     -0.1713862E-01
   0.3025086     -0.1698581E-01
   0.3087846     -0.1683044E-01
   0.3150611     -0.1667267E-01
   0.3213378     -0.1651260E-01
   0.3276149     -0.1635029E-01
   0.3338921     -0.1618583E-01
   0.3401697     -0.1601927E-01
   0.3464475     -0.1585070E-01
   0.3527258     -0.1568018E-01
   0.3590046     -0.1550779E-01
   0.3652841     -0.1533364E-01
   0.3715644     -0.1515788E-01
   0.3778457     -0.1498072E-01
   0.3841280     -0.1480232E-01
   0.3904114     -0.1462287E-01
   0.3966957     -0.1444255E-01
   0.4029809     -0.1426154E-01
   0.4092669     -0.1408004E-01
   0.4155536     -0.1389819E-01
   0.4218407     -0.1371606E-01
   0.4281282     -0.1353366E-01
   0.4344158     -0.1335100E-01
   0.4407034     -0.1316810E-01
   0.4469910     -0.1298499E-01
   0.4532785     -0.1280168E-01
   0.4595658     -0.1261818E-01
   0.4658528     -0.1243451E-01
   0.4721396     -0.1225073E-01
   0.4784260     -0.1206691E-01
   0.4847123     -0.1188315E-01
   0.4909982     -0.1169955E-01
   0.4972838     -0.1151618E-01
   0.5035692     -0.1133315E-01
   0.5098544     -0.1115053E-01
   0.5161394     -0.1096843E-01
   0.5224242     -0.1078691E-01
   0.5287089     -0.1060601E-01
   0.5349935     -0.1042572E-01
   0.5412781     -0.1024607E-01
   0.5475627     -0.1006704E-01
   0.5538472     -0.9888646E-02
   0.5601318     -0.9710894E-02
   0.5664165     -0.9533787E-02
   0.5727012     -0.9357331E-02
   0.5789860     -0.9181534E-02
   0.5852708     -0.9006411E-02
   0.5915558     -0.8831979E-02
   0.5978407     -0.8658253E-02
   0.6041256     -0.8485249E-02
   0.6104105     -0.8312986E-02
   0.6166952     -0.8141480E-02
   0.6229796     -0.7970749E-02
   0.6292637     -0.7800817E-02
   0.6355473     -0.7631756E-02
   0.6418304     -0.7463658E-02
   0.6481129     -0.7296614E-02
   0.6543949     -0.7130716E-02
   0.6606764     -0.6966054E-02
   0.6669575     -0.6802715E-02
   0.6732382     -0.6640789E-02
   0.6795189     -0.6480357E-02
   0.6857996     -0.6321437E-02
   0.6920806     -0.6163980E-02
   0.6983619     -0.6007938E-02
   0.7046435     -0.5853264E-02
   0.7109255     -0.5699911E-02
   0.7172079     -0.5547834E-02
   0.7234904     -0.5396989E-02
   0.7297731     -0.5247337E-02
   0.7360557     -0.5098894E-02
   0.7423382     -0.4951716E-02
   0.7486203     -0.4805863E-02
   0.7549021     -0.4661390E-02
   0.7611835     -0.4518354E-02
   0.7674647     -0.4376808E-02
   0.7737456     -0.4236808E-02
   0.7800264     -0.4098392E-02
   0.7863072     -0.3961559E-02
   0.7925882     -0.3826298E-02
   0.7988692     -0.3692602E-02
   0.8051504     -0.3560461E-02
   0.8114317     -0.3429869E-02
   0.8177130     -0.3300821E-02
   0.8239942     -0.3173331E-02
   0.8302751     -0.3047489E-02
   0.8365557     -0.2923394E-02
   0.8428358     -0.2801148E-02
   0.8491154     -0.2680851E-02
   0.8553944     -0.2562603E-02
   0.8616727     -0.2446492E-02
   0.8679504     -0.2332484E-02
   0.8742278     -0.2220457E-02
   0.8805053     -0.2110287E-02
   0.8867837     -0.2001845E-02
   0.8930641     -0.1894998E-02
   0.8993476     -0.1789593E-02
   0.9056350     -0.1685384E-02
   0.9119237     -0.1582152E-02
   0.9182113     -0.1479670E-02
   0.9244998     -0.1377638E-02
   0.9307824     -0.1275696E-02
   0.9370541     -0.1172492E-02
   0.9433144     -0.1066336E-02
   0.9495659     -0.9554987E-03
   0.9558145     -0.8382105E-03
   0.9620604     -0.7129202E-03
   0.9682839     -0.5785835E-03
   0.9744447     -0.4350204E-03
   0.9804808     -0.2904003E-03
   0.9863015     -0.1618251E-03
   0.9917878     -0.6426154E-04
   0.9966020     -0.1164034E-04
    1.000000      0.6268044E-19
