E203  (13.64%)
    1.000000      0.1778769E-19
   0.9964857      0.6517246E-03
   0.9920322      0.1550797E-02
   0.9871488      0.2612494E-02
   0.9818548      0.3825555E-02
   0.9761820      0.5170883E-02
   0.9701976      0.6612996E-02
   0.9640016      0.8103259E-02
   0.9576992      0.9603752E-02
   0.9513645      0.1108773E-01
   0.9450221      0.1254104E-01
   0.9386616      0.1396370E-01
   0.9322701      0.1535968E-01
   0.9258389      0.1673186E-01
   0.9193642      0.1808218E-01
   0.9128458      0.1941333E-01
   0.9062862      0.2072874E-01
   0.8996891      0.2203170E-01
   0.8930601      0.2332533E-01
   0.8864066      0.2461193E-01
   0.8797355      0.2589138E-01
   0.8730523      0.2716331E-01
   0.8663615      0.2842763E-01
   0.8596657      0.2968454E-01
   0.8529665      0.3093449E-01
   0.8462641      0.3217766E-01
   0.8395588      0.3341413E-01
   0.8328506      0.3464397E-01
   0.8261396      0.3586726E-01
   0.8194258      0.3708411E-01
   0.8127092      0.3829462E-01
   0.8059897      0.3949896E-01
   0.7992674      0.4069728E-01
   0.7925426      0.4188973E-01
   0.7858154      0.4307641E-01
   0.7790863      0.4425743E-01
   0.7723558      0.4543284E-01
   0.7656242      0.4660251E-01
   0.7588922      0.4776624E-01
   0.7521600      0.4892386E-01
   0.7454280      0.5007518E-01
   0.7386965      0.5122003E-01
   0.7319658      0.5235827E-01
   0.7252359      0.5348969E-01
   0.7185071      0.5461402E-01
   0.7117795      0.5573100E-01
   0.7050530      0.5684036E-01
   0.6983276      0.5794184E-01
   0.6916032      0.5903521E-01
   0.6848798      0.6012022E-01
   0.6781571      0.6119665E-01
   0.6714350      0.6226431E-01
   0.6647135      0.6332297E-01
   0.6579926      0.6437239E-01
   0.6512725      0.6541235E-01
   0.6445534      0.6644258E-01
   0.6378355      0.6746282E-01
   0.6311192      0.6847270E-01
   0.6244050      0.6947163E-01
   0.6176933      0.7045898E-01
   0.6109846      0.7143411E-01
   0.6042795      0.7239639E-01
   0.5975788      0.7334518E-01
   0.5908831      0.7427983E-01
   0.5841934      0.7519964E-01
   0.5775101      0.7610360E-01
   0.5708340      0.7699061E-01
   0.5641651      0.7785962E-01
   0.5575036      0.7870963E-01
   0.5508493      0.7953967E-01
   0.5442018      0.8034881E-01
   0.5375605      0.8113613E-01
   0.5309246      0.8190091E-01
   0.5242938      0.8264251E-01
   0.5176674      0.8336029E-01
   0.5110451      0.8405359E-01
   0.5044268      0.8472173E-01
   0.4978124      0.8536405E-01
   0.4912018      0.8597985E-01
   0.4845952      0.8656847E-01
   0.4779928      0.8712926E-01
   0.4713945      0.8766163E-01
   0.4648003      0.8816497E-01
   0.4582102      0.8863868E-01
   0.4516237      0.8908220E-01
   0.4450406      0.8949493E-01
   0.4384605      0.8987633E-01
   0.4318829      0.9022601E-01
   0.4253075      0.9054365E-01
   0.4187345      0.9082887E-01
   0.4121637      0.9108132E-01
   0.4055954      0.9130063E-01
   0.3990299      0.9148644E-01
   0.3924677      0.9163837E-01
   0.3859095      0.9175595E-01
   0.3793556      0.9183869E-01
   0.3728064      0.9188608E-01
   0.3662622      0.9189766E-01
   0.3597230      0.9187292E-01
   0.3531889      0.9181139E-01
   0.3466597      0.9171259E-01
   0.3401351      0.9157625E-01
   0.3336149      0.9140215E-01
   0.3270988      0.9119007E-01
   0.3205862      0.9093979E-01
   0.3140766      0.9065104E-01
   0.3075694      0.9032355E-01
   0.3010638      0.8995709E-01
   0.2945593      0.8955176E-01
   0.2880554      0.8910778E-01
   0.2815520      0.8862538E-01
   0.2750493      0.8810482E-01
   0.2685477      0.8754636E-01
   0.2620479      0.8695030E-01
   0.2555509      0.8631680E-01
   0.2490580      0.8564579E-01
   0.2425704      0.8493717E-01
   0.2360894      0.8419090E-01
   0.2296164      0.8340698E-01
   0.2231531      0.8258544E-01
   0.2167010      0.8172620E-01
   0.2102618      0.8082866E-01
   0.2038372      0.7989206E-01
   0.1974283      0.7891570E-01
   0.1910365      0.7789885E-01
   0.1846628      0.7684080E-01
   0.1783080      0.7574077E-01
   0.1719731      0.7459785E-01
   0.1656592      0.7341108E-01
   0.1593673      0.7217958E-01
   0.1530986      0.7090247E-01
   0.1468541      0.6957893E-01
   0.1406355      0.6820788E-01
   0.1344453      0.6678801E-01
   0.1282873      0.6531836E-01
   0.1221665      0.6379839E-01
   0.1160885      0.6222803E-01
   0.1100602      0.6060725E-01
   0.1040880      0.5893494E-01
   0.9817600E-01  0.5720947E-01
   0.9232641E-01  0.5542882E-01
   0.8653943E-01  0.5359056E-01
   0.8081536E-01  0.5169161E-01
   0.7516397E-01  0.4973063E-01
   0.6960803E-01  0.4771161E-01
   0.6418022E-01  0.4564423E-01
   0.5891845E-01  0.4354280E-01
   0.5385592E-01  0.4141980E-01
   0.4900564E-01  0.3928047E-01
   0.4436288E-01  0.3712423E-01
   0.3991250E-01  0.3494618E-01
   0.3564760E-01  0.3274219E-01
   0.3162097E-01  0.3053743E-01
   0.2792390E-01  0.2838971E-01
   0.2462241E-01  0.2635751E-01
   0.2172703E-01  0.2447395E-01
   0.1919920E-01  0.2273518E-01
   0.1697325E-01  0.2111489E-01
   0.1498724E-01  0.1958457E-01
   0.1319195E-01  0.1811954E-01
   0.1155056E-01  0.1669997E-01
   0.1003588E-01  0.1530954E-01
   0.8635827E-02  0.1394160E-01
   0.7354913E-02  0.1260734E-01
   0.6200659E-02  0.1132599E-01
   0.5174219E-02  0.1011435E-01
   0.4268320E-02  0.8981263E-02
   0.3470055E-02  0.7927679E-02
   0.2767380E-02  0.6949564E-02
   0.2157960E-02  0.6039182E-02
   0.1636534E-02  0.5185192E-02
   0.1195910E-02  0.4376320E-02
   0.8296377E-03  0.3602710E-02
   0.5327916E-03  0.2855974E-02
   0.3021129E-03  0.2128874E-02
   0.1360156E-03  0.1414928E-02
   0.3463400E-04  0.7080184E-03
   0.2717791E-09  0.1987269E-05
   0.3362864E-04 -0.7089195E-03
   0.1330985E-03 -0.1428566E-02
   0.2972671E-03 -0.2160125E-02
   0.5268165E-03 -0.2906411E-02
   0.8240775E-03 -0.3669867E-02
   0.1192939E-02 -0.4452359E-02
   0.1638707E-02 -0.5254674E-02
   0.2167677E-02 -0.6075473E-02
   0.2785936E-02 -0.6909361E-02
   0.3500773E-02 -0.7749983E-02
   0.4323790E-02 -0.8596163E-02
   0.5267312E-02 -0.9447464E-02
   0.6343129E-02 -0.1030406E-01
   0.7561188E-02 -0.1116757E-01
   0.8928020E-02 -0.1204239E-01
   0.1044544E-01 -0.1293810E-01
   0.1211135E-01 -0.1387214E-01
   0.1393543E-01 -0.1485714E-01
   0.1594059E-01 -0.1589542E-01
   0.1815276E-01 -0.1698729E-01
   0.2060051E-01 -0.1813058E-01
   0.2331439E-01 -0.1931959E-01
   0.2632811E-01 -0.2054500E-01
   0.2967764E-01 -0.2179943E-01
   0.3339176E-01 -0.2307744E-01
   0.3748412E-01 -0.2437180E-01
   0.4194550E-01 -0.2567512E-01
   0.4674362E-01 -0.2698205E-01
   0.5183607E-01 -0.2827788E-01
   0.5716909E-01 -0.2954210E-01
   0.6268591E-01 -0.3075852E-01
   0.6834506E-01 -0.3191884E-01
   0.7412981E-01 -0.3302185E-01
   0.8003121E-01 -0.3406813E-01
   0.8603846E-01 -0.3505889E-01
   0.9213865E-01 -0.3599608E-01
   0.9831703E-01 -0.3688216E-01
   0.1045593     -0.3771797E-01
   0.1108533     -0.3850405E-01
   0.1171889     -0.3924171E-01
   0.1235591     -0.3993303E-01
   0.1299597     -0.4058054E-01
   0.1363890     -0.4118623E-01
   0.1428453     -0.4175161E-01
   0.1493267     -0.4227825E-01
   0.1558307     -0.4276777E-01
   0.1623547     -0.4322186E-01
   0.1688955     -0.4364189E-01
   0.1754507     -0.4402860E-01
   0.1820180     -0.4438271E-01
   0.1885962     -0.4470504E-01
   0.1951843     -0.4499644E-01
   0.2017823     -0.4525781E-01
   0.2083905     -0.4549008E-01
   0.2150092     -0.4569414E-01
   0.2216383     -0.4587088E-01
   0.2282774     -0.4602119E-01
   0.2349254     -0.4614595E-01
   0.2415807     -0.4624608E-01
   0.2482415     -0.4632236E-01
   0.2549057     -0.4637480E-01
   0.2615711     -0.4640320E-01
   0.2682360     -0.4640738E-01
   0.2748987     -0.4638718E-01
   0.2815575     -0.4634248E-01
   0.2882111     -0.4627315E-01
   0.2948582     -0.4617895E-01
   0.3014980     -0.4605926E-01
   0.3081301     -0.4591342E-01
   0.3147548     -0.4574076E-01
   0.3213726     -0.4554059E-01
   0.3279848     -0.4531219E-01
   0.3345932     -0.4505481E-01
   0.3412000     -0.4476799E-01
   0.3478076     -0.4445231E-01
   0.3544183     -0.4410853E-01
   0.3610344     -0.4373735E-01
   0.3676579     -0.4333949E-01
   0.3742909     -0.4291561E-01
   0.3809352     -0.4246636E-01
   0.3875928     -0.4199246E-01
   0.3942654     -0.4149525E-01
   0.4009542     -0.4097651E-01
   0.4076601     -0.4043804E-01
   0.4143834     -0.3988174E-01
   0.4211239     -0.3930959E-01
   0.4278807     -0.3872364E-01
   0.4346523     -0.3812606E-01
   0.4414366     -0.3751876E-01
   0.4482316     -0.3690281E-01
   0.4550352     -0.3627911E-01
   0.4618458     -0.3564857E-01
   0.4686621     -0.3501205E-01
   0.4754829     -0.3437043E-01
   0.4823076     -0.3372454E-01
   0.4891358     -0.3307519E-01
   0.4959671     -0.3242303E-01
   0.5028016     -0.3176852E-01
   0.5096388     -0.3111212E-01
   0.5164785     -0.3045432E-01
   0.5233203     -0.2979558E-01
   0.5301638     -0.2913640E-01
   0.5370083     -0.2847728E-01
   0.5438533     -0.2781871E-01
   0.5506980     -0.2716109E-01
   0.5575419     -0.2650471E-01
   0.5643844     -0.2584988E-01
   0.5712251     -0.2519686E-01
   0.5780635     -0.2454592E-01
   0.5848995     -0.2389733E-01
   0.5917328     -0.2325135E-01
   0.5985633     -0.2260821E-01
   0.6053909     -0.2196821E-01
   0.6122157     -0.2133167E-01
   0.6190378     -0.2069891E-01
   0.6258572     -0.2007024E-01
   0.6326742     -0.1944596E-01
   0.6394891     -0.1882638E-01
   0.6463020     -0.1821178E-01
   0.6531133     -0.1760245E-01
   0.6599234     -0.1699854E-01
   0.6667324     -0.1640017E-01
   0.6735406     -0.1580749E-01
   0.6803481     -0.1522063E-01
   0.6871547     -0.1463975E-01
   0.6939605     -0.1406499E-01
   0.7007652     -0.1349653E-01
   0.7075686     -0.1293454E-01
   0.7143706     -0.1237930E-01
   0.7211709     -0.1183104E-01
   0.7279695     -0.1129001E-01
   0.7347663     -0.1075646E-01
   0.7415614     -0.1023062E-01
   0.7483550     -0.9712715E-02
   0.7551472     -0.9202970E-02
   0.7619382     -0.8701588E-02
   0.7687281     -0.8208775E-02
   0.7755169     -0.7724747E-02
   0.7823043     -0.7249725E-02
   0.7890901     -0.6783937E-02
   0.7958739     -0.6327619E-02
   0.8026553     -0.5881041E-02
   0.8094336     -0.5444643E-02
   0.8162085     -0.5018915E-02
   0.8229798     -0.4604336E-02
   0.8297474     -0.4201370E-02
   0.8365113     -0.3810474E-02
   0.8432717     -0.3432090E-02
   0.8500290     -0.3066594E-02
   0.8567832     -0.2714279E-02
   0.8635348     -0.2375441E-02
   0.8702837     -0.2050377E-02
   0.8770302     -0.1739385E-02
   0.8837744     -0.1442772E-02
   0.8905159     -0.1160938E-02
   0.8972539     -0.8943794E-03
   0.9039864     -0.6436196E-03
   0.9107107     -0.4091924E-03
   0.9174229     -0.1916410E-03
   0.9241184      0.7989709E-05
   0.9307915      0.1879804E-03
   0.9374353      0.3466350E-03
   0.9440417      0.4823690E-03
   0.9506014      0.5934489E-03
   0.9570945      0.6769088E-03
   0.9634835      0.7298063E-03
   0.9697183      0.7501554E-03
   0.9757409      0.7337736E-03
   0.9814823      0.6728079E-03
   0.9868764      0.5640283E-03
   0.9918731      0.4074082E-03
   0.9964260      0.2052451E-03
    1.000000      0.1778769E-19
