E205  (10.48%)
    1.000000     -0.2742269E-19
   0.9966119      0.3807755E-03
   0.9921852      0.9366764E-03
   0.9872426      0.1623018E-02
   0.9818614      0.2429433E-02
   0.9760992      0.3340364E-02
   0.9700394      0.4327472E-02
   0.9637839      0.5355466E-02
   0.9574290      0.6400502E-02
   0.9510433      0.7445412E-02
   0.9446544      0.8480099E-02
   0.9382592      0.9503091E-02
   0.9318515      0.1051556E-01
   0.9254270      0.1151834E-01
   0.9189833      0.1251203E-01
   0.9125200      0.1349799E-01
   0.9060379      0.1447826E-01
   0.8995387      0.1545479E-01
   0.8930251      0.1642942E-01
   0.8865009      0.1740372E-01
   0.8799700      0.1837786E-01
   0.8734354      0.1935154E-01
   0.8668995      0.2032459E-01
   0.8603641      0.2129695E-01
   0.8538297      0.2226865E-01
   0.8472965      0.2323977E-01
   0.8407643      0.2421024E-01
   0.8342327      0.2517998E-01
   0.8277016      0.2614893E-01
   0.8211706      0.2711702E-01
   0.8146395      0.2808420E-01
   0.8081078      0.2905047E-01
   0.8015753      0.3001592E-01
   0.7950421      0.3098060E-01
   0.7885082      0.3194458E-01
   0.7819739      0.3290787E-01
   0.7754396      0.3387046E-01
   0.7689058      0.3483233E-01
   0.7623731      0.3579321E-01
   0.7558419      0.3675281E-01
   0.7493125      0.3771084E-01
   0.7427850      0.3866704E-01
   0.7362592      0.3962116E-01
   0.7297350      0.4057301E-01
   0.7232120      0.4152240E-01
   0.7166897      0.4246928E-01
   0.7101678      0.4341363E-01
   0.7036461      0.4435540E-01
   0.6971244      0.4529455E-01
   0.6906027      0.4623100E-01
   0.6840811      0.4716467E-01
   0.6775599      0.4809545E-01
   0.6710392      0.4902315E-01
   0.6645192      0.4994751E-01
   0.6580004      0.5086828E-01
   0.6514827      0.5178521E-01
   0.6449664      0.5269803E-01
   0.6384517      0.5360652E-01
   0.6319387      0.5451042E-01
   0.6254275      0.5540949E-01
   0.6189181      0.5630337E-01
   0.6124107      0.5719172E-01
   0.6059052      0.5807417E-01
   0.5994017      0.5895037E-01
   0.5929002      0.5981999E-01
   0.5864006      0.6068267E-01
   0.5799030      0.6153808E-01
   0.5734073      0.6238581E-01
   0.5669135      0.6322537E-01
   0.5604219      0.6405626E-01
   0.5539325      0.6487794E-01
   0.5474459      0.6568988E-01
   0.5409625      0.6649154E-01
   0.5344830      0.6728236E-01
   0.5280080      0.6806177E-01
   0.5215382      0.6882886E-01
   0.5150743      0.6958259E-01
   0.5086166      0.7032189E-01
   0.5021654      0.7104577E-01
   0.4957208      0.7175322E-01
   0.4892826      0.7244329E-01
   0.4828506      0.7311505E-01
   0.4764245      0.7376761E-01
   0.4700037      0.7440018E-01
   0.4635880      0.7501202E-01
   0.4571771      0.7560237E-01
   0.4507706      0.7617046E-01
   0.4443683      0.7671556E-01
   0.4379699      0.7723688E-01
   0.4315754      0.7773369E-01
   0.4251846      0.7820526E-01
   0.4187974      0.7865101E-01
   0.4124138      0.7907032E-01
   0.4060338      0.7946260E-01
   0.3996573      0.7982723E-01
   0.3932842      0.8016363E-01
   0.3869147      0.8047118E-01
   0.3805487      0.8074930E-01
   0.3741862      0.8099742E-01
   0.3678274      0.8121496E-01
   0.3614725      0.8140135E-01
   0.3551216      0.8155605E-01
   0.3487750      0.8167847E-01
   0.3424329      0.8176807E-01
   0.3360956      0.8182430E-01
   0.3297635      0.8184653E-01
   0.3234368      0.8183415E-01
   0.3171159      0.8178655E-01
   0.3108008      0.8170309E-01
   0.3044918      0.8158316E-01
   0.2981888      0.8142615E-01
   0.2918920      0.8123147E-01
   0.2856013      0.8099868E-01
   0.2793165      0.8072740E-01
   0.2730375      0.8041727E-01
   0.2667639      0.8006787E-01
   0.2604953      0.7967879E-01
   0.2542311      0.7924957E-01
   0.2479707      0.7877987E-01
   0.2417135      0.7826966E-01
   0.2354594      0.7771900E-01
   0.2292084      0.7712794E-01
   0.2229609      0.7649658E-01
   0.2167178      0.7582506E-01
   0.2104801      0.7511353E-01
   0.2042491      0.7436179E-01
   0.1980263      0.7356946E-01
   0.1918133      0.7273621E-01
   0.1856117      0.7186175E-01
   0.1794231      0.7094583E-01
   0.1732493      0.6998822E-01
   0.1670920      0.6898823E-01
   0.1609530      0.6794489E-01
   0.1548335      0.6685723E-01
   0.1487345      0.6572424E-01
   0.1426568      0.6454490E-01
   0.1366009      0.6331800E-01
   0.1305684      0.6204194E-01
   0.1245624      0.6071540E-01
   0.1185873      0.5933751E-01
   0.1126492      0.5790792E-01
   0.1067551      0.5642668E-01
   0.1009118      0.5489281E-01
   0.9512298E-01  0.5330420E-01
   0.8938824E-01  0.5165789E-01
   0.8370395E-01  0.4994992E-01
   0.7806445E-01  0.4817505E-01
   0.7247305E-01  0.4632879E-01
   0.6695134E-01  0.4441283E-01
   0.6153716E-01  0.4243654E-01
   0.5627873E-01  0.4041627E-01
   0.5121723E-01  0.3836608E-01
   0.4635663E-01  0.3628549E-01
   0.4166846E-01  0.3416077E-01
   0.3710464E-01  0.3196662E-01
   0.3263788E-01  0.2967984E-01
   0.2837447E-01  0.2734509E-01
   0.2451144E-01  0.2508022E-01
   0.2117621E-01  0.2299356E-01
   0.1835473E-01  0.2111036E-01
   0.1593724E-01  0.1938434E-01
   0.1381582E-01  0.1776136E-01
   0.1191127E-01  0.1619690E-01
   0.1016667E-01  0.1465371E-01
   0.8546099E-02  0.1310655E-01
   0.7060639E-02  0.1157716E-01
   0.5746554E-02  0.1012434E-01
   0.4620034E-02  0.8796939E-02
   0.3666361E-02  0.7609765E-02
   0.2856888E-02  0.6552768E-02
   0.2175447E-02  0.5605310E-02
   0.1609495E-02  0.4742239E-02
   0.1144000E-02  0.3941685E-02
   0.7667915E-03  0.3186881E-02
   0.4692420E-03  0.2465007E-02
   0.2458647E-03  0.1765870E-02
   0.9391634E-04  0.1080863E-02
   0.1324132E-04  0.4021390E-03
   0.6301379E-05 -0.2780627E-03
   0.7377574E-04 -0.9656771E-03
   0.2134780E-03 -0.1663554E-02
   0.4256761E-03 -0.2373674E-02
   0.7131446E-03 -0.3097211E-02
   0.1081086E-02 -0.3834106E-02
   0.1537118E-02 -0.4582136E-02
   0.2090957E-02 -0.5335026E-02
   0.2753342E-02 -0.6079977E-02
   0.3538881E-02 -0.6808091E-02
   0.4467116E-02 -0.7517184E-02
   0.5560243E-02 -0.8206259E-02
   0.6842059E-02 -0.8876900E-02
   0.8335317E-02 -0.9536349E-02
   0.1005635E-01 -0.1020333E-01
   0.1200948E-01 -0.1091472E-01
   0.1421546E-01 -0.1169130E-01
   0.1670655E-01 -0.1252878E-01
   0.1950032E-01 -0.1341051E-01
   0.2259733E-01 -0.1430734E-01
   0.2600721E-01 -0.1518660E-01
   0.2977616E-01 -0.1603354E-01
   0.3395909E-01 -0.1684802E-01
   0.3860143E-01 -0.1763274E-01
   0.4370888E-01 -0.1839478E-01
   0.4920815E-01 -0.1913620E-01
   0.5496830E-01 -0.1983531E-01
   0.6085380E-01 -0.2047374E-01
   0.6678020E-01 -0.2104545E-01
   0.7273913E-01 -0.2155495E-01
   0.7875721E-01 -0.2200999E-01
   0.8485384E-01 -0.2241713E-01
   0.9103652E-01 -0.2278201E-01
   0.9729848E-01 -0.2310983E-01
   0.1036194     -0.2340389E-01
   0.1099775     -0.2366499E-01
   0.1163563     -0.2389439E-01
   0.1227451     -0.2409387E-01
   0.1291397     -0.2426563E-01
   0.1355422     -0.2441192E-01
   0.1419565     -0.2453455E-01
   0.1483857     -0.2463520E-01
   0.1548313     -0.2471549E-01
   0.1612935     -0.2477706E-01
   0.1677709     -0.2482154E-01
   0.1742610     -0.2485032E-01
   0.1807610     -0.2486421E-01
   0.1872687     -0.2486400E-01
   0.1937822     -0.2485050E-01
   0.2003005     -0.2482452E-01
   0.2068229     -0.2478689E-01
   0.2133492     -0.2473843E-01
   0.2198797     -0.2467971E-01
   0.2264145     -0.2461126E-01
   0.2329537     -0.2453360E-01
   0.2394972     -0.2444724E-01
   0.2460448     -0.2435272E-01
   0.2525963     -0.2425055E-01
   0.2591513     -0.2414124E-01
   0.2657094     -0.2402515E-01
   0.2722704     -0.2390261E-01
   0.2788339     -0.2377395E-01
   0.2853997     -0.2363949E-01
   0.2919676     -0.2349956E-01
   0.2985375     -0.2335448E-01
   0.3051094     -0.2320459E-01
   0.3116833     -0.2305014E-01
   0.3182590     -0.2289138E-01
   0.3248366     -0.2272852E-01
   0.3314159     -0.2256182E-01
   0.3379970     -0.2239150E-01
   0.3445797     -0.2221780E-01
   0.3511640     -0.2204095E-01
   0.3577496     -0.2186119E-01
   0.3643365     -0.2167867E-01
   0.3709246     -0.2149353E-01
   0.3775138     -0.2130592E-01
   0.3841039     -0.2111599E-01
   0.3906951     -0.2092388E-01
   0.3972872     -0.2072973E-01
   0.4038802     -0.2053368E-01
   0.4104741     -0.2033587E-01
   0.4170690     -0.2013642E-01
   0.4236648     -0.1993543E-01
   0.4302615     -0.1973302E-01
   0.4368591     -0.1952930E-01
   0.4434574     -0.1932439E-01
   0.4500565     -0.1911838E-01
   0.4566563     -0.1891141E-01
   0.4632565     -0.1870357E-01
   0.4698572     -0.1849492E-01
   0.4764582     -0.1828551E-01
   0.4830595     -0.1807538E-01
   0.4896610     -0.1786457E-01
   0.4962628     -0.1765312E-01
   0.5028648     -0.1744106E-01
   0.5094671     -0.1722844E-01
   0.5160698     -0.1701530E-01
   0.5226729     -0.1680168E-01
   0.5292766     -0.1658764E-01
   0.5358809     -0.1637324E-01
   0.5424856     -0.1615855E-01
   0.5490909     -0.1594361E-01
   0.5556966     -0.1572850E-01
   0.5623026     -0.1551327E-01
   0.5689087     -0.1529800E-01
   0.5755148     -0.1508273E-01
   0.5821208     -0.1486753E-01
   0.5887264     -0.1465242E-01
   0.5953317     -0.1443747E-01
   0.6019367     -0.1422270E-01
   0.6085412     -0.1400817E-01
   0.6151455     -0.1379391E-01
   0.6217495     -0.1357997E-01
   0.6283533     -0.1336635E-01
   0.6349572     -0.1315306E-01
   0.6415611     -0.1294007E-01
   0.6481651     -0.1272737E-01
   0.6547693     -0.1251496E-01
   0.6613736     -0.1230283E-01
   0.6679781     -0.1209096E-01
   0.6745826     -0.1187934E-01
   0.6811871     -0.1166798E-01
   0.6877916     -0.1145690E-01
   0.6943959     -0.1124611E-01
   0.7010002     -0.1103563E-01
   0.7076042     -0.1082547E-01
   0.7142082     -0.1061564E-01
   0.7208121     -0.1040617E-01
   0.7274159     -0.1019705E-01
   0.7340197     -0.9988295E-02
   0.7406235     -0.9779914E-02
   0.7472273     -0.9571908E-02
   0.7538311     -0.9364283E-02
   0.7604349     -0.9157046E-02
   0.7670386     -0.8950203E-02
   0.7736421     -0.8743754E-02
   0.7802454     -0.8537615E-02
   0.7868483     -0.8331650E-02
   0.7934510     -0.8125721E-02
   0.8000534     -0.7919686E-02
   0.8066557     -0.7713404E-02
   0.8132581     -0.7506731E-02
   0.8198607     -0.7299542E-02
   0.8264637     -0.7091799E-02
   0.8330669     -0.6883492E-02
   0.8396700     -0.6674619E-02
   0.8462725     -0.6465188E-02
   0.8528735     -0.6255212E-02
   0.8594720     -0.6044638E-02
   0.8660667     -0.5832913E-02
   0.8726562     -0.5619286E-02
   0.8792390     -0.5403014E-02
   0.8858133     -0.5183366E-02
   0.8923773     -0.4959617E-02
   0.8989290     -0.4730435E-02
   0.9054659     -0.4493506E-02
   0.9119849     -0.4246485E-02
   0.9184821     -0.3987114E-02
   0.9249533     -0.3713243E-02
   0.9313953     -0.3423047E-02
   0.9378099     -0.3114827E-02
   0.9442052     -0.2786581E-02
   0.9505958     -0.2435925E-02
   0.9569958     -0.2063903E-02
   0.9633877     -0.1679292E-02
   0.9697075     -0.1294346E-02
   0.9758546     -0.9252703E-03
   0.9817101     -0.5972565E-03
   0.9871663     -0.3305842E-03
   0.9921508     -0.1383191E-03
   0.9965966     -0.3050034E-04
    1.000000     -0.2742269E-19
