E220  (11.48%)
    1.000000      0.1084202E-18
   0.9967120      0.7170865E-04
   0.9924215      0.2374027E-03
   0.9876135      0.5039693E-03
   0.9823639      0.8668471E-03
   0.9767525      0.1318414E-02
   0.9708716      0.1849281E-02
   0.9648027      0.2444767E-02
   0.9585940      0.3093923E-02
   0.9522832      0.3788380E-02
   0.9459029      0.4518967E-02
   0.9394771      0.5277304E-02
   0.9330230      0.6059521E-02
   0.9265535      0.6863333E-02
   0.9200777      0.7686800E-02
   0.9136004      0.8528442E-02
   0.9071229      0.9387592E-02
   0.9006454      0.1026412E-01
   0.8941683      0.1115794E-01
   0.8876915      0.1206898E-01
   0.8812151      0.1299716E-01
   0.8747388      0.1394234E-01
   0.8682624      0.1490421E-01
   0.8617855      0.1588245E-01
   0.8553075      0.1687675E-01
   0.8488279      0.1788684E-01
   0.8423460      0.1891246E-01
   0.8358610      0.1995319E-01
   0.8293722      0.2100842E-01
   0.8228791      0.2207750E-01
   0.8163815      0.2315971E-01
   0.8098792      0.2425434E-01
   0.8033723      0.2536059E-01
   0.7968613      0.2647769E-01
   0.7903464      0.2760494E-01
   0.7838278      0.2874169E-01
   0.7773058      0.2988731E-01
   0.7707801      0.3104120E-01
   0.7642506      0.3220278E-01
   0.7577169      0.3337149E-01
   0.7511785      0.3454681E-01
   0.7446351      0.3572821E-01
   0.7380866      0.3691510E-01
   0.7315332      0.3810683E-01
   0.7249754      0.3930270E-01
   0.7184142      0.4050194E-01
   0.7118508      0.4170370E-01
   0.7052867      0.4290706E-01
   0.6987234      0.4411093E-01
   0.6921621      0.4531420E-01
   0.6856040      0.4651586E-01
   0.6790497      0.4771489E-01
   0.6724999      0.4891036E-01
   0.6659549      0.5010137E-01
   0.6594147      0.5128706E-01
   0.6528794      0.5246650E-01
   0.6463490      0.5363867E-01
   0.6398241      0.5480250E-01
   0.6333054      0.5595690E-01
   0.6267939      0.5710074E-01
   0.6202906      0.5823286E-01
   0.6137972      0.5935206E-01
   0.6073151      0.6045686E-01
   0.6008457      0.6154522E-01
   0.5943894      0.6261521E-01
   0.5879466      0.6366499E-01
   0.5815168      0.6469285E-01
   0.5750991      0.6569717E-01
   0.5686922      0.6667645E-01
   0.5622944      0.6762930E-01
   0.5559038      0.6855499E-01
   0.5495188      0.6945305E-01
   0.5431378      0.7032301E-01
   0.5367595      0.7116433E-01
   0.5303828      0.7197643E-01
   0.5240066      0.7275870E-01
   0.5176300      0.7351051E-01
   0.5112523      0.7423138E-01
   0.5048730      0.7492122E-01
   0.4984918      0.7558001E-01
   0.4921084      0.7620767E-01
   0.4857227      0.7680413E-01
   0.4793347      0.7736929E-01
   0.4729446      0.7790304E-01
   0.4665525      0.7840527E-01
   0.4601587      0.7887589E-01
   0.4537636      0.7931485E-01
   0.4473671      0.7972213E-01
   0.4409692      0.8009769E-01
   0.4345698      0.8044151E-01
   0.4281684      0.8075354E-01
   0.4217648      0.8103376E-01
   0.4153584      0.8128229E-01
   0.4089487      0.8149950E-01
   0.4025352      0.8168578E-01
   0.3961176      0.8184150E-01
   0.3896957      0.8196701E-01
   0.3832692      0.8206268E-01
   0.3768383      0.8212884E-01
   0.3704028      0.8216583E-01
   0.3639628      0.8217393E-01
   0.3575190      0.8215342E-01
   0.3510718      0.8210457E-01
   0.3446223      0.8202768E-01
   0.3381717      0.8192307E-01
   0.3317215      0.8179109E-01
   0.3252734      0.8163199E-01
   0.3188292      0.8144546E-01
   0.3123900      0.8123105E-01
   0.3059566      0.8098830E-01
   0.2995295      0.8071676E-01
   0.2931084      0.8041596E-01
   0.2866928      0.8008539E-01
   0.2802817      0.7972458E-01
   0.2738743      0.7933326E-01
   0.2674702      0.7891120E-01
   0.2610694      0.7845822E-01
   0.2546728      0.7797416E-01
   0.2482813      0.7745892E-01
   0.2418967      0.7691246E-01
   0.2355211      0.7633441E-01
   0.2291562      0.7572402E-01
   0.2228033      0.7508049E-01
   0.2164635      0.7440300E-01
   0.2101369      0.7369072E-01
   0.2038235      0.7294274E-01
   0.1975229      0.7215814E-01
   0.1912349      0.7133604E-01
   0.1849597      0.7047562E-01
   0.1786983      0.6957617E-01
   0.1724522      0.6863706E-01
   0.1662232      0.6765781E-01
   0.1600138      0.6663772E-01
   0.1538267      0.6557552E-01
   0.1476643      0.6446985E-01
   0.1415289      0.6331941E-01
   0.1354221      0.6212293E-01
   0.1293457      0.6087911E-01
   0.1233014      0.5958631E-01
   0.1172916      0.5824279E-01
   0.1113187      0.5684699E-01
   0.1053859      0.5539758E-01
   0.9949632E-01  0.5389339E-01
   0.9365458E-01  0.5233264E-01
   0.8786759E-01  0.5071337E-01
   0.8214424E-01  0.4903458E-01
   0.7649500E-01  0.4729640E-01
   0.7093164E-01  0.4549973E-01
   0.6546758E-01  0.4364401E-01
   0.6011599E-01  0.4172858E-01
   0.5488866E-01  0.3975376E-01
   0.4979591E-01  0.3772072E-01
   0.4485427E-01  0.3563232E-01
   0.4010085E-01  0.3350057E-01
   0.3558486E-01  0.3134867E-01
   0.3135245E-01  0.2920554E-01
   0.2744172E-01  0.2709493E-01
   0.2388329E-01  0.2503635E-01
   0.2068623E-01  0.2304878E-01
   0.1783609E-01  0.2114491E-01
   0.1530635E-01  0.1933261E-01
   0.1307732E-01  0.1762458E-01
   0.1112757E-01  0.1603129E-01
   0.9428284E-02  0.1455514E-01
   0.7946727E-02  0.1319138E-01
   0.6651388E-02  0.1193004E-01
   0.5520898E-02  0.1075126E-01
   0.4539031E-02  0.9637094E-02
   0.3689311E-02  0.8575907E-02
   0.2955626E-02  0.7559627E-02
   0.2322963E-02  0.6582261E-02
   0.1777849E-02  0.5639130E-02
   0.1308525E-02  0.4726464E-02
   0.9091134E-03  0.3844737E-02
   0.5818163E-03  0.2999322E-02
   0.3271623E-03  0.2191447E-02
   0.1449003E-03  0.1419713E-02
   0.3532912E-04  0.6816617E-03
   0.5241545E-07 -0.2549649E-04
   0.4258902E-04 -0.7045714E-03
   0.1691284E-03 -0.1358294E-02
   0.3864171E-03 -0.1990406E-02
   0.6938739E-03 -0.2608012E-02
   0.1091878E-02 -0.3218199E-02
   0.1584025E-02 -0.3827726E-02
   0.2177161E-02 -0.4443625E-02
   0.2881563E-02 -0.5073753E-02
   0.3710682E-02 -0.5727256E-02
   0.4678432E-02 -0.6414394E-02
   0.5793589E-02 -0.7143810E-02
   0.7081302E-02 -0.7919089E-02
   0.8577352E-02 -0.8738822E-02
   0.1030713E-01 -0.9592733E-02
   0.1226692E-01 -0.1046054E-01
   0.1442433E-01 -0.1132369E-01
   0.1675991E-01 -0.1218631E-01
   0.1930742E-01 -0.1306615E-01
   0.2212704E-01 -0.1397412E-01
   0.2529861E-01 -0.1492181E-01
   0.2893607E-01 -0.1592381E-01
   0.3314765E-01 -0.1698462E-01
   0.3793332E-01 -0.1807688E-01
   0.4316632E-01 -0.1915271E-01
   0.4864157E-01 -0.2016884E-01
   0.5421199E-01 -0.2111270E-01
   0.5986614E-01 -0.2199619E-01
   0.6563355E-01 -0.2282763E-01
   0.7153179E-01 -0.2361204E-01
   0.7756079E-01 -0.2435221E-01
   0.8369840E-01 -0.2504868E-01
   0.8991216E-01 -0.2570011E-01
   0.9617448E-01 -0.2630637E-01
   0.1024661     -0.2686913E-01
   0.1087779     -0.2739148E-01
   0.1151103     -0.2787721E-01
   0.1214678     -0.2832920E-01
   0.1278529     -0.2874997E-01
   0.1342665     -0.2914193E-01
   0.1407070     -0.2950739E-01
   0.1471706     -0.2984857E-01
   0.1536521     -0.3016672E-01
   0.1601471     -0.3046254E-01
   0.1666522     -0.3073683E-01
   0.1731648     -0.3099046E-01
   0.1796839     -0.3122440E-01
   0.1862092     -0.3143966E-01
   0.1927414     -0.3163713E-01
   0.1992810     -0.3181761E-01
   0.2058285     -0.3198190E-01
   0.2123840     -0.3213079E-01
   0.2189472     -0.3226506E-01
   0.2255178     -0.3238551E-01
   0.2320952     -0.3249284E-01
   0.2386789     -0.3258761E-01
   0.2452680     -0.3267033E-01
   0.2518622     -0.3274155E-01
   0.2584608     -0.3280179E-01
   0.2650633     -0.3285161E-01
   0.2716693     -0.3289155E-01
   0.2782784     -0.3292207E-01
   0.2848902     -0.3294344E-01
   0.2915045     -0.3295591E-01
   0.2981210     -0.3295974E-01
   0.3047396     -0.3295519E-01
   0.3113602     -0.3294251E-01
   0.3179829     -0.3292196E-01
   0.3246076     -0.3289379E-01
   0.3312346     -0.3285827E-01
   0.3378638     -0.3281562E-01
   0.3444952     -0.3276609E-01
   0.3511288     -0.3270992E-01
   0.3577643     -0.3264738E-01
   0.3644017     -0.3257869E-01
   0.3710407     -0.3250412E-01
   0.3776810     -0.3242384E-01
   0.3843224     -0.3233796E-01
   0.3909646     -0.3224657E-01
   0.3976075     -0.3214976E-01
   0.4042509     -0.3204761E-01
   0.4108948     -0.3194021E-01
   0.4175391     -0.3182765E-01
   0.4241840     -0.3171003E-01
   0.4308294     -0.3158742E-01
   0.4374753     -0.3145993E-01
   0.4441220     -0.3132765E-01
   0.4507694     -0.3119068E-01
   0.4574175     -0.3104912E-01
   0.4640665     -0.3090305E-01
   0.4707163     -0.3075258E-01
   0.4773670     -0.3059781E-01
   0.4840186     -0.3043882E-01
   0.4906710     -0.3027570E-01
   0.4973243     -0.3010854E-01
   0.5039783     -0.2993742E-01
   0.5106329     -0.2976245E-01
   0.5172881     -0.2958370E-01
   0.5239435     -0.2940127E-01
   0.5305990     -0.2921524E-01
   0.5372544     -0.2902566E-01
   0.5439095     -0.2883247E-01
   0.5505641     -0.2863564E-01
   0.5572181     -0.2843512E-01
   0.5638715     -0.2823086E-01
   0.5705243     -0.2802283E-01
   0.5771766     -0.2781096E-01
   0.5838285     -0.2759522E-01
   0.5904801     -0.2737559E-01
   0.5971317     -0.2715207E-01
   0.6037833     -0.2692471E-01
   0.6104350     -0.2669350E-01
   0.6170868     -0.2645848E-01
   0.6237388     -0.2621967E-01
   0.6303909     -0.2597708E-01
   0.6370431     -0.2573075E-01
   0.6436952     -0.2548067E-01
   0.6503473     -0.2522684E-01
   0.6569992     -0.2496926E-01
   0.6636508     -0.2470791E-01
   0.6703022     -0.2444280E-01
   0.6769531     -0.2417391E-01
   0.6836037     -0.2390125E-01
   0.6902537     -0.2362478E-01
   0.6969032     -0.2334444E-01
   0.7035520     -0.2306012E-01
   0.7102000     -0.2277175E-01
   0.7168471     -0.2247924E-01
   0.7234929     -0.2218252E-01
   0.7301373     -0.2188149E-01
   0.7367800     -0.2157606E-01
   0.7434208     -0.2126608E-01
   0.7500595     -0.2095132E-01
   0.7566959     -0.2063156E-01
   0.7633300     -0.2030658E-01
   0.7699619     -0.1997616E-01
   0.7765917     -0.1964006E-01
   0.7832196     -0.1929805E-01
   0.7898459     -0.1894993E-01
   0.7964705     -0.1859552E-01
   0.8030934     -0.1823466E-01
   0.8097143     -0.1786717E-01
   0.8163328     -0.1749291E-01
   0.8229483     -0.1711172E-01
   0.8295602     -0.1672333E-01
   0.8361677     -0.1632724E-01
   0.8427701     -0.1592297E-01
   0.8493665     -0.1551004E-01
   0.8559563     -0.1508796E-01
   0.8625387     -0.1465625E-01
   0.8691127     -0.1421396E-01
   0.8756763     -0.1375973E-01
   0.8822264     -0.1329231E-01
   0.8887586     -0.1281054E-01
   0.8952677     -0.1231343E-01
   0.9017473     -0.1179916E-01
   0.9081911     -0.1126365E-01
   0.9145935     -0.1070265E-01
   0.9209498     -0.1011212E-01
   0.9272561     -0.9488211E-02
   0.9335108     -0.8827716E-02
   0.9397196     -0.8127409E-02
   0.9458969     -0.7382976E-02
   0.9520651     -0.6588742E-02
   0.9582482     -0.5743405E-02
   0.9644392     -0.4856952E-02
   0.9705844     -0.3947233E-02
   0.9765891     -0.3042794E-02
   0.9823202     -0.2190314E-02
   0.9876403     -0.1432098E-02
   0.9924581     -0.7990713E-03
   0.9967282     -0.3116507E-03
    1.000000      0.1084202E-18
