EPPLER 333 AIRFOIL
    1.000000      0.8311511E-19
   0.9972511      0.3482580E-03
   0.9936851      0.8590026E-03
   0.9896311      0.1507005E-02
   0.9850556      0.2296223E-02
   0.9799874      0.3207894E-02
   0.9745282      0.4204674E-02
   0.9688021      0.5233731E-02
   0.9628752      0.6255824E-02
   0.9567726      0.7263747E-02
   0.9505138      0.8256299E-02
   0.9441104      0.9234784E-02
   0.9375675      0.1020351E-01
   0.9308952      0.1116778E-01
   0.9241124      0.1213275E-01
   0.9172483      0.1310276E-01
   0.9103373      0.1407736E-01
   0.9034085      0.1505384E-01
   0.8964818      0.1603074E-01
   0.8895672      0.1700800E-01
   0.8826651      0.1798672E-01
   0.8757715      0.1896802E-01
   0.8688831      0.1995278E-01
   0.8619973      0.2094177E-01
   0.8551124      0.2193566E-01
   0.8482277      0.2293494E-01
   0.8413428      0.2393972E-01
   0.8344576      0.2494991E-01
   0.8275720      0.2596541E-01
   0.8206856      0.2698615E-01
   0.8137984      0.2801203E-01
   0.8069101      0.2904297E-01
   0.8000204      0.3007882E-01
   0.7931292      0.3111943E-01
   0.7862361      0.3216465E-01
   0.7793409      0.3321433E-01
   0.7724432      0.3426832E-01
   0.7655428      0.3532647E-01
   0.7586393      0.3638859E-01
   0.7517324      0.3745442E-01
   0.7448219      0.3852367E-01
   0.7379075      0.3959607E-01
   0.7309893      0.4067129E-01
   0.7240673      0.4174903E-01
   0.7171414      0.4282897E-01
   0.7102118      0.4391078E-01
   0.7032790      0.4499416E-01
   0.6963434      0.4607876E-01
   0.6894057      0.4716421E-01
   0.6824669      0.4825010E-01
   0.6755281      0.4933600E-01
   0.6685904      0.5042144E-01
   0.6616554      0.5150586E-01
   0.6547241      0.5258866E-01
   0.6477974      0.5366928E-01
   0.6408762      0.5474722E-01
   0.6339607      0.5582197E-01
   0.6270513      0.5689311E-01
   0.6201480      0.5796022E-01
   0.6132506      0.5902291E-01
   0.6063589      0.6008074E-01
   0.5994728      0.6113327E-01
   0.5925920      0.6218004E-01
   0.5857167      0.6322061E-01
   0.5788466      0.6425451E-01
   0.5719820      0.6528129E-01
   0.5651228      0.6630047E-01
   0.5582692      0.6731154E-01
   0.5514212      0.6831400E-01
   0.5445789      0.6930734E-01
   0.5377422      0.7029107E-01
   0.5309113      0.7126470E-01
   0.5240859      0.7222775E-01
   0.5172662      0.7317974E-01
   0.5104519      0.7412017E-01
   0.5036432      0.7504848E-01
   0.4968402      0.7596411E-01
   0.4900431      0.7686651E-01
   0.4832521      0.7775509E-01
   0.4764676      0.7862927E-01
   0.4696902      0.7948848E-01
   0.4629204      0.8033207E-01
   0.4561587      0.8115922E-01
   0.4494056      0.8196910E-01
   0.4426615      0.8276088E-01
   0.4359268      0.8353379E-01
   0.4292017      0.8428704E-01
   0.4224865      0.8501988E-01
   0.4157814      0.8573156E-01
   0.4090864      0.8642125E-01
   0.4024018      0.8708807E-01
   0.3957278      0.8773117E-01
   0.3890647      0.8834969E-01
   0.3824126      0.8894279E-01
   0.3757719      0.8950965E-01
   0.3691429      0.9004944E-01
   0.3625261      0.9056108E-01
   0.3559222      0.9104330E-01
   0.3493328      0.9149485E-01
   0.3427594      0.9191447E-01
   0.3362042      0.9230094E-01
   0.3296697      0.9265311E-01
   0.3231588      0.9296981E-01
   0.3166741      0.9324937E-01
   0.3102177      0.9348992E-01
   0.3037905      0.9368971E-01
   0.2973922      0.9384709E-01
   0.2910220      0.9396048E-01
   0.2846780      0.9402832E-01
   0.2783575      0.9404917E-01
   0.2720581      0.9402210E-01
   0.2657779      0.9394628E-01
   0.2595155      0.9382086E-01
   0.2532702      0.9364495E-01
   0.2470416      0.9341769E-01
   0.2408303      0.9313820E-01
   0.2346367      0.9280572E-01
   0.2284619      0.9241954E-01
   0.2223065      0.9197897E-01
   0.2161710      0.9148334E-01
   0.2100559      0.9093197E-01
   0.2039614      0.9032418E-01
   0.1978879      0.8965931E-01
   0.1918357      0.8893675E-01
   0.1858055      0.8815594E-01
   0.1797983      0.8731633E-01
   0.1738150      0.8641746E-01
   0.1678570      0.8545892E-01
   0.1619257      0.8444024E-01
   0.1560231      0.8336090E-01
   0.1501513      0.8222045E-01
   0.1443127      0.8101858E-01
   0.1385097      0.7975510E-01
   0.1327450      0.7842994E-01
   0.1270218      0.7704271E-01
   0.1213438      0.7559302E-01
   0.1157147      0.7408072E-01
   0.1101386      0.7250593E-01
   0.1046197      0.7086903E-01
   0.9916290E-01  0.6917007E-01
   0.9377436E-01  0.6740902E-01
   0.8846107E-01  0.6558655E-01
   0.8323053E-01  0.6370406E-01
   0.7809054E-01  0.6176363E-01
   0.7304984E-01  0.5976696E-01
   0.6811762E-01  0.5771558E-01
   0.6330241E-01  0.5561169E-01
   0.5861182E-01  0.5345816E-01
   0.5405286E-01  0.5125826E-01
   0.4963647E-01  0.4901625E-01
   0.4537892E-01  0.4674016E-01
   0.4129838E-01  0.4444175E-01
   0.3741174E-01  0.4213501E-01
   0.3373461E-01  0.3983345E-01
   0.3028255E-01  0.3754982E-01
   0.2706589E-01  0.3529764E-01
   0.2408751E-01  0.3308933E-01
   0.2134343E-01  0.3093480E-01
   0.1883007E-01  0.2884284E-01
   0.1654549E-01  0.2682434E-01
   0.1448326E-01  0.2488924E-01
   0.1263115E-01  0.2304393E-01
   0.1097245E-01  0.2129049E-01
   0.9490414E-02  0.1962660E-01
   0.8170421E-02  0.1804752E-01
   0.6997324E-02  0.1654832E-01
   0.5955891E-02  0.1512382E-01
   0.5031503E-02  0.1376862E-01
   0.4210630E-02  0.1247732E-01
   0.3481358E-02  0.1124475E-01
   0.2836928E-02  0.1006706E-01
   0.2273279E-02  0.8941420E-02
   0.1785712E-02  0.7865103E-02
   0.1369142E-02  0.6835421E-02
   0.1018360E-02  0.5849705E-02
   0.7282270E-03  0.4905331E-02
   0.4938045E-03  0.3999748E-02
   0.3104312E-03  0.3130508E-02
   0.1735378E-03  0.2295423E-02
   0.7822052E-04  0.1491701E-02
   0.2023161E-04  0.7145840E-03
   0.7885165E-07 -0.4167005E-04
   0.3139071E-04 -0.7841091E-03
   0.1261504E-03 -0.1521326E-02
   0.2845686E-03 -0.2254662E-02
   0.5237997E-03 -0.2972346E-02
   0.8873777E-03 -0.3647429E-02
   0.1423072E-02 -0.4223978E-02
   0.2062166E-02 -0.4738704E-02
   0.2774386E-02 -0.5216214E-02
   0.3568851E-02 -0.5655126E-02
   0.4433830E-02 -0.6081027E-02
   0.5371496E-02 -0.6499670E-02
   0.6392312E-02 -0.6912425E-02
   0.7509077E-02 -0.7322906E-02
   0.8735810E-02 -0.7736192E-02
   0.1008947E-01 -0.8155332E-02
   0.1159220E-01 -0.8580117E-02
   0.1327019E-01 -0.9009981E-02
   0.1515335E-01 -0.9444261E-02
   0.1727429E-01 -0.9882641E-02
   0.1966673E-01 -0.1032637E-01
   0.2236610E-01 -0.1078097E-01
   0.2541846E-01 -0.1125294E-01
   0.2887686E-01 -0.1173982E-01
   0.3277908E-01 -0.1223479E-01
   0.3712987E-01 -0.1272796E-01
   0.4190179E-01 -0.1321012E-01
   0.4707046E-01 -0.1367627E-01
   0.5261220E-01 -0.1412085E-01
   0.5847962E-01 -0.1453963E-01
   0.6461114E-01 -0.1493209E-01
   0.7095209E-01 -0.1530210E-01
   0.7746457E-01 -0.1565249E-01
   0.8411332E-01 -0.1598504E-01
   0.9086459E-01 -0.1630279E-01
   0.9768986E-01 -0.1660995E-01
   0.1045685     -0.1691051E-01
   0.1114851     -0.1720534E-01
   0.1184273     -0.1749485E-01
   0.1253855     -0.1777965E-01
   0.1323532     -0.1806050E-01
   0.1393274     -0.1833821E-01
   0.1463068     -0.1861308E-01
   0.1532905     -0.1888523E-01
   0.1602777     -0.1915480E-01
   0.1672676     -0.1942192E-01
   0.1742596     -0.1968674E-01
   0.1812528     -0.1994933E-01
   0.1882467     -0.2020961E-01
   0.1952406     -0.2046750E-01
   0.2022337     -0.2072288E-01
   0.2092253     -0.2097568E-01
   0.2162145     -0.2122577E-01
   0.2232005     -0.2147304E-01
   0.2301825     -0.2171716E-01
   0.2371601     -0.2195777E-01
   0.2441330     -0.2219451E-01
   0.2511011     -0.2242703E-01
   0.2580649     -0.2265500E-01
   0.2650246     -0.2287809E-01
   0.2719811     -0.2309606E-01
   0.2789350     -0.2330880E-01
   0.2858871     -0.2351625E-01
   0.2928379     -0.2371833E-01
   0.2997879     -0.2391495E-01
   0.3067377     -0.2410604E-01
   0.3136875     -0.2429151E-01
   0.3206376     -0.2447129E-01
   0.3275883     -0.2464542E-01
   0.3345398     -0.2481394E-01
   0.3414920     -0.2497689E-01
   0.3484449     -0.2513431E-01
   0.3553985     -0.2528625E-01
   0.3623524     -0.2543272E-01
   0.3693064     -0.2557377E-01
   0.3762602     -0.2570937E-01
   0.3832135     -0.2583945E-01
   0.3901661     -0.2596397E-01
   0.3971180     -0.2608286E-01
   0.4040692     -0.2619609E-01
   0.4110198     -0.2630360E-01
   0.4179698     -0.2640535E-01
   0.4249197     -0.2650130E-01
   0.4318696     -0.2659147E-01
   0.4388197     -0.2667586E-01
   0.4457701     -0.2675451E-01
   0.4527209     -0.2682740E-01
   0.4596719     -0.2689457E-01
   0.4666230     -0.2695601E-01
   0.4735742     -0.2701173E-01
   0.4805252     -0.2706171E-01
   0.4874757     -0.2710587E-01
   0.4944256     -0.2714413E-01
   0.5013745     -0.2717642E-01
   0.5083224     -0.2720268E-01
   0.5152689     -0.2722284E-01
   0.5222140     -0.2723681E-01
   0.5291573     -0.2724453E-01
   0.5360987     -0.2724589E-01
   0.5430382     -0.2724076E-01
   0.5499757     -0.2722900E-01
   0.5569113     -0.2721049E-01
   0.5638452     -0.2718511E-01
   0.5707774     -0.2715272E-01
   0.5777084     -0.2711319E-01
   0.5846385     -0.2706643E-01
   0.5915678     -0.2701236E-01
   0.5984966     -0.2695092E-01
   0.6054248     -0.2688206E-01
   0.6123520     -0.2680572E-01
   0.6192781     -0.2672184E-01
   0.6262023     -0.2663038E-01
   0.6331241     -0.2653127E-01
   0.6400427     -0.2642425E-01
   0.6469575     -0.2630901E-01
   0.6538677     -0.2618522E-01
   0.6607730     -0.2605255E-01
   0.6676728     -0.2591070E-01
   0.6745669     -0.2575933E-01
   0.6814549     -0.2559815E-01
   0.6883368     -0.2542680E-01
   0.6952123     -0.2524492E-01
   0.7020817     -0.2505215E-01
   0.7089448     -0.2484810E-01
   0.7158020     -0.2463242E-01
   0.7226536     -0.2440472E-01
   0.7295000     -0.2416462E-01
   0.7363413     -0.2391147E-01
   0.7431764     -0.2364449E-01
   0.7500030     -0.2336294E-01
   0.7568173     -0.2306619E-01
   0.7636144     -0.2275369E-01
   0.7703879     -0.2242503E-01
   0.7771308     -0.2207956E-01
   0.7838365     -0.2171510E-01
   0.7905008     -0.2132906E-01
   0.7971225     -0.2091885E-01
   0.8037023     -0.2048184E-01
   0.8102434     -0.2001534E-01
   0.8167508     -0.1951666E-01
   0.8232314     -0.1898460E-01
   0.8296937     -0.1841873E-01
   0.8361482     -0.1781830E-01
   0.8426069     -0.1718212E-01
   0.8490841     -0.1650853E-01
   0.8555964     -0.1579560E-01
   0.8621609     -0.1504422E-01
   0.8687897     -0.1425752E-01
   0.8754877     -0.1343963E-01
   0.8822517     -0.1259603E-01
   0.8890690     -0.1173375E-01
   0.8959188     -0.1086028E-01
   0.9027798     -0.9982298E-02
   0.9096341     -0.9106040E-02
   0.9164678     -0.8237214E-02
   0.9232711     -0.7380835E-02
   0.9300357     -0.6541024E-02
   0.9367515     -0.5721702E-02
   0.9434064     -0.4926813E-02
   0.9499863     -0.4160378E-02
   0.9564662     -0.3428962E-02
   0.9627941     -0.2742287E-02
   0.9688998     -0.2110309E-02
   0.9747097     -0.1544143E-02
   0.9801422     -0.1060660E-02
   0.9851266     -0.6692412E-03
   0.9896335     -0.3702551E-03
   0.9936625     -0.1645965E-03
   0.9972348     -0.4549454E-04
    1.000000      0.8311511E-19
