EPPLER 395 AIRFOIL
    1.000000      0.5823351E-21
   0.9964167      0.1172496E-02
   0.9919769      0.2719347E-02
   0.9871714      0.4463428E-02
   0.9820368      0.6345382E-02
   0.9766773      0.8290680E-02
   0.9711673      0.1023492E-01
   0.9655125      0.1215104E-01
   0.9597003      0.1404306E-01
   0.9537258      0.1591506E-01
   0.9475945      0.1776909E-01
   0.9413200      0.1960799E-01
   0.9349192      0.2143568E-01
   0.9284124      0.2325694E-01
   0.9218209      0.2507429E-01
   0.9151637      0.2688548E-01
   0.9084575      0.2868868E-01
   0.9017152      0.3048332E-01
   0.8949459      0.3226958E-01
   0.8881559      0.3404665E-01
   0.8813501      0.3581354E-01
   0.8745328      0.3756954E-01
   0.8677072      0.3931422E-01
   0.8608756      0.4104720E-01
   0.8540397      0.4276797E-01
   0.8472006      0.4447608E-01
   0.8403586      0.4617123E-01
   0.8335140      0.4785325E-01
   0.8266662      0.4952211E-01
   0.8198146      0.5117795E-01
   0.8129592      0.5282087E-01
   0.8061003      0.5445089E-01
   0.7992383      0.5606790E-01
   0.7923745      0.5767174E-01
   0.7855101      0.5926198E-01
   0.7786464      0.6083786E-01
   0.7717843      0.6239863E-01
   0.7649243      0.6394366E-01
   0.7580667      0.6547237E-01
   0.7512114      0.6698427E-01
   0.7443580      0.6847895E-01
   0.7375060      0.6995606E-01
   0.7306552      0.7141524E-01
   0.7238055      0.7285609E-01
   0.7169568      0.7427818E-01
   0.7101093      0.7568107E-01
   0.7032631      0.7706427E-01
   0.6964186      0.7842715E-01
   0.6895762      0.7976897E-01
   0.6827365      0.8108900E-01
   0.6758999      0.8238650E-01
   0.6690671      0.8366075E-01
   0.6622389      0.8491098E-01
   0.6554160      0.8613639E-01
   0.6485990      0.8733593E-01
   0.6417881      0.8850860E-01
   0.6349834      0.8965345E-01
   0.6281844      0.9076961E-01
   0.6213906      0.9185625E-01
   0.6146009      0.9291260E-01
   0.6078141      0.9393813E-01
   0.6010293      0.9493262E-01
   0.5942456      0.9589582E-01
   0.5874622      0.9682744E-01
   0.5806785      0.9772719E-01
   0.5738942      0.9859473E-01
   0.5671088      0.9942969E-01
   0.5603221      0.1002318    
   0.5535342      0.1010010    
   0.5467448      0.1017372    
   0.5399538      0.1024402    
   0.5331611      0.1031098    
   0.5263665      0.1037461    
   0.5195701      0.1043488    
   0.5127716      0.1049179    
   0.5059711      0.1054532    
   0.4991688      0.1059547    
   0.4923649      0.1064224    
   0.4855599      0.1068561    
   0.4787544      0.1072557    
   0.4719491      0.1076211    
   0.4651446      0.1079522    
   0.4583415      0.1082485    
   0.4515403      0.1085098    
   0.4447411      0.1087359    
   0.4379439      0.1089265    
   0.4311485      0.1090813    
   0.4243545      0.1092000    
   0.4175614      0.1092826    
   0.4107690      0.1093290    
   0.4039774      0.1093392    
   0.3971867      0.1093130    
   0.3903975      0.1092503    
   0.3836105      0.1091512    
   0.3768264      0.1090156    
   0.3700464      0.1088431    
   0.3632709      0.1086335    
   0.3565005      0.1083866    
   0.3497353      0.1081020    
   0.3429752      0.1077793    
   0.3362200      0.1074184    
   0.3294692      0.1070189    
   0.3227225      0.1065808    
   0.3159798      0.1061039    
   0.3092413      0.1055882    
   0.3025077      0.1050337    
   0.2957796      0.1044402    
   0.2890582      0.1038078    
   0.2823447      0.1031363    
   0.2756400      0.1024252    
   0.2689452      0.1016744    
   0.2622608      0.1008833    
   0.2555875      0.1000518    
   0.2489256      0.9917940E-01
   0.2422755      0.9826570E-01
   0.2356379      0.9731025E-01
   0.2290136      0.9631262E-01
   0.2224038      0.9527247E-01
   0.2158098      0.9418951E-01
   0.2092334      0.9306350E-01
   0.2026763      0.9189390E-01
   0.1961405      0.9067995E-01
   0.1896275      0.8942091E-01
   0.1831389      0.8811607E-01
   0.1766760      0.8676470E-01
   0.1702400      0.8536604E-01
   0.1638325      0.8391910E-01
   0.1574557      0.8242301E-01
   0.1511121      0.8087707E-01
   0.1448050      0.7928083E-01
   0.1385378      0.7763402E-01
   0.1323149      0.7593597E-01
   0.1261408      0.7418563E-01
   0.1200199      0.7238216E-01
   0.1139565      0.7052491E-01
   0.1079550      0.6861344E-01
   0.1020203      0.6664724E-01
   0.9615959E-01  0.6462632E-01
   0.9038204E-01  0.6255188E-01
   0.8469830E-01  0.6042633E-01
   0.7912009E-01  0.5825313E-01
   0.7366211E-01  0.5603587E-01
   0.6834278E-01  0.5378001E-01
   0.6318195E-01  0.5149350E-01
   0.5819885E-01  0.4918618E-01
   0.5341192E-01  0.4686853E-01
   0.4884357E-01  0.4455274E-01
   0.4451682E-01  0.4225454E-01
   0.4044931E-01  0.3999060E-01
   0.3665024E-01  0.3777582E-01
   0.3312465E-01  0.3562172E-01
   0.2987550E-01  0.3353910E-01
   0.2689863E-01  0.3153719E-01
   0.2418200E-01  0.2962164E-01
   0.2170762E-01  0.2779420E-01
   0.1945632E-01  0.2605269E-01
   0.1741057E-01  0.2439349E-01
   0.1555258E-01  0.2281302E-01
   0.1386448E-01  0.2130727E-01
   0.1232884E-01  0.1987176E-01
   0.1092925E-01  0.1850171E-01
   0.9651522E-02  0.1719214E-01
   0.8486416E-02  0.1593770E-01
   0.7425835E-02  0.1473375E-01
   0.6461749E-02  0.1357626E-01
   0.5586363E-02  0.1246171E-01
   0.4792262E-02  0.1138690E-01
   0.4072499E-02  0.1034894E-01
   0.3420643E-02  0.9345167E-02
   0.2830962E-02  0.8373136E-02
   0.2299858E-02  0.7430175E-02
   0.1824663E-02  0.6513543E-02
   0.1403021E-02  0.5620746E-02
   0.1035520E-02  0.4749717E-02
   0.7232552E-03  0.3898689E-02
   0.4652629E-03  0.3066305E-02
   0.2553935E-03  0.2251919E-02
   0.9696363E-04  0.1454729E-02
   0.1617248E-04  0.6757190E-03
   0.4460448E-06 -0.8513906E-04
   0.6916385E-04 -0.8432544E-03
   0.2922738E-03 -0.1591079E-02
   0.6444759E-03 -0.2314262E-02
   0.1080761E-02 -0.3021554E-02
   0.1594686E-02 -0.3713181E-02
   0.2171130E-02 -0.4398398E-02
   0.2803700E-02 -0.5081048E-02
   0.3496317E-02 -0.5759880E-02
   0.4251465E-02 -0.6436171E-02
   0.5070136E-02 -0.7112761E-02
   0.5953462E-02 -0.7792400E-02
   0.6906014E-02 -0.8475935E-02
   0.7933588E-02 -0.9163871E-02
   0.9042425E-02 -0.9856908E-02
   0.1023915E-01 -0.1055603E-01
   0.1153066E-01 -0.1126261E-01
   0.1292465E-01 -0.1197818E-01
   0.1443208E-01 -0.1270294E-01
   0.1606575E-01 -0.1343657E-01
   0.1783965E-01 -0.1417870E-01
   0.1976882E-01 -0.1492890E-01
   0.2186913E-01 -0.1568695E-01
   0.2415719E-01 -0.1645319E-01
   0.2665078E-01 -0.1722901E-01
   0.2937194E-01 -0.1801377E-01
   0.3234488E-01 -0.1880388E-01
   0.3559174E-01 -0.1959449E-01
   0.3913008E-01 -0.2037988E-01
   0.4297128E-01 -0.2115435E-01
   0.4712224E-01 -0.2191298E-01
   0.5158590E-01 -0.2264706E-01
   0.5635335E-01 -0.2334595E-01
   0.6140285E-01 -0.2399993E-01
   0.6670563E-01 -0.2460215E-01
   0.7223616E-01 -0.2514894E-01
   0.7797254E-01 -0.2563636E-01
   0.8388927E-01 -0.2606177E-01
   0.8995910E-01 -0.2642488E-01
   0.9615666E-01 -0.2672775E-01
   0.1024616     -0.2697271E-01
   0.1088567     -0.2716057E-01
   0.1153266     -0.2729289E-01
   0.1218585     -0.2737202E-01
   0.1284433     -0.2740098E-01
   0.1350757     -0.2738262E-01
   0.1417519     -0.2731917E-01
   0.1484679     -0.2721297E-01
   0.1552199     -0.2706659E-01
   0.1620039     -0.2688278E-01
   0.1688162     -0.2666428E-01
   0.1756532     -0.2641292E-01
   0.1825119     -0.2613026E-01
   0.1893900     -0.2581793E-01
   0.1962857     -0.2547760E-01
   0.2031980     -0.2511094E-01
   0.2101265     -0.2471959E-01
   0.2170710     -0.2430496E-01
   0.2240312     -0.2386843E-01
   0.2310070     -0.2341141E-01
   0.2379975     -0.2293536E-01
   0.2450021     -0.2244179E-01
   0.2520197     -0.2193220E-01
   0.2590493     -0.2140783E-01
   0.2660900     -0.2086971E-01
   0.2731409     -0.2031884E-01
   0.2802014     -0.1975624E-01
   0.2872712     -0.1918293E-01
   0.2943501     -0.1859991E-01
   0.3014381     -0.1800816E-01
   0.3085351     -0.1740855E-01
   0.3156412     -0.1680190E-01
   0.3227560     -0.1618905E-01
   0.3298791     -0.1557089E-01
   0.3370100     -0.1494831E-01
   0.3441477     -0.1432223E-01
   0.3512913     -0.1369356E-01
   0.3584398     -0.1306291E-01
   0.3655919     -0.1243072E-01
   0.3727466     -0.1179742E-01
   0.3799029     -0.1116346E-01
   0.3870596     -0.1052924E-01
   0.3942159     -0.9895212E-02
   0.4013706     -0.9261784E-02
   0.4085231     -0.8629409E-02
   0.4156724     -0.7998588E-02
   0.4228180     -0.7369808E-02
   0.4299595     -0.6743540E-02
   0.4370968     -0.6120238E-02
   0.4442297     -0.5500336E-02
   0.4513585     -0.4884253E-02
   0.4584834     -0.4272386E-02
   0.4656050     -0.3665041E-02
   0.4727235     -0.3062455E-02
   0.4798394     -0.2464866E-02
   0.4869528     -0.1872520E-02
   0.4940641     -0.1285667E-02
   0.5011732     -0.7045640E-03
   0.5082803     -0.1294741E-03
   0.5153852      0.4393348E-03
   0.5224880      0.1001577E-02
   0.5295885      0.1556956E-02
   0.5366866      0.2105178E-02
   0.5437823      0.2645947E-02
   0.5508753      0.3178971E-02
   0.5579657      0.3703957E-02
   0.5650532      0.4220615E-02
   0.5721378      0.4728651E-02
   0.5792193      0.5227743E-02
   0.5862978      0.5717547E-02
   0.5933732      0.6197724E-02
   0.6004454      0.6667938E-02
   0.6075147      0.7127861E-02
   0.6145812      0.7577165E-02
   0.6216450      0.8015529E-02
   0.6287065      0.8442636E-02
   0.6357657      0.8858231E-02
   0.6428230      0.9262094E-02
   0.6498785      0.9654001E-02
   0.6569320      0.1003372E-01
   0.6639836      0.1040102E-01
   0.6710330      0.1075567E-01
   0.6780801      0.1109742E-01
   0.6851245      0.1142602E-01
   0.6921658      0.1174107E-01
   0.6992037      0.1204211E-01
   0.7062378      0.1232871E-01
   0.7132676      0.1260041E-01
   0.7202930      0.1285677E-01
   0.7273135      0.1309737E-01
   0.7343287      0.1332179E-01
   0.7413385      0.1352953E-01
   0.7483424      0.1372006E-01
   0.7553403      0.1389281E-01
   0.7623323      0.1404722E-01
   0.7693182      0.1418274E-01
   0.7762983      0.1429883E-01
   0.7832728      0.1439493E-01
   0.7902421      0.1447053E-01
   0.7972063      0.1452511E-01
   0.8041654      0.1455816E-01
   0.8111187      0.1456920E-01
   0.8180655      0.1455773E-01
   0.8250045      0.1452329E-01
   0.8319344      0.1446542E-01
   0.8388533      0.1438346E-01
   0.8457594      0.1427626E-01
   0.8526511      0.1414266E-01
   0.8595269      0.1398151E-01
   0.8663856      0.1379171E-01
   0.8732262      0.1357219E-01
   0.8800478      0.1332177E-01
   0.8868486      0.1303887E-01
   0.8936256      0.1272190E-01
   0.9003745      0.1236945E-01
   0.9070896      0.1198032E-01
   0.9137645      0.1155349E-01
   0.9203912      0.1108684E-01
   0.9269609      0.1057705E-01
   0.9334641      0.1002122E-01
   0.9398912      0.9417030E-02
   0.9462324      0.8762699E-02
   0.9524763      0.8056175E-02
   0.9586072      0.7295925E-02
   0.9646062      0.6482046E-02
   0.9704532      0.5616323E-02
   0.9761246      0.4703523E-02
   0.9815857      0.3753054E-02
   0.9867961      0.2777603E-02
   0.9917181      0.1792886E-02
   0.9963102      0.8196096E-03
    1.000000      0.5823351E-21
