EPPLER 428 AIRFOIL
    1.000000     -0.3862470E-18
   0.9964089      0.3313281E-03
   0.9919079      0.7536439E-03
   0.9869770      0.1225294E-02
   0.9815902      0.1750835E-02
   0.9757547      0.2329761E-02
   0.9695172      0.2956041E-02
   0.9629594      0.3618537E-02
   0.9561757      0.4303399E-02
   0.9492401      0.4997864E-02
   0.9421816      0.5694671E-02
   0.9350044      0.6393394E-02
   0.9277124      0.7094552E-02
   0.9203112      0.7798634E-02
   0.9128087      0.8506085E-02
   0.9052148      0.9217285E-02
   0.8975417      0.9932536E-02
   0.8898042      0.1065204E-01
   0.8820186      0.1137556E-01
   0.8742010      0.1210232E-01
   0.8663657      0.1283164E-01
   0.8585247      0.1356307E-01
   0.8506877      0.1429637E-01
   0.8428616      0.1503155E-01
   0.8350508      0.1576882E-01
   0.8272571      0.1650864E-01
   0.8194798      0.1725172E-01
   0.8117158      0.1799893E-01
   0.8039601      0.1875091E-01
   0.7962076      0.1950772E-01
   0.7884539      0.2026935E-01
   0.7806954      0.2103569E-01
   0.7729291      0.2180663E-01
   0.7651526      0.2258194E-01
   0.7573644      0.2336135E-01
   0.7495634      0.2414451E-01
   0.7417495      0.2493100E-01
   0.7339232      0.2572033E-01
   0.7260857      0.2651190E-01
   0.7182390      0.2730506E-01
   0.7103857      0.2809922E-01
   0.7025281      0.2889380E-01
   0.6946685      0.2968829E-01
   0.6868090      0.3048214E-01
   0.6789515      0.3127487E-01
   0.6710979      0.3206597E-01
   0.6632497      0.3285499E-01
   0.6554082      0.3364149E-01
   0.6475747      0.3442504E-01
   0.6397502      0.3520523E-01
   0.6319356      0.3598170E-01
   0.6241315      0.3675407E-01
   0.6163385      0.3752198E-01
   0.6085568      0.3828486E-01
   0.6007867      0.3904216E-01
   0.5930280      0.3979333E-01
   0.5852807      0.4053784E-01
   0.5775446      0.4127517E-01
   0.5698190      0.4200484E-01
   0.5621035      0.4272637E-01
   0.5543973      0.4343930E-01
   0.5466996      0.4414318E-01
   0.5390093      0.4483759E-01
   0.5313253      0.4552210E-01
   0.5236464      0.4619630E-01
   0.5159712      0.4685978E-01
   0.5082981      0.4751230E-01
   0.5006263      0.4815369E-01
   0.4929548      0.4878374E-01
   0.4852835      0.4940224E-01
   0.4776124      0.5000892E-01
   0.4699420      0.5060348E-01
   0.4622730      0.5118561E-01
   0.4546068      0.5175498E-01
   0.4469450      0.5231121E-01
   0.4392896      0.5285394E-01
   0.4316429      0.5338279E-01
   0.4240077      0.5389737E-01
   0.4163870      0.5439729E-01
   0.4087841      0.5488199E-01
   0.4012020      0.5535040E-01
   0.3936427      0.5580145E-01
   0.3861074      0.5623413E-01
   0.3785964      0.5664752E-01
   0.3711094      0.5704077E-01
   0.3636451      0.5741307E-01
   0.3562015      0.5776367E-01
   0.3487761      0.5809181E-01
   0.3413654      0.5839679E-01
   0.3339655      0.5867786E-01
   0.3265717      0.5893427E-01
   0.3191786      0.5916525E-01
   0.3117803      0.5937014E-01
   0.3043707      0.5954956E-01
   0.2969452      0.5970451E-01
   0.2895002      0.5983594E-01
   0.2820339      0.5994475E-01
   0.2745456      0.6003180E-01
   0.2670362      0.6009797E-01
   0.2595084      0.6014415E-01
   0.2519661      0.6017127E-01
   0.2444152      0.6018031E-01
   0.2368629      0.6017233E-01
   0.2293184      0.6014844E-01
   0.2217919      0.6010950E-01
   0.2142953      0.6005293E-01
   0.2068410      0.5997425E-01
   0.1994418      0.5986928E-01
   0.1921105      0.5973423E-01
   0.1848597      0.5956574E-01
   0.1777015      0.5936097E-01
   0.1706470      0.5911760E-01
   0.1637064      0.5883388E-01
   0.1568887      0.5850859E-01
   0.1502016      0.5814101E-01
   0.1436514      0.5773053E-01
   0.1372441      0.5727438E-01
   0.1309852      0.5676955E-01
   0.1248790      0.5621396E-01
   0.1189288      0.5560638E-01
   0.1131370      0.5494630E-01
   0.1075060      0.5423241E-01
   0.1020405      0.5346321E-01
   0.9674589E-01  0.5263861E-01
   0.9162761E-01  0.5175988E-01
   0.8668993E-01  0.5082938E-01
   0.8193585E-01  0.4985047E-01
   0.7736584E-01  0.4882701E-01
   0.7297600E-01  0.4776243E-01
   0.6875935E-01  0.4665960E-01
   0.6470716E-01  0.4552085E-01
   0.6080984E-01  0.4434814E-01
   0.5705935E-01  0.4314585E-01
   0.5345695E-01  0.4192335E-01
   0.5001209E-01  0.4069282E-01
   0.4673671E-01  0.3946763E-01
   0.4364070E-01  0.3826057E-01
   0.4072935E-01  0.3708229E-01
   0.3800512E-01  0.3593459E-01
   0.3546394E-01  0.3481080E-01
   0.3309417E-01  0.3370383E-01
   0.3088121E-01  0.3260720E-01
   0.2881015E-01  0.3151520E-01
   0.2686700E-01  0.3042288E-01
   0.2503918E-01  0.2932590E-01
   0.2331475E-01  0.2822198E-01
   0.2168091E-01  0.2711506E-01
   0.2012764E-01  0.2601064E-01
   0.1864759E-01  0.2491411E-01
   0.1723511E-01  0.2383062E-01
   0.1588573E-01  0.2276487E-01
   0.1459567E-01  0.2172102E-01
   0.1336164E-01  0.2070260E-01
   0.1218111E-01  0.1971196E-01
   0.1105601E-01  0.1874673E-01
   0.9989426E-02  0.1780268E-01
   0.8983018E-02  0.1687623E-01
   0.8037329E-02  0.1596438E-01
   0.7152029E-02  0.1506463E-01
   0.6326134E-02  0.1417492E-01
   0.5558190E-02  0.1329353E-01
   0.4846416E-02  0.1241904E-01
   0.4188815E-02  0.1155030E-01
   0.3583405E-02  0.1068650E-01
   0.3029183E-02  0.9828236E-02
   0.2525218E-02  0.8976088E-02
   0.2070240E-02  0.8129977E-02
   0.1662887E-02  0.7289340E-02
   0.1301870E-02  0.6453275E-02
   0.9860753E-03  0.5620626E-02
   0.7146353E-03  0.4790044E-02
   0.4869795E-03  0.3960005E-02
   0.3028751E-03  0.3128823E-02
   0.1624343E-03  0.2294714E-02
   0.6550601E-04  0.1457368E-02
   0.1180820E-04  0.6179430E-03
   0.1536516E-05 -0.2223041E-03
   0.3535852E-04 -0.1062036E-02
   0.1144057E-03 -0.1899800E-02
   0.2402854E-03 -0.2733988E-02
   0.4151115E-03 -0.3562793E-02
   0.6415557E-03 -0.4384149E-02
   0.9229226E-03 -0.5195664E-02
   0.1262989E-02 -0.5994834E-02
   0.1663256E-02 -0.6782207E-02
   0.2123694E-02 -0.7560424E-02
   0.2644457E-02 -0.8332198E-02
   0.3225823E-02 -0.9100338E-02
   0.3868061E-02 -0.9867805E-02
   0.4571249E-02 -0.1063776E-01
   0.5334996E-02 -0.1141362E-01
   0.6158030E-02 -0.1219908E-01
   0.7037594E-02 -0.1299809E-01
   0.7968588E-02 -0.1381476E-01
   0.8944408E-02 -0.1465251E-01
   0.9964855E-02 -0.1551126E-01
   0.1103202E-01 -0.1638959E-01
   0.1214794E-01 -0.1728566E-01
   0.1331470E-01 -0.1819732E-01
   0.1453456E-01 -0.1912217E-01
   0.1581025E-01 -0.2005783E-01
   0.1714531E-01 -0.2100210E-01
   0.1854470E-01 -0.2195332E-01
   0.2001537E-01 -0.2291069E-01
   0.2156429E-01 -0.2387436E-01
   0.2319800E-01 -0.2484462E-01
   0.2492384E-01 -0.2582171E-01
   0.2675002E-01 -0.2680569E-01
   0.2868569E-01 -0.2779640E-01
   0.3074090E-01 -0.2879334E-01
   0.3292651E-01 -0.2979547E-01
   0.3525390E-01 -0.3080105E-01
   0.3773588E-01 -0.3180952E-01
   0.4038704E-01 -0.3282230E-01
   0.4322211E-01 -0.3384132E-01
   0.4625470E-01 -0.3486914E-01
   0.4949520E-01 -0.3590906E-01
   0.5294762E-01 -0.3696521E-01
   0.5660572E-01 -0.3804140E-01
   0.6045505E-01 -0.3912978E-01
   0.6447719E-01 -0.4021408E-01
   0.6865330E-01 -0.4127739E-01
   0.7297036E-01 -0.4230398E-01
   0.7742830E-01 -0.4328049E-01
   0.8204553E-01 -0.4419966E-01
   0.8684902E-01 -0.4506557E-01
   0.9186347E-01 -0.4588374E-01
   0.9710667E-01 -0.4665933E-01
   0.1025821     -0.4739734E-01
   0.1082687     -0.4810213E-01
   0.1141204     -0.4876905E-01
   0.1200886     -0.4938715E-01
   0.1261342     -0.4994791E-01
   0.1322343     -0.5044556E-01
   0.1383863     -0.5087664E-01
   0.1446063     -0.5124154E-01
   0.1509140     -0.5154405E-01
   0.1573257     -0.5178764E-01
   0.1638538     -0.5197548E-01
   0.1705052     -0.5211073E-01
   0.1772799     -0.5219662E-01
   0.1841728     -0.5223487E-01
   0.1911774     -0.5222675E-01
   0.1982863     -0.5217406E-01
   0.2054911     -0.5207910E-01
   0.2127831     -0.5194470E-01
   0.2201527     -0.5177416E-01
   0.2275902     -0.5157126E-01
   0.2350858     -0.5134017E-01
   0.2426298     -0.5108543E-01
   0.2502127     -0.5081186E-01
   0.2578254     -0.5052438E-01
   0.2654599     -0.5022555E-01
   0.2731092     -0.4991547E-01
   0.2807673     -0.4959411E-01
   0.2884300     -0.4926140E-01
   0.2960941     -0.4891726E-01
   0.3037580     -0.4856153E-01
   0.3114212     -0.4819413E-01
   0.3190836     -0.4781506E-01
   0.3267452     -0.4742434E-01
   0.3344061     -0.4702199E-01
   0.3420664     -0.4660802E-01
   0.3497263     -0.4618243E-01
   0.3573862     -0.4574522E-01
   0.3650464     -0.4529638E-01
   0.3727075     -0.4483590E-01
   0.3803699     -0.4436375E-01
   0.3880343     -0.4387989E-01
   0.3957014     -0.4338429E-01
   0.4033721     -0.4287690E-01
   0.4110471     -0.4235781E-01
   0.4187274     -0.4182741E-01
   0.4264138     -0.4128610E-01
   0.4341070     -0.4073429E-01
   0.4418076     -0.4017238E-01
   0.4495162     -0.3960079E-01
   0.4572332     -0.3901997E-01
   0.4649590     -0.3843033E-01
   0.4726938     -0.3783232E-01
   0.4804379     -0.3722641E-01
   0.4881913     -0.3661305E-01
   0.4959540     -0.3599272E-01
   0.5037260     -0.3536591E-01
   0.5115069     -0.3473311E-01
   0.5192965     -0.3409468E-01
   0.5270944     -0.3345090E-01
   0.5349002     -0.3280208E-01
   0.5427133     -0.3214853E-01
   0.5505330     -0.3149056E-01
   0.5583587     -0.3082850E-01
   0.5661896     -0.3016268E-01
   0.5740248     -0.2949345E-01
   0.5818635     -0.2882117E-01
   0.5897044     -0.2814620E-01
   0.5975467     -0.2746891E-01
   0.6053890     -0.2678969E-01
   0.6132302     -0.2610892E-01
   0.6210689     -0.2542705E-01
   0.6289040     -0.2474476E-01
   0.6367342     -0.2406277E-01
   0.6445588     -0.2338175E-01
   0.6523770     -0.2270240E-01
   0.6601882     -0.2202536E-01
   0.6679921     -0.2135127E-01
   0.6757884     -0.2068076E-01
   0.6835770     -0.2001442E-01
   0.6913580     -0.1935284E-01
   0.6991317     -0.1869660E-01
   0.7068984     -0.1804624E-01
   0.7146588     -0.1740231E-01
   0.7224134     -0.1676524E-01
   0.7301630     -0.1613515E-01
   0.7379083     -0.1551204E-01
   0.7456499     -0.1489593E-01
   0.7533885     -0.1428684E-01
   0.7611246     -0.1368478E-01
   0.7688588     -0.1308979E-01
   0.7765916     -0.1250190E-01
   0.7843234     -0.1192114E-01
   0.7920548     -0.1134755E-01
   0.7997862     -0.1078118E-01
   0.8075180     -0.1022206E-01
   0.8152506     -0.9670311E-02
   0.8229838     -0.9126397E-02
   0.8307166     -0.8591023E-02
   0.8384466     -0.8064961E-02
   0.8461705     -0.7549048E-02
   0.8538838     -0.7044173E-02
   0.8615808     -0.6551260E-02
   0.8692550     -0.6071257E-02
   0.8768989     -0.5605116E-02
   0.8845042     -0.5153769E-02
   0.8920621     -0.4718137E-02
   0.8995635     -0.4299462E-02
   0.9069999     -0.3899204E-02
   0.9143633     -0.3518665E-02
   0.9216467     -0.3158964E-02
   0.9288440     -0.2821045E-02
   0.9359499     -0.2505675E-02
   0.9429597     -0.2213449E-02
   0.9498698     -0.1944802E-02
   0.9566732     -0.1697853E-02
   0.9633334     -0.1465637E-02
   0.9697765     -0.1242243E-02
   0.9759145     -0.1023741E-02
   0.9816725     -0.8079426E-03
   0.9870072     -0.5939679E-03
   0.9919101     -0.3822442E-03
   0.9964034     -0.1750004E-03
    1.000000     -0.3862470E-18
