EPPLER 548 AIRFOIL
    1.000000      0.1209669E-19
   0.9960738      0.9245581E-03
   0.9913426      0.2115294E-02
   0.9863716      0.3389165E-02
   0.9811493      0.4674274E-02
   0.9756856      0.5942675E-02
   0.9699869      0.7185402E-02
   0.9640398      0.8401092E-02
   0.9578238      0.9602388E-02
   0.9513315      0.1080568E-01
   0.9445811      0.1202719E-01
   0.9376163      0.1327093E-01
   0.9304864      0.1453289E-01
   0.9232353      0.1581089E-01
   0.9158949      0.1710512E-01
   0.9084853      0.1841415E-01
   0.9010236      0.1973526E-01
   0.8935244      0.2106610E-01
   0.8859997      0.2240483E-01
   0.8784587      0.2375024E-01
   0.8709082      0.2510175E-01
   0.8633530      0.2645917E-01
   0.8557958      0.2782265E-01
   0.8482371      0.2919271E-01
   0.8406761      0.3056968E-01
   0.8331114      0.3195348E-01
   0.8255425      0.3334392E-01
   0.8179692      0.3474072E-01
   0.8103920      0.3614350E-01
   0.8028115      0.3755185E-01
   0.7952287      0.3896540E-01
   0.7876438      0.4038392E-01
   0.7800569      0.4180721E-01
   0.7724673      0.4323519E-01
   0.7648742      0.4466785E-01
   0.7572763      0.4610510E-01
   0.7496725      0.4754657E-01
   0.7420625      0.4899173E-01
   0.7344465      0.5043993E-01
   0.7268256      0.5189037E-01
   0.7192015      0.5334214E-01
   0.7115764      0.5479422E-01
   0.7039526      0.5624567E-01
   0.6963322      0.5769561E-01
   0.6887167      0.5914328E-01
   0.6811071      0.6058797E-01
   0.6735042      0.6202907E-01
   0.6659083      0.6346604E-01
   0.6583194      0.6489828E-01
   0.6507377      0.6632513E-01
   0.6431633      0.6774591E-01
   0.6355965      0.6915993E-01
   0.6280379      0.7056648E-01
   0.6204881      0.7196483E-01
   0.6129475      0.7335416E-01
   0.6054169      0.7473349E-01
   0.5978967      0.7610182E-01
   0.5903872      0.7745820E-01
   0.5828885      0.7880171E-01
   0.5754008      0.8013146E-01
   0.5679240      0.8144659E-01
   0.5604579      0.8274624E-01
   0.5530026      0.8402950E-01
   0.5455582      0.8529544E-01
   0.5381248      0.8654312E-01
   0.5307028      0.8777162E-01
   0.5232928      0.8897997E-01
   0.5158953      0.9016722E-01
   0.5085111      0.9133218E-01
   0.5011409      0.9247359E-01
   0.4937856      0.9359018E-01
   0.4864459      0.9468073E-01
   0.4791230      0.9574404E-01
   0.4718178      0.9677892E-01
   0.4645312      0.9778403E-01
   0.4572648      0.9875736E-01
   0.4500204      0.9969678E-01
   0.4428003      0.1006002    
   0.4356077      0.1014654    
   0.4284457      0.1022906    
   0.4213182      0.1030736    
   0.4142289      0.1038119    
   0.4071802      0.1045021    
   0.4001724      0.1051412    
   0.3932044      0.1057266    
   0.3862731      0.1062557    
   0.3793742      0.1067262    
   0.3725022      0.1071360    
   0.3656514      0.1074847    
   0.3588168      0.1077723    
   0.3519942      0.1079985    
   0.3451800      0.1081629    
   0.3383712      0.1082650    
   0.3315653      0.1083042    
   0.3247605      0.1082801    
   0.3179554      0.1081934    
   0.3111488      0.1080444    
   0.3043401      0.1078336    
   0.2975291      0.1075614    
   0.2907160      0.1072282    
   0.2839013      0.1068343    
   0.2770858      0.1063803    
   0.2702703      0.1058664    
   0.2634561      0.1052931    
   0.2566442      0.1046609    
   0.2498362      0.1039703    
   0.2430336      0.1032217    
   0.2362384      0.1024153    
   0.2294531      0.1015513    
   0.2226805      0.1006300    
   0.2159239      0.9965182E-01
   0.2091872      0.9861749E-01
   0.2024744      0.9752721E-01
   0.1957895      0.9638055E-01
   0.1891362      0.9517709E-01
   0.1825173      0.9391640E-01
   0.1759353      0.9259807E-01
   0.1693922      0.9122170E-01
   0.1628902      0.8978690E-01
   0.1564330      0.8829363E-01
   0.1500249      0.8674222E-01
   0.1436712      0.8513346E-01
   0.1373781      0.8346855E-01
   0.1311529      0.8174837E-01
   0.1250036      0.7997379E-01
   0.1189390      0.7814626E-01
   0.1129678      0.7626788E-01
   0.1070988      0.7434128E-01
   0.1013415      0.7236926E-01
   0.9570732E-01  0.7035536E-01
   0.9020888E-01  0.6830453E-01
   0.8485878E-01  0.6622283E-01
   0.7966884E-01  0.6411710E-01
   0.7465106E-01  0.6199423E-01
   0.6981881E-01  0.5986209E-01
   0.6518464E-01  0.5772985E-01
   0.6075847E-01  0.5560708E-01
   0.5654651E-01  0.5350289E-01
   0.5255261E-01  0.5142473E-01
   0.4877953E-01  0.4937913E-01
   0.4522705E-01  0.4737247E-01
   0.4189144E-01  0.4541015E-01
   0.3876563E-01  0.4349628E-01
   0.3584025E-01  0.4163344E-01
   0.3310620E-01  0.3982275E-01
   0.3055416E-01  0.3806501E-01
   0.2817402E-01  0.3636057E-01
   0.2595498E-01  0.3470918E-01
   0.2388593E-01  0.3311002E-01
   0.2195573E-01  0.3156175E-01
   0.2015430E-01  0.3006216E-01
   0.1847330E-01  0.2860833E-01
   0.1690477E-01  0.2719760E-01
   0.1544102E-01  0.2582760E-01
   0.1407464E-01  0.2449613E-01
   0.1279859E-01  0.2320114E-01
   0.1160621E-01  0.2194069E-01
   0.1049127E-01  0.2071293E-01
   0.9448577E-02  0.1951605E-01
   0.8475021E-02  0.1834820E-01
   0.7567680E-02  0.1720764E-01
   0.6723512E-02  0.1609270E-01
   0.5939448E-02  0.1500185E-01
   0.5212460E-02  0.1393369E-01
   0.4539604E-02  0.1288689E-01
   0.3918045E-02  0.1186025E-01
   0.3345082E-02  0.1085263E-01
   0.2818181E-02  0.9863002E-02
   0.2336044E-02  0.8890437E-02
   0.1898655E-02  0.7934171E-02
   0.1505824E-02  0.6993588E-02
   0.1157132E-02  0.6068175E-02
   0.8523064E-03  0.5157601E-02
   0.5914034E-03  0.4261332E-02
   0.3742298E-03  0.3378113E-02
   0.2027821E-03  0.2506845E-02
   0.8411192E-04  0.1649810E-02
   0.1988813E-04  0.8117751E-03
   0.5269898E-08 -0.1150876E-04
   0.4268171E-04 -0.8341853E-03
   0.1880542E-03 -0.1659847E-02
   0.4575235E-03 -0.2469648E-02
   0.8661354E-03 -0.3241746E-02
   0.1366488E-02 -0.3984642E-02
   0.1930694E-02 -0.4711531E-02
   0.2552611E-02 -0.5425085E-02
   0.3230062E-02 -0.6125884E-02
   0.3960268E-02 -0.6817113E-02
   0.4740466E-02 -0.7502608E-02
   0.5570382E-02 -0.8185094E-02
   0.6450005E-02 -0.8867442E-02
   0.7379373E-02 -0.9552614E-02
   0.8360817E-02 -0.1024187E-01
   0.9397516E-02 -0.1093605E-01
   0.1049283E-01 -0.1163618E-01
   0.1165024E-01 -0.1234353E-01
   0.1287337E-01 -0.1305961E-01
   0.1416604E-01 -0.1378614E-01
   0.1553355E-01 -0.1452410E-01
   0.1698217E-01 -0.1527424E-01
   0.1851867E-01 -0.1603743E-01
   0.2015044E-01 -0.1681468E-01
   0.2188542E-01 -0.1760727E-01
   0.2373217E-01 -0.1841672E-01
   0.2569984E-01 -0.1924504E-01
   0.2779826E-01 -0.2009486E-01
   0.3003825E-01 -0.2096947E-01
   0.3243315E-01 -0.2187110E-01
   0.3499811E-01 -0.2280102E-01
   0.3774893E-01 -0.2376037E-01
   0.4070171E-01 -0.2475009E-01
   0.4387229E-01 -0.2577100E-01
   0.4727586E-01 -0.2682391E-01
   0.5092701E-01 -0.2790992E-01
   0.5484035E-01 -0.2902876E-01
   0.5902762E-01 -0.3017772E-01
   0.6349488E-01 -0.3135268E-01
   0.6824159E-01 -0.3254843E-01
   0.7326159E-01 -0.3375947E-01
   0.7854662E-01 -0.3498102E-01
   0.8408771E-01 -0.3620789E-01
   0.8987010E-01 -0.3743417E-01
   0.9587317E-01 -0.3865415E-01
   0.1020729     -0.3986305E-01
   0.1084458     -0.4105758E-01
   0.1149704     -0.4223421E-01
   0.1216260     -0.4338913E-01
   0.1283921     -0.4451945E-01
   0.1352505     -0.4562338E-01
   0.1421869     -0.4670029E-01
   0.1491907     -0.4774977E-01
   0.1562527     -0.4877125E-01
   0.1633643     -0.4976445E-01
   0.1705176     -0.5072944E-01
   0.1777056     -0.5166657E-01
   0.1849223     -0.5257613E-01
   0.1921630     -0.5345788E-01
   0.1994238     -0.5431169E-01
   0.2067020     -0.5513763E-01
   0.2139955     -0.5593590E-01
   0.2213038     -0.5670688E-01
   0.2286267     -0.5745109E-01
   0.2359640     -0.5816915E-01
   0.2433149     -0.5886162E-01
   0.2506782     -0.5952903E-01
   0.2580521     -0.6017190E-01
   0.2654344     -0.6079069E-01
   0.2728227     -0.6138540E-01
   0.2802148     -0.6195575E-01
   0.2876094     -0.6250154E-01
   0.2950054     -0.6302260E-01
   0.3024025     -0.6351882E-01
   0.3098008     -0.6399013E-01
   0.3172008     -0.6443655E-01
   0.3246028     -0.6485815E-01
   0.3320069     -0.6525501E-01
   0.3394128     -0.6562716E-01
   0.3468199     -0.6597465E-01
   0.3542272     -0.6629748E-01
   0.3616335     -0.6659562E-01
   0.3690375     -0.6686874E-01
   0.3764381     -0.6711646E-01
   0.3838345     -0.6733845E-01
   0.3912263     -0.6753437E-01
   0.3986131     -0.6770391E-01
   0.4059949     -0.6784675E-01
   0.4133719     -0.6796261E-01
   0.4207438     -0.6805120E-01
   0.4281101     -0.6811223E-01
   0.4354698     -0.6814543E-01
   0.4428215     -0.6815054E-01
   0.4501635     -0.6812731E-01
   0.4574937     -0.6807545E-01
   0.4648096     -0.6799387E-01
   0.4721084     -0.6788122E-01
   0.4793872     -0.6773617E-01
   0.4866429     -0.6755751E-01
   0.4938723     -0.6734410E-01
   0.5010720     -0.6709489E-01
   0.5082384     -0.6680864E-01
   0.5153688     -0.6648314E-01
   0.5224618     -0.6611602E-01
   0.5295178     -0.6570493E-01
   0.5365383     -0.6524749E-01
   0.5435264     -0.6474122E-01
   0.5504863     -0.6418353E-01
   0.5574233     -0.6357252E-01
   0.5643430     -0.6290783E-01
   0.5712510     -0.6218912E-01
   0.5781527     -0.6141583E-01
   0.5850538     -0.6058725E-01
   0.5919600     -0.5970243E-01
   0.5988770     -0.5876022E-01
   0.6058111     -0.5776066E-01
   0.6127684     -0.5670547E-01
   0.6197549     -0.5559656E-01
   0.6267756     -0.5443581E-01
   0.6338353     -0.5322523E-01
   0.6409381     -0.5196694E-01
   0.6480874     -0.5066327E-01
   0.6552860     -0.4931700E-01
   0.6625353     -0.4793150E-01
   0.6698349     -0.4651067E-01
   0.6771823     -0.4505908E-01
   0.6845726     -0.4358197E-01
   0.6919986     -0.4208530E-01
   0.6994508     -0.4057525E-01
   0.7069188     -0.3905699E-01
   0.7143941     -0.3753527E-01
   0.7218692     -0.3601456E-01
   0.7293387     -0.3449898E-01
   0.7367988     -0.3299227E-01
   0.7442472     -0.3149771E-01
   0.7516827     -0.3001750E-01
   0.7591043     -0.2855340E-01
   0.7665109     -0.2710708E-01
   0.7739017     -0.2568021E-01
   0.7812761     -0.2427435E-01
   0.7886334     -0.2289104E-01
   0.7959731     -0.2153182E-01
   0.8032950     -0.2019824E-01
   0.8105987     -0.1889179E-01
   0.8178843     -0.1761388E-01
   0.8251519     -0.1636588E-01
   0.8324018     -0.1514909E-01
   0.8396342     -0.1396482E-01
   0.8468487     -0.1281444E-01
   0.8540442     -0.1169943E-01
   0.8612187     -0.1062129E-01
   0.8683697     -0.9581574E-02
   0.8754940     -0.8581889E-02
   0.8825879     -0.7624317E-02
   0.8896483     -0.6711075E-02
   0.8966723     -0.5844192E-02
   0.9036575     -0.5025504E-02
   0.9106017     -0.4256657E-02
   0.9175019     -0.3538887E-02
   0.9243508     -0.2873300E-02
   0.9311358     -0.2261156E-02
   0.9378406     -0.1703643E-02
   0.9444456     -0.1202023E-02
   0.9509293     -0.7600556E-03
   0.9572683     -0.3818432E-03
   0.9634397     -0.7000422E-04
   0.9694225      0.1739397E-03
   0.9751984      0.3452131E-03
   0.9807512      0.4391035E-03
   0.9860686      0.4538810E-03
   0.9911443      0.3845239E-03
   0.9959835      0.2210798E-03
    1.000000      0.1209669E-19
