Eiffel 428 (Bleriot)
    1.000000     -0.1422836E-17
   0.9967213      0.7773716E-03
   0.9927558      0.1702910E-02
   0.9885738      0.2661620E-02
   0.9841545      0.3655429E-02
   0.9794758      0.4685973E-02
   0.9745159      0.5754307E-02
   0.9692545      0.6860466E-02
   0.9636762      0.8002848E-02
   0.9577750      0.9177419E-02
   0.9515601      0.1037683E-01
   0.9450621      0.1159019E-01
   0.9383347      0.1280756E-01
   0.9314440      0.1402135E-01
   0.9244575      0.1522593E-01
   0.9174354      0.1641863E-01
   0.9104231      0.1759997E-01
   0.9034477      0.1877381E-01
   0.8965178      0.1994672E-01
   0.8896273      0.2112320E-01
   0.8827665      0.2230356E-01
   0.8759268      0.2348776E-01
   0.8691005      0.2467565E-01
   0.8622810      0.2586697E-01
   0.8554623      0.2706134E-01
   0.8486393      0.2825824E-01
   0.8418075      0.2945703E-01
   0.8349632      0.3065696E-01
   0.8281034      0.3185710E-01
   0.8212259      0.3305639E-01
   0.8143291      0.3425362E-01
   0.8074122      0.3544742E-01
   0.8004752      0.3663624E-01
   0.7935192      0.3781860E-01
   0.7865456      0.3899435E-01
   0.7795564      0.4016386E-01
   0.7725534      0.4132755E-01
   0.7655383      0.4248584E-01
   0.7585131      0.4363917E-01
   0.7514795      0.4478799E-01
   0.7444393      0.4593277E-01
   0.7373944      0.4707396E-01
   0.7303492      0.4821162E-01
   0.7233045      0.4934641E-01
   0.7162590      0.5047932E-01
   0.7092121      0.5161120E-01
   0.7021682      0.5274214E-01
   0.6951292      0.5387252E-01
   0.6880966      0.5500160E-01
   0.6810712      0.5612769E-01
   0.6740540      0.5724910E-01
   0.6670457      0.5836414E-01
   0.6600472      0.5947120E-01
   0.6530590      0.6056865E-01
   0.6460816      0.6165494E-01
   0.6391155      0.6272854E-01
   0.6321609      0.6378793E-01
   0.6252182      0.6483165E-01
   0.6182874      0.6585828E-01
   0.6113686      0.6686643E-01
   0.6044617      0.6785471E-01
   0.5975668      0.6882182E-01
   0.5906836      0.6976662E-01
   0.5838120      0.7068845E-01
   0.5769516      0.7158674E-01
   0.5701020      0.7246094E-01
   0.5632621      0.7331055E-01
   0.5564311      0.7413508E-01
   0.5496075      0.7493405E-01
   0.5427899      0.7570701E-01
   0.5359765      0.7645351E-01
   0.5291653      0.7717309E-01
   0.5223542      0.7786529E-01
   0.5155407      0.7852965E-01
   0.5087221      0.7916568E-01
   0.5018956      0.7977285E-01
   0.4950578      0.8035065E-01
   0.4882055      0.8089910E-01
   0.4813362      0.8141860E-01
   0.4744481      0.8190951E-01
   0.4675403      0.8237209E-01
   0.4606130      0.8280653E-01
   0.4536674      0.8321297E-01
   0.4467055      0.8359153E-01
   0.4397306      0.8394231E-01
   0.4327469      0.8426544E-01
   0.4257598      0.8456105E-01
   0.4187756      0.8482933E-01
   0.4118017      0.8507055E-01
   0.4048462      0.8528502E-01
   0.3979181      0.8547320E-01
   0.3910269      0.8563482E-01
   0.3841808      0.8576758E-01
   0.3773856      0.8586900E-01
   0.3706442      0.8593687E-01
   0.3639572      0.8596914E-01
   0.3573232      0.8596390E-01
   0.3507387      0.8591930E-01
   0.3441986      0.8583347E-01
   0.3376963      0.8570446E-01
   0.3312238      0.8553017E-01
   0.3247715      0.8530826E-01
   0.3183285      0.8503609E-01
   0.3118822      0.8471053E-01
   0.3054180      0.8432794E-01
   0.2989190      0.8388388E-01
   0.2923658      0.8337416E-01
   0.2857375      0.8279910E-01
   0.2790160      0.8216035E-01
   0.2721870      0.8145983E-01
   0.2652407      0.8070013E-01
   0.2581916      0.7988704E-01
   0.2512069      0.7904602E-01
   0.2443153      0.7818811E-01
   0.2374902      0.7731712E-01
   0.2307005      0.7643566E-01
   0.2239106      0.7554522E-01
   0.2170786      0.7464630E-01
   0.2101537      0.7373836E-01
   0.2031112      0.7282485E-01
   0.1962180      0.7194625E-01
   0.1895806      0.7110482E-01
   0.1832141      0.7027384E-01
   0.1771060      0.6942834E-01
   0.1712291      0.6854646E-01
   0.1655487      0.6760844E-01
   0.1600267      0.6659524E-01
   0.1546232      0.6548706E-01
   0.1492955      0.6426152E-01
   0.1439958      0.6289921E-01
   0.1386734      0.6141387E-01
   0.1332947      0.5983396E-01
   0.1278495      0.5819700E-01
   0.1223555      0.5655225E-01
   0.1168611      0.5495957E-01
   0.1114412      0.5348261E-01
   0.1061818      0.5217718E-01
   0.1011604      0.5108020E-01
   0.9643074E-01  0.5020077E-01
   0.9202396E-01  0.4946887E-01
   0.8792813E-01  0.4878551E-01
   0.8410255E-01  0.4807912E-01
   0.8050029E-01  0.4729620E-01
   0.7707594E-01  0.4639161E-01
   0.7378648E-01  0.4532047E-01
   0.7058291E-01  0.4405148E-01
   0.6740472E-01  0.4259565E-01
   0.6419728E-01  0.4096785E-01
   0.6091018E-01  0.3918436E-01
   0.5749566E-01  0.3726917E-01
   0.5391141E-01  0.3526245E-01
   0.5012969E-01  0.3323116E-01
   0.4615952E-01  0.3126532E-01
   0.4208336E-01  0.2940235E-01
   0.3800849E-01  0.2764365E-01
   0.3402977E-01  0.2597963E-01
   0.3021757E-01  0.2439330E-01
   0.2661562E-01  0.2286448E-01
   0.2324483E-01  0.2137222E-01
   0.2011267E-01  0.1988228E-01
   0.1728270E-01  0.1839525E-01
   0.1481673E-01  0.1695630E-01
   0.1270186E-01  0.1559918E-01
   0.1088587E-01  0.1433536E-01
   0.9325732E-02  0.1316714E-01
   0.7978231E-02  0.1208469E-01
   0.6804954E-02  0.1107440E-01
   0.5775941E-02  0.1012391E-01
   0.4868775E-02  0.9223145E-02
   0.4066684E-02  0.8364131E-02
   0.3356988E-02  0.7540497E-02
   0.2730004E-02  0.6747104E-02
   0.2178276E-02  0.5979737E-02
   0.1696052E-02  0.5234884E-02
   0.1278917E-02  0.4509566E-02
   0.9235327E-03  0.3801214E-02
   0.6274630E-03  0.3107571E-02
   0.3890527E-03  0.2426620E-02
   0.2073519E-03  0.1756516E-02
   0.8207679E-04  0.1095540E-02
   0.1360354E-04  0.4420508E-03
   0.2996041E-05 -0.2055620E-03
   0.5207049E-04 -0.8489203E-03
   0.1626832E-03 -0.1489675E-02
   0.3340249E-03 -0.2129348E-02
   0.5651285E-03 -0.2769315E-02
   0.8557705E-03 -0.3410854E-02
   0.1206438E-02 -0.4055179E-02
   0.1618331E-02 -0.4703465E-02
   0.2093402E-02 -0.5356865E-02
   0.2634429E-02 -0.6016524E-02
   0.3245131E-02 -0.6683579E-02
   0.3930332E-02 -0.7359152E-02
   0.4696194E-02 -0.8044318E-02
   0.5550520E-02 -0.8740035E-02
   0.6503148E-02 -0.9446995E-02
   0.7566435E-02 -0.1016532E-01
   0.8755733E-02 -0.1089396E-01
   0.1008955E-01 -0.1162945E-01
   0.1158836E-01 -0.1236328E-01
   0.1326907E-01 -0.1307664E-01
   0.1514664E-01 -0.1374174E-01
   0.1724744E-01 -0.1433336E-01
   0.1959133E-01 -0.1482504E-01
   0.2218397E-01 -0.1519706E-01
   0.2502435E-01 -0.1544984E-01
   0.2813444E-01 -0.1560606E-01
   0.3155730E-01 -0.1567014E-01
   0.3534068E-01 -0.1563948E-01
   0.3953472E-01 -0.1551869E-01
   0.4418378E-01 -0.1532663E-01
   0.4931020E-01 -0.1510713E-01
   0.5489009E-01 -0.1493019E-01
   0.6085646E-01 -0.1481674E-01
   0.6711007E-01 -0.1474793E-01
   0.7355062E-01 -0.1469162E-01
   0.8012022E-01 -0.1461107E-01
   0.8679738E-01 -0.1450297E-01
   0.9355845E-01 -0.1438479E-01
   0.1003728     -0.1427571E-01
   0.1072044     -0.1418996E-01
   0.1140212     -0.1412014E-01
   0.1208007     -0.1405352E-01
   0.1275306     -0.1397758E-01
   0.1342080     -0.1388030E-01
   0.1408384     -0.1375002E-01
   0.1474352     -0.1357524E-01
   0.1540187     -0.1334482E-01
   0.1606141     -0.1305795E-01
   0.1672440     -0.1272248E-01
   0.1739265     -0.1234648E-01
   0.1806754     -0.1193833E-01
   0.1874995     -0.1150713E-01
   0.1944020     -0.1106293E-01
   0.2013794     -0.1061695E-01
   0.2084210     -0.1017845E-01
   0.2155126     -0.9749665E-02
   0.2226308     -0.9332165E-02
   0.2297325     -0.8928436E-02
   0.2368231     -0.8538048E-02
   0.2439120     -0.8160379E-02
   0.2510074     -0.7794957E-02
   0.2581157     -0.7441442E-02
   0.2652391     -0.7099733E-02
   0.2723513     -0.6771050E-02
   0.2794421     -0.6455716E-02
   0.2865116     -0.6153553E-02
   0.2935617     -0.5864320E-02
   0.3005957     -0.5587731E-02
   0.3076183     -0.5323303E-02
   0.3146345     -0.5070020E-02
   0.3216485     -0.4826807E-02
   0.3286642     -0.4592632E-02
   0.3356850     -0.4366504E-02
   0.3427134     -0.4147456E-02
   0.3497517     -0.3934548E-02
   0.3568015     -0.3726851E-02
   0.3638639     -0.3523454E-02
   0.3709394     -0.3323451E-02
   0.3780279     -0.3125945E-02
   0.3851288     -0.2930045E-02
   0.3922407     -0.2734867E-02
   0.3993619     -0.2539534E-02
   0.4064897     -0.2343360E-02
   0.4136216     -0.2146639E-02
   0.4207550     -0.1949987E-02
   0.4278879     -0.1754013E-02
   0.4350184     -0.1559315E-02
   0.4421451     -0.1366482E-02
   0.4492668     -0.1176088E-02
   0.4563826     -0.9886982E-03
   0.4634921     -0.8048637E-03
   0.4705950     -0.6251241E-03
   0.4776914     -0.4500079E-03
   0.4847817     -0.2800338E-03
   0.4918667     -0.1157117E-03
   0.4989474      0.4245548E-04
   0.5060250      0.1940406E-03
   0.5131010      0.3390677E-03
   0.5201766      0.4777295E-03
   0.5272527      0.6102114E-03
   0.5343304      0.7366918E-03
   0.5414101      0.8573433E-03
   0.5484925      0.9723337E-03
   0.5555778      0.1081827E-02
   0.5626662      0.1185983E-02
   0.5697576      0.1284961E-02
   0.5768518      0.1378915E-02
   0.5839482      0.1468002E-02
   0.5910463      0.1552376E-02
   0.5981454      0.1632190E-02
   0.6052442      0.1707580E-02
   0.6123419      0.1778505E-02
   0.6194376      0.1844838E-02
   0.6265306      0.1906455E-02
   0.6336206      0.1963234E-02
   0.6407073      0.2015057E-02
   0.6477908      0.2061808E-02
   0.6548713      0.2103373E-02
   0.6619494      0.2139639E-02
   0.6690258      0.2170490E-02
   0.6761014      0.2195812E-02
   0.6831773      0.2215487E-02
   0.6902549      0.2229394E-02
   0.6973358      0.2237407E-02
   0.7044219      0.2239413E-02
   0.7115149      0.2235543E-02
   0.7186164      0.2226101E-02
   0.7257272      0.2211396E-02
   0.7328479      0.2191735E-02
   0.7399782      0.2167433E-02
   0.7471133      0.2138825E-02
   0.7542416      0.2106292E-02
   0.7613640      0.2070174E-02
   0.7684827      0.2030799E-02
   0.7756007      0.1988485E-02
   0.7827214      0.1943543E-02
   0.7898485      0.1896275E-02
   0.7969825      0.1847008E-02
   0.8041033      0.1796163E-02
   0.8112031      0.1743287E-02
   0.8182780      0.1687265E-02
   0.8253258      0.1626979E-02
   0.8323457      0.1561331E-02
   0.8393379      0.1489239E-02
   0.8463043      0.1409630E-02
   0.8532477      0.1321434E-02
   0.8601721      0.1223569E-02
   0.8670826      0.1114930E-02
   0.8739854      0.9943741E-03
   0.8808879      0.8606973E-03
   0.8877986      0.7126135E-03
   0.8947274      0.5487254E-03
   0.9016855      0.3675147E-03
   0.9086842      0.1706404E-03
   0.9157235     -0.3328858E-04
   0.9227848     -0.2340492E-03
   0.9298298     -0.4207811E-03
   0.9368027     -0.5826864E-03
   0.9436368     -0.7100996E-03
   0.9502632     -0.7956168E-03
   0.9566215     -0.8362210E-03
   0.9626725     -0.8361106E-03
   0.9684004     -0.8011908E-03
   0.9738070     -0.7371669E-03
   0.9789056     -0.6491559E-03
   0.9837154     -0.5415431E-03
   0.9882583     -0.4179843E-03
   0.9925565     -0.2814784E-03
   0.9966314     -0.1344647E-03
    1.000000     -0.1422836E-17
