Fage & Collins 1
    1.000000     -0.1084143E-17
   0.9967283      0.1141706E-02
   0.9928191      0.2462702E-02
   0.9887549      0.3786514E-02
   0.9845260      0.5110769E-02
   0.9801225      0.6432496E-02
   0.9755345      0.7748006E-02
   0.9707528      0.9052766E-02
   0.9657690      0.1034126E-01
   0.9605766      0.1160685E-01
   0.9551718      0.1284172E-01
   0.9495548      0.1403680E-01
   0.9437310      0.1518449E-01
   0.9377130      0.1628636E-01
   0.9315175      0.1734802E-01
   0.9251650      0.1837765E-01
   0.9186778      0.1938598E-01
   0.9120793      0.2038622E-01
   0.9053922      0.2139381E-01
   0.8986368      0.2242614E-01
   0.8918294      0.2349574E-01
   0.8849807      0.2459984E-01
   0.8781006      0.2573304E-01
   0.8711985      0.2688983E-01
   0.8642825      0.2806461E-01
   0.8573598      0.2925181E-01
   0.8504366      0.3044601E-01
   0.8435175      0.3164192E-01
   0.8366061      0.3283453E-01
   0.8297046      0.3401905E-01
   0.8228139      0.3519098E-01
   0.8159336      0.3634608E-01
   0.8090621      0.3748035E-01
   0.8021968      0.3859003E-01
   0.7953335      0.3967176E-01
   0.7884684      0.4072496E-01
   0.7815979      0.4175096E-01
   0.7747190      0.4275101E-01
   0.7678292      0.4372623E-01
   0.7609263      0.4467766E-01
   0.7540087      0.4560625E-01
   0.7470752      0.4651287E-01
   0.7401250      0.4739831E-01
   0.7331577      0.4826332E-01
   0.7261737      0.4910859E-01
   0.7191735      0.4993475E-01
   0.7121585      0.5074238E-01
   0.7051304      0.5153206E-01
   0.6980914      0.5230428E-01
   0.6910443      0.5305930E-01
   0.6839916      0.5379680E-01
   0.6769356      0.5451645E-01
   0.6698780      0.5521798E-01
   0.6628203      0.5590116E-01
   0.6557637      0.5656583E-01
   0.6487087      0.5721187E-01
   0.6416559      0.5783919E-01
   0.6346051      0.5844774E-01
   0.6275559      0.5903750E-01
   0.6205077      0.5960848E-01
   0.6134592      0.6016070E-01
   0.6064090      0.6069420E-01
   0.5993553      0.6120904E-01
   0.5922958      0.6170542E-01
   0.5852284      0.6218412E-01
   0.5781512      0.6264606E-01
   0.5710629      0.6309209E-01
   0.5639623      0.6352304E-01
   0.5568487      0.6393972E-01
   0.5497219      0.6434292E-01
   0.5425819      0.6473342E-01
   0.5354293      0.6511197E-01
   0.5282650      0.6547933E-01
   0.5210904      0.6583623E-01
   0.5139073      0.6618342E-01
   0.5067178      0.6652162E-01
   0.4995248      0.6685157E-01
   0.4923313      0.6717374E-01
   0.4851404      0.6748751E-01
   0.4779545      0.6779200E-01
   0.4707760      0.6808636E-01
   0.4636064      0.6836980E-01
   0.4564470      0.6864154E-01
   0.4492986      0.6890082E-01
   0.4421614      0.6914694E-01
   0.4350354      0.6937920E-01
   0.4279200      0.6959691E-01
   0.4208143      0.6979943E-01
   0.4137170      0.6998609E-01
   0.4066262      0.7015625E-01
   0.3995399      0.7030926E-01
   0.3924555      0.7044449E-01
   0.3853707      0.7056151E-01
   0.3782837      0.7065992E-01
   0.3711935      0.7073928E-01
   0.3640996      0.7079915E-01
   0.3570023      0.7083908E-01
   0.3499026      0.7085859E-01
   0.3428020      0.7085724E-01
   0.3357030      0.7083462E-01
   0.3286084      0.7079033E-01
   0.3215219      0.7072401E-01
   0.3144478      0.7063539E-01
   0.3073909      0.7052424E-01
   0.3003566      0.7039042E-01
   0.2933507      0.7023375E-01
   0.2863787      0.7005341E-01
   0.2794443      0.6984837E-01
   0.2725495      0.6961760E-01
   0.2656945      0.6936010E-01
   0.2588781      0.6907484E-01
   0.2520974      0.6876073E-01
   0.2453485      0.6841662E-01
   0.2386259      0.6804121E-01
   0.2319232      0.6763306E-01
   0.2252326      0.6719054E-01
   0.2185451      0.6671175E-01
   0.2118502      0.6619449E-01
   0.2051361      0.6563616E-01
   0.1983889      0.6503367E-01
   0.1915933      0.6438461E-01
   0.1847380      0.6368971E-01
   0.1778208      0.6295116E-01
   0.1708510      0.6217259E-01
   0.1638502      0.6135944E-01
   0.1568527      0.6051920E-01
   0.1499042      0.5966132E-01
   0.1430577      0.5879381E-01
   0.1363597      0.5791084E-01
   0.1298343      0.5700191E-01
   0.1234868      0.5605650E-01
   0.1173082      0.5506413E-01
   0.1112806      0.5401407E-01
   0.1053800      0.5289495E-01
   0.9957779E-01  0.5169410E-01
   0.9384239E-01  0.5039985E-01
   0.8814877E-01  0.4901179E-01
   0.8248636E-01  0.4753443E-01
   0.7685884E-01  0.4597536E-01
   0.7128328E-01  0.4434558E-01
   0.6579046E-01  0.4265197E-01
   0.6043434E-01  0.4090464E-01
   0.5528550E-01  0.3912487E-01
   0.5041164E-01  0.3734055E-01
   0.4586274E-01  0.3557917E-01
   0.4166818E-01  0.3385937E-01
   0.3782111E-01  0.3218672E-01
   0.3429330E-01  0.3055909E-01
   0.3105069E-01  0.2897106E-01
   0.2806033E-01  0.2741612E-01
   0.2529292E-01  0.2588777E-01
   0.2272110E-01  0.2437816E-01
   0.2031729E-01  0.2287571E-01
   0.1807923E-01  0.2138710E-01
   0.1601694E-01  0.1993316E-01
   0.1413406E-01  0.1853474E-01
   0.1242238E-01  0.1720475E-01
   0.1087008E-01  0.1594857E-01
   0.9475167E-02  0.1476770E-01
   0.8226845E-02  0.1365620E-01
   0.7109812E-02  0.1260539E-01
   0.6109277E-02  0.1160673E-01
   0.5212412E-02  0.1065274E-01
   0.4408528E-02  0.9737050E-02
   0.3688853E-02  0.8854319E-02
   0.3046237E-02  0.8000061E-02
   0.2474862E-02  0.7170476E-02
   0.1970012E-02  0.6362319E-02
   0.1527884E-02  0.5572783E-02
   0.1145443E-02  0.4799414E-02
   0.8203059E-03  0.4040036E-02
   0.5506659E-03  0.3292694E-02
   0.3352256E-03  0.2555605E-02
   0.1731581E-03  0.1827116E-02
   0.6408139E-04  0.1105672E-02
   0.8048386E-05  0.3897810E-03
   0.5551840E-05 -0.3220141E-03
   0.5754475E-04 -0.1031165E-02
   0.1650607E-03 -0.1739002E-02
   0.3268139E-03 -0.2445870E-02
   0.5408496E-03 -0.3151615E-02
   0.8056693E-03 -0.3855973E-02
   0.1120173E-02 -0.4558568E-02
   0.1483612E-02 -0.5258894E-02
   0.1895558E-02 -0.5956304E-02
   0.2355875E-02 -0.6649979E-02
   0.2864705E-02 -0.7338899E-02
   0.3422453E-02 -0.8021803E-02
   0.4029786E-02 -0.8697131E-02
   0.4687619E-02 -0.9362958E-02
   0.5397120E-02 -0.1001690E-01
   0.6159694E-02 -0.1065599E-01
   0.6976978E-02 -0.1127654E-01
   0.7850805E-02 -0.1187389E-01
   0.8783161E-02 -0.1244216E-01
   0.9776084E-02 -0.1297387E-01
   0.1083150E-01 -0.1345943E-01
   0.1195093E-01 -0.1388644E-01
   0.1313508E-01 -0.1423898E-01
   0.1438690E-01 -0.1450451E-01
   0.1571480E-01 -0.1468034E-01
   0.1712929E-01 -0.1476592E-01
   0.1864305E-01 -0.1476310E-01
   0.2027140E-01 -0.1467771E-01
   0.2203285E-01 -0.1452237E-01
   0.2394945E-01 -0.1432107E-01
   0.2604674E-01 -0.1411603E-01
   0.2835342E-01 -0.1394532E-01
   0.3090122E-01 -0.1381823E-01
   0.3372229E-01 -0.1374119E-01
   0.3684428E-01 -0.1371823E-01
   0.4028349E-01 -0.1374741E-01
   0.4403945E-01 -0.1381645E-01
   0.4809883E-01 -0.1389867E-01
   0.5245673E-01 -0.1395209E-01
   0.5714027E-01 -0.1395126E-01
   0.6218844E-01 -0.1389994E-01
   0.6763498E-01 -0.1380922E-01
   0.7349553E-01 -0.1369968E-01
   0.7974749E-01 -0.1360172E-01
   0.8632172E-01 -0.1352598E-01
   0.9312819E-01 -0.1346545E-01
   0.1000853     -0.1340956E-01
   0.1071432     -0.1334788E-01
   0.1142758     -0.1327919E-01
   0.1214610     -0.1320493E-01
   0.1286799     -0.1312666E-01
   0.1359176     -0.1304595E-01
   0.1431637     -0.1296436E-01
   0.1504128     -0.1288341E-01
   0.1576640     -0.1280425E-01
   0.1649187     -0.1272678E-01
   0.1721783     -0.1265064E-01
   0.1794434     -0.1257545E-01
   0.1867144     -0.1250084E-01
   0.1939914     -0.1242646E-01
   0.2012738     -0.1235194E-01
   0.2085607     -0.1227703E-01
   0.2158501     -0.1220175E-01
   0.2231375     -0.1212617E-01
   0.2304232     -0.1205034E-01
   0.2377077     -0.1197428E-01
   0.2449918     -0.1189803E-01
   0.2522761     -0.1182160E-01
   0.2595608     -0.1174504E-01
   0.2668464     -0.1166838E-01
   0.2741331     -0.1159166E-01
   0.2814211     -0.1151490E-01
   0.2887103     -0.1143814E-01
   0.2960003     -0.1136143E-01
   0.3032893     -0.1128482E-01
   0.3105775     -0.1120833E-01
   0.3178651     -0.1113193E-01
   0.3251522     -0.1105562E-01
   0.3324392     -0.1097938E-01
   0.3397261     -0.1090320E-01
   0.3470130     -0.1082707E-01
   0.3543002     -0.1075097E-01
   0.3615876     -0.1067488E-01
   0.3688754     -0.1059881E-01
   0.3761635     -0.1052272E-01
   0.3834521     -0.1044662E-01
   0.3907411     -0.1037048E-01
   0.3980305     -0.1029430E-01
   0.4053202     -0.1021807E-01
   0.4126102     -0.1014179E-01
   0.4199004     -0.1006548E-01
   0.4271906     -0.9989136E-02
   0.4344808     -0.9912785E-02
   0.4417709     -0.9836437E-02
   0.4490611     -0.9760100E-02
   0.4563513     -0.9683787E-02
   0.4636415     -0.9607510E-02
   0.4709316     -0.9531283E-02
   0.4782216     -0.9455118E-02
   0.4855113     -0.9379026E-02
   0.4928007     -0.9303020E-02
   0.5000899     -0.9227111E-02
   0.5073789     -0.9151305E-02
   0.5146675     -0.9075574E-02
   0.5219558     -0.8999883E-02
   0.5292438     -0.8924198E-02
   0.5365315     -0.8848483E-02
   0.5438189     -0.8772703E-02
   0.5511060     -0.8696824E-02
   0.5583928     -0.8620810E-02
   0.5656794     -0.8544626E-02
   0.5729658     -0.8468236E-02
   0.5802519     -0.8391606E-02
   0.5875379     -0.8314700E-02
   0.5948239     -0.8237483E-02
   0.6021097     -0.8159920E-02
   0.6093956     -0.8082029E-02
   0.6166816     -0.8003928E-02
   0.6239675     -0.7925745E-02
   0.6312535     -0.7847608E-02
   0.6385394     -0.7769647E-02
   0.6458251     -0.7691991E-02
   0.6531103     -0.7614770E-02
   0.6603950     -0.7538113E-02
   0.6676788     -0.7462152E-02
   0.6749615     -0.7387016E-02
   0.6822426     -0.7312837E-02
   0.6895219     -0.7239745E-02
   0.6967989     -0.7167871E-02
   0.7040732     -0.7097330E-02
   0.7113442     -0.7027930E-02
   0.7186117     -0.6959208E-02
   0.7258751     -0.6890694E-02
   0.7331345     -0.6821917E-02
   0.7403895     -0.6752408E-02
   0.7476403     -0.6681696E-02
   0.7548870     -0.6609315E-02
   0.7621296     -0.6534795E-02
   0.7693686     -0.6457668E-02
   0.7766044     -0.6377467E-02
   0.7838373     -0.6293723E-02
   0.7910680     -0.6205965E-02
   0.7982972     -0.6113722E-02
   0.8055257     -0.6016676E-02
   0.8127542     -0.5915864E-02
   0.8199827     -0.5813017E-02
   0.8272108     -0.5709883E-02
   0.8344374     -0.5608217E-02
   0.8416605     -0.5509780E-02
   0.8488778     -0.5416333E-02
   0.8560861     -0.5329628E-02
   0.8632817     -0.5251397E-02
   0.8704604     -0.5183344E-02
   0.8776174     -0.5127124E-02
   0.8847473     -0.5084334E-02
   0.8918446     -0.5056494E-02
   0.8989032     -0.5045028E-02
   0.9059166     -0.5049531E-02
   0.9128742     -0.5058306E-02
   0.9197574     -0.5055718E-02
   0.9265411     -0.5027264E-02
   0.9331958     -0.4960142E-02
   0.9396909     -0.4843824E-02
   0.9459969     -0.4670493E-02
   0.9520889     -0.4435307E-02
   0.9579482     -0.4139812E-02
   0.9635656     -0.3792143E-02
   0.9689402     -0.3400416E-02
   0.9740770     -0.2971933E-02
   0.9789849     -0.2513077E-02
   0.9836753     -0.2029321E-02
   0.9881607     -0.1525292E-02
   0.9924540     -0.1004867E-02
   0.9965681     -0.4712777E-03
    1.000000     -0.1084143E-17
