FX 60-100 AIRFOIL
    1.000000      0.3388129E-18
   0.9967816      0.6510489E-03
   0.9924910      0.1493986E-02
   0.9875678      0.2477582E-02
   0.9821089      0.3556812E-02
   0.9762542      0.4739698E-02
   0.9701154      0.5979923E-02
   0.9637894      0.7241813E-02
   0.9573545      0.8517058E-02
   0.9508641      0.9800927E-02
   0.9443574      0.1108935E-01
   0.9378576      0.1237543E-01
   0.9313655      0.1365232E-01
   0.9248649      0.1492069E-01
   0.9183477      0.1618768E-01
   0.9118269      0.1745682E-01
   0.9053245      0.1872218E-01
   0.8988456      0.1997537E-01
   0.8923730      0.2121275E-01
   0.8858810      0.2243930E-01
   0.8793581      0.2366164E-01
   0.8728124      0.2488279E-01
   0.8662654      0.2610001E-01
   0.8597317      0.2730838E-01
   0.8532118      0.2850545E-01
   0.8466939      0.2969184E-01
   0.8401656      0.3087094E-01
   0.8336235      0.3204509E-01
   0.8270739      0.3321482E-01
   0.8205303      0.3437774E-01
   0.8140017      0.3552992E-01
   0.8074890      0.3666883E-01
   0.8009850      0.3779345E-01
   0.7944782      0.3890519E-01
   0.7879615      0.4000628E-01
   0.7814348      0.4109780E-01
   0.7749057      0.4217955E-01
   0.7683856      0.4324909E-01
   0.7618821      0.4430286E-01
   0.7553948      0.4533850E-01
   0.7489164      0.4635483E-01
   0.7424338      0.4735265E-01
   0.7359359      0.4833524E-01
   0.7294189      0.4930517E-01
   0.7228866      0.5026389E-01
   0.7163503      0.5121150E-01
   0.7098237      0.5214507E-01
   0.7033142      0.5306121E-01
   0.6968213      0.5395765E-01
   0.6903372      0.5483316E-01
   0.6838481      0.5568845E-01
   0.6773420      0.5652692E-01
   0.6708138      0.5735150E-01
   0.6642661      0.5816417E-01
   0.6577090      0.5896592E-01
   0.6511578      0.5975504E-01
   0.6446229      0.6052797E-01
   0.6381071      0.6128201E-01
   0.6316056      0.6201538E-01
   0.6251067      0.6272729E-01
   0.6185958      0.6341989E-01
   0.6120638      0.6409647E-01
   0.6055088      0.6475956E-01
   0.5989366      0.6541096E-01
   0.5923605      0.6605144E-01
   0.5857954      0.6667860E-01
   0.5792494      0.6728938E-01
   0.5727220      0.6788160E-01
   0.5662050      0.6845377E-01
   0.5596828      0.6900553E-01
   0.5531392      0.6954002E-01
   0.5465659      0.7006103E-01
   0.5399639      0.7057164E-01
   0.5333447      0.7107423E-01
   0.5267291      0.7156966E-01
   0.5201381      0.7205382E-01
   0.5135818      0.7252188E-01
   0.5070582      0.7297006E-01
   0.5005546      0.7339533E-01
   0.4940484      0.7379625E-01
   0.4875169      0.7417651E-01
   0.4809479      0.7454080E-01
   0.4743423      0.7489312E-01
   0.4677141      0.7523693E-01
   0.4610910      0.7557380E-01
   0.4545003      0.7589879E-01
   0.4479549      0.7620591E-01
   0.4414528      0.7649014E-01
   0.4349786      0.7674719E-01
   0.4285048      0.7697449E-01
   0.4220043      0.7717564E-01
   0.4154628      0.7735542E-01
   0.4088809      0.7751821E-01
   0.4022750      0.7766821E-01
   0.3956772      0.7780762E-01
   0.3891172      0.7793169E-01
   0.3826067      0.7803473E-01
   0.3761402      0.7811163E-01
   0.3696958      0.7815747E-01
   0.3632387      0.7816986E-01
   0.3567389      0.7815333E-01
   0.3501842      0.7811345E-01
   0.3435835      0.7805614E-01
   0.3369688      0.7798781E-01
   0.3303882      0.7790954E-01
   0.3238741      0.7781399E-01
   0.3174312      0.7769343E-01
   0.3110393      0.7754006E-01
   0.3046567      0.7734597E-01
   0.2982323      0.7711128E-01
   0.2917350      0.7684271E-01
   0.2851641      0.7654856E-01
   0.2785542      0.7623939E-01
   0.2719734      0.7592363E-01
   0.2654806      0.7559468E-01
   0.2590908      0.7524175E-01
   0.2527796      0.7485287E-01
   0.2464897      0.7441452E-01
   0.2401477      0.7392268E-01
   0.2337071      0.7338463E-01
   0.2271679      0.7281217E-01
   0.2205869      0.7222339E-01
   0.2140682      0.7163116E-01
   0.2076830      0.7102632E-01
   0.2014319      0.7039322E-01
   0.1952607      0.6971184E-01
   0.1890728      0.6896284E-01
   0.1827803      0.6814743E-01
   0.1763567      0.6727892E-01
   0.1698593      0.6638412E-01
   0.1634310      0.6549281E-01
   0.1571842      0.6459859E-01
   0.1511221      0.6367766E-01
   0.1451657      0.6269662E-01
   0.1391839      0.6162678E-01
   0.1330755      0.6047398E-01
   0.1268409      0.5926841E-01
   0.1206133      0.5806721E-01
   0.1145851      0.5689423E-01
   0.1088083      0.5571509E-01
   0.1031985      0.5447532E-01
   0.9758766E-01  0.5311597E-01
   0.9182781E-01  0.5163344E-01
   0.8592981E-01  0.5008026E-01
   0.8012290E-01  0.4856336E-01
   0.7465701E-01  0.4710509E-01
   0.6951756E-01  0.4563035E-01
   0.6452146E-01  0.4403157E-01
   0.5941511E-01  0.4222797E-01
   0.5406434E-01  0.4023266E-01
   0.4864567E-01  0.3818786E-01
   0.4355708E-01  0.3622423E-01
   0.3890396E-01  0.3429923E-01
   0.3455606E-01  0.3231385E-01
   0.3038510E-01  0.3022635E-01
   0.2639646E-01  0.2807265E-01
   0.2269046E-01  0.2593227E-01
   0.1936893E-01  0.2386689E-01
   0.1646262E-01  0.2191231E-01
   0.1395317E-01  0.2007371E-01
   0.1180545E-01  0.1833413E-01
   0.9971662E-02  0.1667757E-01
   0.8403711E-02  0.1509378E-01
   0.7058993E-02  0.1358823E-01
   0.5902541E-02  0.1216639E-01
   0.4905585E-02  0.1082879E-01
   0.4044088E-02  0.9572650E-02
   0.3296534E-02  0.8388964E-02
   0.2645731E-02  0.7269353E-02
   0.2078461E-02  0.6210586E-02
   0.1583088E-02  0.5210592E-02
   0.1149024E-02  0.4266736E-02
   0.7743471E-03  0.3377828E-02
   0.4691053E-03  0.2542719E-02
   0.2379786E-03  0.1754953E-02
   0.8314568E-04  0.1006377E-02
   0.7268661E-05  0.2888349E-03
   0.1521125E-04 -0.4055743E-03
   0.1156620E-03 -0.1084861E-02
   0.3220493E-03 -0.1757308E-02
   0.6397463E-03 -0.2424331E-02
   0.1069788E-02 -0.3077613E-02
   0.1614525E-02 -0.3699964E-02
   0.2278319E-02 -0.4285407E-02
   0.3066571E-02 -0.4842839E-02
   0.3980828E-02 -0.5387740E-02
   0.5013919E-02 -0.5945435E-02
   0.6167875E-02 -0.6534250E-02
   0.7464399E-02 -0.7158163E-02
   0.8930762E-02 -0.7821290E-02
   0.1060279E-01 -0.8530242E-02
   0.1252864E-01 -0.9294146E-02
   0.1476335E-01 -0.1012103E-01
   0.1735682E-01 -0.1101576E-01
   0.2032872E-01 -0.1196956E-01
   0.2365925E-01 -0.1294015E-01
   0.2732337E-01 -0.1387194E-01
   0.3137748E-01 -0.1474442E-01
   0.3591189E-01 -0.1561334E-01
   0.4085590E-01 -0.1655445E-01
   0.4589694E-01 -0.1752175E-01
   0.5085050E-01 -0.1838471E-01
   0.5580901E-01 -0.1908192E-01
   0.6096862E-01 -0.1967224E-01
   0.6643100E-01 -0.2025198E-01
   0.7210016E-01 -0.2090058E-01
   0.7776641E-01 -0.2156867E-01
   0.8335477E-01 -0.2217398E-01
   0.8895146E-01 -0.2266564E-01
   0.9470209E-01 -0.2306987E-01
   0.1006833     -0.2344082E-01
   0.1068442     -0.2383189E-01
   0.1130182     -0.2424152E-01
   0.1190999     -0.2462276E-01
   0.1251013     -0.2493746E-01
   0.1311222     -0.2516988E-01
   0.1372625     -0.2534573E-01
   0.1435610     -0.2549637E-01
   0.1499720     -0.2565375E-01
   0.1563810     -0.2582011E-01
   0.1627120     -0.2596987E-01
   0.1689617     -0.2607975E-01
   0.1751880     -0.2613149E-01
   0.1814719     -0.2613107E-01
   0.1878619     -0.2609632E-01
   0.1943584     -0.2604647E-01
   0.2009037     -0.2600003E-01
   0.2074148     -0.2595258E-01
   0.2138487     -0.2588870E-01
   0.2202103     -0.2579358E-01
   0.2265448     -0.2565357E-01
   0.2329163     -0.2546944E-01
   0.2393675     -0.2525195E-01
   0.2459076     -0.2501348E-01
   0.2525067     -0.2476869E-01
   0.2591004     -0.2452423E-01
   0.2656380     -0.2427194E-01
   0.2721040     -0.2400179E-01
   0.2785155     -0.2370305E-01
   0.2849166     -0.2336623E-01
   0.2913566     -0.2299373E-01
   0.2978651     -0.2259269E-01
   0.3044465     -0.2217203E-01
   0.3110767     -0.2174307E-01
   0.3177062     -0.2131239E-01
   0.3242940     -0.2087590E-01
   0.3308239     -0.2042744E-01
   0.3373030     -0.1995960E-01
   0.3437591     -0.1946430E-01
   0.3502301     -0.1894044E-01
   0.3567434     -0.1839252E-01
   0.3633103     -0.1782646E-01
   0.3699252     -0.1724994E-01
   0.3765638     -0.1667121E-01
   0.3831947     -0.1609113E-01
   0.3897973     -0.1550681E-01
   0.3963646     -0.1491433E-01
   0.4029017     -0.1430879E-01
   0.4094250     -0.1368627E-01
   0.4159529     -0.1304928E-01
   0.4224980     -0.1240228E-01
   0.4290658     -0.1175041E-01
   0.4356551     -0.1109964E-01
   0.4422578     -0.1045435E-01
   0.4488636     -0.9812590E-02
   0.4554648     -0.9171030E-02
   0.4620568     -0.8526043E-02
   0.4686379     -0.7873757E-02
   0.4752097     -0.7212469E-02
   0.4817753     -0.6545880E-02
   0.4883387     -0.5878392E-02
   0.4949042     -0.5214349E-02
   0.5014766     -0.4558051E-02
   0.5080606     -0.3911404E-02
   0.5146584     -0.3271286E-02
   0.5212686     -0.2634195E-02
   0.5278864     -0.1996934E-02
   0.5345029     -0.1356665E-02
   0.5411074     -0.7135138E-03
   0.5476926     -0.7239288E-04
   0.5542577      0.5619090E-03
   0.5608080      0.1185277E-02
   0.5673549      0.1794217E-02
   0.5739137      0.2388138E-02
   0.5804954      0.2970259E-02
   0.5871024      0.3543438E-02
   0.5937282      0.4109812E-02
   0.6003570      0.4670717E-02
   0.6069673      0.5223915E-02
   0.6135447      0.5763907E-02
   0.6200861      0.6286061E-02
   0.6265986      0.6786723E-02
   0.6330995      0.7263201E-02
   0.6396106      0.7716974E-02
   0.6461472      0.8152249E-02
   0.6527142      0.8572590E-02
   0.6593061      0.8980949E-02
   0.6659062      0.9379222E-02
   0.6724947      0.9765120E-02
   0.6790602      0.1013505E-01
   0.6856016      0.1048609E-01
   0.6921277      0.1081592E-01
   0.6986553      0.1112375E-01
   0.7051995      0.1141217E-01
   0.7117664      0.1168391E-01
   0.7183524      0.1194128E-01
   0.7249434      0.1218612E-01
   0.7315205      0.1241698E-01
   0.7380720      0.1263017E-01
   0.7445972      0.1282242E-01
   0.7511051      0.1299079E-01
   0.7576133      0.1313396E-01
   0.7641364      0.1325403E-01
   0.7706794      0.1335337E-01
   0.7772363      0.1343419E-01
   0.7837911      0.1349793E-01
   0.7903264      0.1354217E-01
   0.7968346      0.1356344E-01
   0.8033187      0.1355842E-01
   0.8097915      0.1352429E-01
   0.8162683      0.1346140E-01
   0.8227578      0.1337138E-01
   0.8292604      0.1325586E-01
   0.8357686      0.1311632E-01
   0.8422729      0.1295263E-01
   0.8487696      0.1276407E-01
   0.8552608      0.1254977E-01
   0.8617536      0.1230926E-01
   0.8682523      0.1204316E-01
   0.8747543      0.1175249E-01
   0.8812499      0.1143833E-01
   0.8877291      0.1109957E-01
   0.8941903      0.1073381E-01
   0.9006418      0.1033826E-01
   0.9070969      0.9912373E-02
   0.9135616      0.9457923E-02
   0.9200320      0.8977187E-02
   0.9264963      0.8470757E-02
   0.9329392      0.7938142E-02
   0.9393446      0.7378556E-02
   0.9457065      0.6788039E-02
   0.9520388      0.6160503E-02
   0.9583549      0.5494471E-02
   0.9646152      0.4797879E-02
   0.9707417      0.4074771E-02
   0.9767038      0.3316982E-02
   0.9824706      0.2552298E-02
   0.9878662      0.1839053E-02
   0.9926720      0.1174565E-02
   0.9968185      0.5023358E-03
    1.000000      0.3388129E-18
