FX 61-147 AIRFOIL
    1.000000      0.4878902E-18
   0.9974726      0.1856943E-02
   0.9938044      0.3445567E-02
   0.9897624      0.5033800E-02
   0.9853371      0.6573706E-02
   0.9803205      0.8221268E-02
   0.9749781      0.9936590E-02
   0.9695021      0.1159580E-01
   0.9637747      0.1322837E-01
   0.9577840      0.1486919E-01
   0.9516721      0.1648642E-01
   0.9454988      0.1805480E-01
   0.9392086      0.1959283E-01
   0.9327761      0.2112658E-01
   0.9262654      0.2265766E-01
   0.9197548      0.2416361E-01
   0.9132552      0.2563345E-01
   0.9067231      0.2707847E-01
   0.9001280      0.2852046E-01
   0.8934823      0.2997302E-01
   0.8868297      0.3143084E-01
   0.8801976      0.3287756E-01
   0.8735811      0.3430331E-01
   0.8669523      0.3570938E-01
   0.8602903      0.3710451E-01
   0.8535934      0.3849412E-01
   0.8468794      0.3987847E-01
   0.8401699      0.4125175E-01
   0.8334759      0.4260906E-01
   0.8267963      0.4394810E-01
   0.8201210      0.4526974E-01
   0.8134409      0.4657634E-01
   0.8067505      0.4786953E-01
   0.8000483      0.4915020E-01
   0.7933353      0.5041890E-01
   0.7866133      0.5167624E-01
   0.7798836      0.5292289E-01
   0.7731475      0.5415955E-01
   0.7664062      0.5538641E-01
   0.7596610      0.5660333E-01
   0.7529138      0.5781009E-01
   0.7461671      0.5900636E-01
   0.7394231      0.6019141E-01
   0.7326826      0.6136437E-01
   0.7259450      0.6252466E-01
   0.7192077      0.6367196E-01
   0.7124672      0.6480665E-01
   0.7057207      0.6592974E-01
   0.6989673      0.6704207E-01
   0.6922078      0.6814413E-01
   0.6854449      0.6923606E-01
   0.6786815      0.7031717E-01
   0.6719195      0.7138674E-01
   0.6651592      0.7244427E-01
   0.6583997      0.7348949E-01
   0.6516391      0.7452256E-01
   0.6448754      0.7554401E-01
   0.6381076      0.7655430E-01
   0.6313354      0.7755378E-01
   0.6245592      0.7854265E-01
   0.6177801      0.7952084E-01
   0.6109990      0.8048819E-01
   0.6042172      0.8144448E-01
   0.5974359      0.8238954E-01
   0.5906564      0.8332306E-01
   0.5838797      0.8424434E-01
   0.5771065      0.8515263E-01
   0.5703370      0.8604728E-01
   0.5635708      0.8692766E-01
   0.5568073      0.8779329E-01
   0.5500460      0.8864379E-01
   0.5432864      0.8947879E-01
   0.5365284      0.9029787E-01
   0.5297718      0.9110062E-01
   0.5230170      0.9188662E-01
   0.5162637      0.9265555E-01
   0.5095120      0.9340708E-01
   0.5027612      0.9414093E-01
   0.4960108      0.9485682E-01
   0.4892602      0.9555441E-01
   0.4825099      0.9623318E-01
   0.4757615      0.9689253E-01
   0.4690181      0.9753175E-01
   0.4622835      0.9814998E-01
   0.4555615      0.9874556E-01
   0.4488534      0.9931669E-01
   0.4421577      0.9986183E-01
   0.4354703      0.1003796    
   0.4287845      0.1008691    
   0.4220941      0.1013307    
   0.4153973      0.1017650    
   0.4086966      0.1021722    
   0.4019992      0.1025522    
   0.3953163      0.1029044    
   0.3886573      0.1032254    
   0.3820254      0.1035120    
   0.3754172      0.1037613    
   0.3688239      0.1039707    
   0.3622318      0.1041388    
   0.3556306      0.1042671    
   0.3490170      0.1043569    
   0.3423949      0.1044094    
   0.3357759      0.1044260    
   0.3291752      0.1044053    
   0.3226024      0.1043444    
   0.3160587      0.1042402    
   0.3095374      0.1040895    
   0.3030250      0.1038894    
   0.2965066      0.1036401    
   0.2899753      0.1033431    
   0.2834326      0.1030003    
   0.2768893      0.1026141    
   0.2703631      0.1021854    
   0.2638676      0.1017117    
   0.2574072      0.1011900    
   0.2509774      0.1006165    
   0.2445654      0.9998718E-01
   0.2381567      0.9930118E-01
   0.2317430      0.9855931E-01
   0.2253235      0.9776308E-01
   0.2189052      0.9691491E-01
   0.2125007      0.9601588E-01
   0.2061213      0.9506510E-01
   0.1997750      0.9406141E-01
   0.1934661      0.9300335E-01
   0.1871957      0.9188893E-01
   0.1809627      0.9071546E-01
   0.1747635      0.8947972E-01
   0.1685922      0.8817785E-01
   0.1624408      0.8680677E-01
   0.1563022      0.8536612E-01
   0.1501717      0.8385621E-01
   0.1440477      0.8227786E-01
   0.1379319      0.8063210E-01
   0.1318316      0.7892079E-01
   0.1257604      0.7714793E-01
   0.1197378      0.7531939E-01
   0.1137819      0.7343701E-01
   0.1078959      0.7149631E-01
   0.1020670      0.6948746E-01
   0.9627113E-01  0.6739897E-01
   0.9049790E-01  0.6522936E-01
   0.8476688E-01  0.6298917E-01
   0.7912486E-01  0.6069846E-01
   0.7361366E-01  0.5836418E-01
   0.6823342E-01  0.5597422E-01
   0.6294829E-01  0.5350243E-01
   0.5772206E-01  0.5093569E-01
   0.5257366E-01  0.4829386E-01
   0.4757880E-01  0.4562472E-01
   0.4282093E-01  0.4295914E-01
   0.3832750E-01  0.4029662E-01
   0.3408469E-01  0.3762323E-01
   0.3008921E-01  0.3494952E-01
   0.2637385E-01  0.3231703E-01
   0.2297986E-01  0.2977643E-01
   0.1993204E-01  0.2736460E-01
   0.1722445E-01  0.2509973E-01
   0.1483181E-01  0.2298360E-01
   0.1273182E-01  0.2101303E-01
   0.1090299E-01  0.1918897E-01
   0.9316465E-02  0.1750764E-01
   0.7946006E-02  0.1595908E-01
   0.6767885E-02  0.1452659E-01
   0.5755611E-02  0.1319115E-01
   0.4885717E-02  0.1193606E-01
   0.4138393E-02  0.1074738E-01
   0.3490369E-02  0.9611857E-02
   0.2919346E-02  0.8520547E-02
   0.2409449E-02  0.7469618E-02
   0.1948827E-02  0.6457634E-02
   0.1528298E-02  0.5483966E-02
   0.1141340E-02  0.4548254E-02
   0.7952038E-03  0.3653905E-02
   0.5031310E-03  0.2803134E-02
   0.2728772E-03  0.1993692E-02
   0.1096558E-03  0.1221465E-02
   0.1825433E-04  0.4817530E-03
   0.4465802E-05 -0.2302556E-03
   0.7638233E-04 -0.9194147E-03
   0.2460620E-03 -0.1590817E-02
   0.5303134E-03 -0.2250418E-02
   0.9275999E-03 -0.2906537E-02
   0.1416575E-02 -0.3565346E-02
   0.1974574E-02 -0.4226988E-02
   0.2601397E-02 -0.4888805E-02
   0.3301733E-02 -0.5548265E-02
   0.4080740E-02 -0.6203596E-02
   0.4945264E-02 -0.6854610E-02
   0.5905800E-02 -0.7503785E-02
   0.6976354E-02 -0.8155815E-02
   0.8173638E-02 -0.8817219E-02
   0.9516262E-02 -0.9497109E-02
   0.1102230E-01 -0.1020730E-01
   0.1271481E-01 -0.1095457E-01
   0.1462265E-01 -0.1174147E-01
   0.1677731E-01 -0.1257137E-01
   0.1921798E-01 -0.1345110E-01
   0.2199489E-01 -0.1438540E-01
   0.2515790E-01 -0.1537296E-01
   0.2875013E-01 -0.1640859E-01
   0.3280858E-01 -0.1748627E-01
   0.3734403E-01 -0.1859835E-01
   0.4232929E-01 -0.1973713E-01
   0.4770905E-01 -0.2088785E-01
   0.5340375E-01 -0.2203339E-01
   0.5933928E-01 -0.2316227E-01
   0.6545130E-01 -0.2426374E-01
   0.7168234E-01 -0.2533070E-01
   0.7799142E-01 -0.2635730E-01
   0.8435640E-01 -0.2733969E-01
   0.9077519E-01 -0.2827835E-01
   0.9725120E-01 -0.2917790E-01
   0.1037755     -0.3004239E-01
   0.1103255     -0.3087322E-01
   0.1168818     -0.3166734E-01
   0.1234437     -0.3242300E-01
   0.1300295     -0.3314140E-01
   0.1366608     -0.3382919E-01
   0.1433399     -0.3449302E-01
   0.1500447     -0.3513724E-01
   0.1567382     -0.3575889E-01
   0.1633994     -0.3635043E-01
   0.1700325     -0.3690659E-01
   0.1766638     -0.3742555E-01
   0.1833236     -0.3791312E-01
   0.1900270     -0.3837588E-01
   0.1967711     -0.3881922E-01
   0.2035358     -0.3924574E-01
   0.2102991     -0.3965293E-01
   0.2170489     -0.4003817E-01
   0.2237838     -0.4039957E-01
   0.2305115     -0.4073648E-01
   0.2372413     -0.4104985E-01
   0.2439787     -0.4134062E-01
   0.2507259     -0.4160948E-01
   0.2574810     -0.4185692E-01
   0.2642413     -0.4208315E-01
   0.2710042     -0.4228837E-01
   0.2777681     -0.4247283E-01
   0.2845318     -0.4263678E-01
   0.2912948     -0.4278013E-01
   0.2980567     -0.4290263E-01
   0.3048176     -0.4300406E-01
   0.3115774     -0.4308419E-01
   0.3183367     -0.4314291E-01
   0.3250958     -0.4318030E-01
   0.3318555     -0.4319643E-01
   0.3386165     -0.4319136E-01
   0.3453798     -0.4316517E-01
   0.3521462     -0.4311807E-01
   0.3589152     -0.4305033E-01
   0.3656854     -0.4296222E-01
   0.3724544     -0.4285407E-01
   0.3792189     -0.4272589E-01
   0.3859766     -0.4257700E-01
   0.3927269     -0.4240662E-01
   0.3994711     -0.4221393E-01
   0.4062124     -0.4199805E-01
   0.4129551     -0.4175881E-01
   0.4197019     -0.4149675E-01
   0.4264535     -0.4121250E-01
   0.4332082     -0.4090681E-01
   0.4399625     -0.4058042E-01
   0.4467116     -0.4023314E-01
   0.4534525     -0.3986420E-01
   0.4601844     -0.3947277E-01
   0.4669082     -0.3905787E-01
   0.4736270     -0.3861861E-01
   0.4803445     -0.3815496E-01
   0.4870633     -0.3766723E-01
   0.4937851     -0.3715581E-01
   0.5005104     -0.3662113E-01
   0.5072387     -0.3606363E-01
   0.5139685     -0.3548358E-01
   0.5206980     -0.3488122E-01
   0.5274248     -0.3425689E-01
   0.5341460     -0.3361099E-01
   0.5408584     -0.3294362E-01
   0.5475594     -0.3225398E-01
   0.5542481     -0.3154099E-01
   0.5609250     -0.3080346E-01
   0.5675921     -0.3003999E-01
   0.5742527     -0.2924954E-01
   0.5809097     -0.2843191E-01
   0.5875649     -0.2758704E-01
   0.5942190     -0.2671501E-01
   0.6008716     -0.2581602E-01
   0.6075216     -0.2489037E-01
   0.6141686     -0.2393824E-01
   0.6208134     -0.2295963E-01
   0.6274582     -0.2195432E-01
   0.6341064     -0.2092201E-01
   0.6407625     -0.1986353E-01
   0.6474312     -0.1878053E-01
   0.6541169     -0.1767466E-01
   0.6608238     -0.1654760E-01
   0.6675561     -0.1540126E-01
   0.6743153     -0.1423865E-01
   0.6810981     -0.1306387E-01
   0.6878960     -0.1188208E-01
   0.6946946     -0.1069951E-01
   0.7014768     -0.9523431E-02
   0.7082301     -0.8360785E-02
   0.7149490     -0.7217154E-02
   0.7216350     -0.6096814E-02
   0.7282948     -0.5002503E-02
   0.7349363     -0.3935170E-02
   0.7415651     -0.2895851E-02
   0.7481841     -0.1886000E-02
   0.7547942     -0.9074038E-03
   0.7613948      0.3818769E-04
   0.7679855      0.9492355E-03
   0.7745669      0.1824328E-02
   0.7811403      0.2662165E-02
   0.7877070      0.3461723E-02
   0.7942681      0.4222123E-02
   0.8008236      0.4942390E-02
   0.8073726      0.5621458E-02
   0.8139136      0.6257913E-02
   0.8204450      0.6850030E-02
   0.8269654      0.7396136E-02
   0.8334735      0.7894626E-02
   0.8399687      0.8343858E-02
   0.8464520      0.8742232E-02
   0.8529267      0.9088235E-02
   0.8593978      0.9380693E-02
   0.8658709      0.9620139E-02
   0.8723495      0.9807486E-02
   0.8788353      0.9943480E-02
   0.8853278      0.1002854E-01
   0.8918223      0.1006284E-01
   0.8983094      0.1004666E-01
   0.9047776      0.9979508E-02
   0.9112240      0.9859100E-02
   0.9176597      0.9682676E-02
   0.9241042      0.9449582E-02
   0.9305538      0.9164375E-02
   0.9369668      0.8833495E-02
   0.9432888      0.8454213E-02
   0.9495070      0.8015207E-02
   0.9556442      0.7506958E-02
   0.9616778      0.6932367E-02
   0.9675117      0.6298824E-02
   0.9731007      0.5586611E-02
   0.9785162      0.4774245E-02
   0.9837526      0.3916606E-02
   0.9886143      0.3069625E-02
   0.9929441      0.2192175E-02
   0.9968071      0.1127481E-02
    1.000000      0.4878902E-18
