FX 63-158 AIRFOIL
    1.000000     -0.1829587E-18
   0.9967367      0.1987602E-02
   0.9923805      0.3781632E-02
   0.9877331      0.5668301E-02
   0.9825907      0.7572644E-02
   0.9769939      0.9562558E-02
   0.9711129      0.1153958E-01
   0.9649197      0.1347454E-01
   0.9583665      0.1539740E-01
   0.9514980      0.1731192E-01
   0.9443834      0.1921459E-01
   0.9370742      0.2110290E-01
   0.9295984      0.2297516E-01
   0.9219697      0.2483809E-01
   0.9142402      0.2669502E-01
   0.9065102      0.2852857E-01
   0.8988457      0.3030481E-01
   0.8912335      0.3200967E-01
   0.8836276      0.3367598E-01
   0.8760130      0.3535345E-01
   0.8684088      0.3707314E-01
   0.8608261      0.3880606E-01
   0.8532373      0.4051157E-01
   0.8455816      0.4216958E-01
   0.8378128      0.4380662E-01
   0.8299333      0.4545179E-01
   0.8220005      0.4711734E-01
   0.8140777      0.4878045E-01
   0.8061868      0.5041767E-01
   0.7983061      0.5201767E-01
   0.7904005      0.5359520E-01
   0.7824587      0.5517177E-01
   0.7744998      0.5676294E-01
   0.7665614      0.5836386E-01
   0.7586644      0.5995131E-01
   0.7508032      0.6150650E-01
   0.7429493      0.6302021E-01
   0.7350748      0.6450955E-01
   0.7271730      0.6599692E-01
   0.7192600      0.6750059E-01
   0.7113688      0.6902218E-01
   0.7035204      0.7053783E-01
   0.6957133      0.7202519E-01
   0.6879254      0.7346710E-01
   0.6801247      0.7486781E-01
   0.6722936      0.7625239E-01
   0.6644339      0.7764399E-01
   0.6565682      0.7906146E-01
   0.6487265      0.8049844E-01
   0.6409227      0.8192917E-01
   0.6331504      0.8333128E-01
   0.6253848      0.8468714E-01
   0.6175947      0.8600231E-01
   0.6097662      0.8730110E-01
   0.6019084      0.8860537E-01
   0.5940539      0.8993276E-01
   0.5862460      0.9127655E-01
   0.5785046      0.9260734E-01
   0.5708201      0.9390049E-01
   0.5631564      0.9513677E-01
   0.5554605      0.9631569E-01
   0.5476975      0.9746377E-01
   0.5398675      0.9860628E-01
   0.5320094      0.9976391E-01
   0.5241952      0.1009403    
   0.5164786      0.1021033    
   0.5088640      0.1032223    
   0.5013129      0.1042752    
   0.4937510      0.1052499    
   0.4861033      0.1061671    
   0.4783409      0.1070567    
   0.4704961      0.1079434    
   0.4626690      0.1088437    
   0.4549813      0.1097327    
   0.4474807      0.1105667    
   0.4401385      0.1113150    
   0.4328702      0.1119552    
   0.4255545      0.1124863    
   0.4180955      0.1129428    
   0.4104631      0.1133600    
   0.4027147      0.1137731    
   0.3950039      0.1142018    
   0.3874755      0.1146071    
   0.3801657      0.1149444    
   0.3730232      0.1151798    
   0.3659365      0.1152864    
   0.3587728      0.1152767    
   0.3514500      0.1151894    
   0.3439651      0.1150675    
   0.3364192      0.1149605    
   0.3289917      0.1148756    
   0.3217926      0.1147615    
   0.3148213      0.1145702    
   0.3080028      0.1142591    
   0.3012144      0.1138025    
   0.2943444      0.1132341    
   0.2873445      0.1126034    
   0.2802468      0.1119727    
   0.2731764      0.1114030    
   0.2662794      0.1108685    
   0.2596102      0.1103049    
   0.2531398      0.1096525    
   0.2467853      0.1088548    
   0.2404348      0.1079064    
   0.2340103      0.1068600    
   0.2274980      0.1057829    
   0.2209590      0.1047593    
   0.2145237      0.1038352    
   0.2082976      0.1029470    
   0.2022996      0.1020184    
   0.1964890      0.1009779    
   0.1907862      0.9976619E-01
   0.1850966      0.9841116E-01
   0.1793661      0.9698310E-01
   0.1735947      0.9556822E-01
   0.1678408      0.9426489E-01
   0.1622119      0.9308849E-01
   0.1567831      0.9195346E-01
   0.1515642      0.9077381E-01
   0.1465235      0.8946938E-01
   0.1415991      0.8798394E-01
   0.1367128      0.8636275E-01
   0.1318200      0.8468556E-01
   0.1269176      0.8304683E-01
   0.1220448      0.8154887E-01
   0.1172856      0.8020600E-01
   0.1127109      0.7892611E-01
   0.1083397      0.7761861E-01
   0.1041577      0.7620201E-01
   0.1001284      0.7461119E-01
   0.9618427E-01  0.7287791E-01
   0.9227091E-01  0.7107997E-01
   0.8836216E-01  0.6930493E-01
   0.8445840E-01  0.6764839E-01
   0.8059340E-01  0.6617555E-01
   0.7684013E-01  0.6482067E-01
   0.7324285E-01  0.6348848E-01
   0.6981376E-01  0.6209359E-01
   0.6654664E-01  0.6055649E-01
   0.6340829E-01  0.5883510E-01
   0.6032939E-01  0.5698078E-01
   0.5725127E-01  0.5506419E-01
   0.5413002E-01  0.5316749E-01
   0.5093794E-01  0.5138514E-01
   0.4769254E-01  0.4975930E-01
   0.4445926E-01  0.4821303E-01
   0.4128224E-01  0.4664970E-01
   0.3818119E-01  0.4496543E-01
   0.3514453E-01  0.4306546E-01
   0.3211744E-01  0.4095269E-01
   0.2907807E-01  0.3869313E-01
   0.2606553E-01  0.3641394E-01
   0.2318553E-01  0.3424048E-01
   0.2053922E-01  0.3218538E-01
   0.1814865E-01  0.3021583E-01
   0.1599454E-01  0.2829074E-01
   0.1403885E-01  0.2639462E-01
   0.1225482E-01  0.2454310E-01
   0.1063064E-01  0.2276040E-01
   0.9158681E-02  0.2106877E-01
   0.7844203E-02  0.1947442E-01
   0.6692626E-02  0.1796465E-01
   0.5696875E-02  0.1652201E-01
   0.4846087E-02  0.1512953E-01
   0.4129097E-02  0.1377221E-01
   0.3523151E-02  0.1244114E-01
   0.2999603E-02  0.1113528E-01
   0.2536653E-02  0.9857400E-02
   0.2117437E-02  0.8612139E-02
   0.1728749E-02  0.7404724E-02
   0.1360333E-02  0.6239966E-02
   0.1007637E-02  0.5121837E-02
   0.6865886E-03  0.4052998E-02
   0.4148059E-03  0.3031890E-02
   0.2043327E-03  0.2054069E-02
   0.6420276E-04  0.1113894E-02
   0.2323260E-05  0.2053277E-03
   0.2690417E-04 -0.6777943E-03
   0.1477391E-03 -0.1541794E-02
   0.3776141E-03 -0.2393252E-02
   0.7295532E-03 -0.3225603E-02
   0.1213793E-02 -0.4004890E-02
   0.1840954E-02 -0.4692690E-02
   0.2601077E-02 -0.5295035E-02
   0.3470032E-02 -0.5842984E-02
   0.4414239E-02 -0.6374369E-02
   0.5393475E-02 -0.6928288E-02
   0.6399086E-02 -0.7505814E-02
   0.7437660E-02 -0.8090765E-02
   0.8518699E-02 -0.8664107E-02
   0.9655635E-02 -0.9204203E-02
   0.1086551E-01 -0.9690013E-02
   0.1215550E-01 -0.1012565E-01
   0.1352572E-01 -0.1053064E-01
   0.1497382E-01 -0.1092979E-01
   0.1649318E-01 -0.1135505E-01
   0.1807065E-01 -0.1184605E-01
   0.1969738E-01 -0.1241790E-01
   0.2137659E-01 -0.1304772E-01
   0.2311462E-01 -0.1370323E-01
   0.2492176E-01 -0.1434480E-01
   0.2681410E-01 -0.1492549E-01
   0.2881150E-01 -0.1540526E-01
   0.3092146E-01 -0.1580157E-01
   0.3314643E-01 -0.1615459E-01
   0.3548634E-01 -0.1651671E-01
   0.3793635E-01 -0.1695737E-01
   0.4048710E-01 -0.1755482E-01
   0.4314652E-01 -0.1831459E-01
   0.4593655E-01 -0.1919755E-01
   0.4888950E-01 -0.2014681E-01
   0.5205466E-01 -0.2108201E-01
   0.5550121E-01 -0.2192141E-01
   0.5929303E-01 -0.2267357E-01
   0.6348283E-01 -0.2338501E-01
   0.6807376E-01 -0.2413088E-01
   0.7295931E-01 -0.2496358E-01
   0.7798094E-01 -0.2580642E-01
   0.8302304E-01 -0.2656099E-01
   0.8805833E-01 -0.2715579E-01
   0.9310659E-01 -0.2763522E-01
   0.9817449E-01 -0.2810446E-01
   0.1032507     -0.2866917E-01
   0.1083101     -0.2940644E-01
   0.1133435     -0.3025115E-01
   0.1183635     -0.3109695E-01
   0.1233997     -0.3184126E-01
   0.1284976     -0.3239847E-01
   0.1336957     -0.3280254E-01
   0.1390136     -0.3314322E-01
   0.1444504     -0.3351952E-01
   0.1499780     -0.3403498E-01
   0.1555578     -0.3469221E-01
   0.1611691     -0.3540422E-01
   0.1668127     -0.3607928E-01
   0.1725129     -0.3662574E-01
   0.1783096     -0.3701005E-01
   0.1842308     -0.3729747E-01
   0.1902837     -0.3756845E-01
   0.1964479     -0.3791254E-01
   0.2026744     -0.3838855E-01
   0.2089190     -0.3893992E-01
   0.2151636     -0.3948685E-01
   0.2214188     -0.3995130E-01
   0.2277222     -0.4026906E-01
   0.2341175     -0.4046622E-01
   0.2406289     -0.4060900E-01
   0.2472552     -0.4076942E-01
   0.2539623     -0.4102184E-01
   0.2606960     -0.4136845E-01
   0.2674205     -0.4174433E-01
   0.2741298     -0.4208339E-01
   0.2808466     -0.4232162E-01
   0.2876172     -0.4243163E-01
   0.2944810     -0.4245897E-01
   0.3014528     -0.4246050E-01
   0.3085168     -0.4249808E-01
   0.3156233     -0.4262021E-01
   0.3227176     -0.4279466E-01
   0.3297743     -0.4296550E-01
   0.3368002     -0.4307885E-01
   0.3438326     -0.4308533E-01
   0.3509247     -0.4298765E-01
   0.3581132     -0.4282991E-01
   0.3654054     -0.4266062E-01
   0.3727742     -0.4253277E-01
   0.3801595     -0.4246920E-01
   0.3875107     -0.4243058E-01
   0.3948112     -0.4237108E-01
   0.4020785     -0.4224610E-01
   0.4093597     -0.4202106E-01
   0.4167088     -0.4171461E-01
   0.4241548     -0.4136440E-01
   0.4316939     -0.4101225E-01
   0.4392831     -0.4070190E-01
   0.4468555     -0.4043423E-01
   0.4543696     -0.4017212E-01
   0.4618236     -0.3987732E-01
   0.4692523     -0.3951147E-01
   0.4767194     -0.3905468E-01
   0.4842794     -0.3852963E-01
   0.4919478     -0.3796817E-01
   0.4996916     -0.3740837E-01
   0.5074265     -0.3688317E-01
   0.5150677     -0.3637477E-01
   0.5225915     -0.3584787E-01
   0.5300322     -0.3526587E-01
   0.5374746     -0.3459036E-01
   0.5450309     -0.3380868E-01
   0.5527761     -0.3293365E-01
   0.5607145     -0.3198852E-01
   0.5687515     -0.3101214E-01
   0.5767116     -0.3002968E-01
   0.5844793     -0.2902826E-01
   0.5920453     -0.2798411E-01
   0.5994795     -0.2686543E-01
   0.6069040     -0.2564722E-01
   0.6144325     -0.2433457E-01
   0.6221312     -0.2294348E-01
   0.6300056     -0.2150388E-01
   0.6379838     -0.2005324E-01
   0.6459616     -0.1860012E-01
   0.6538671     -0.1713973E-01
   0.6616707     -0.1566081E-01
   0.6693809     -0.1415676E-01
   0.6770291     -0.1264719E-01
   0.6846541     -0.1115455E-01
   0.6923007     -0.9699744E-02
   0.7000173     -0.8291909E-02
   0.7078282     -0.6910235E-02
   0.7157158     -0.5534031E-02
   0.7236148     -0.4149788E-02
   0.7314320     -0.2769475E-02
   0.7391244     -0.1430265E-02
   0.7467218     -0.1572672E-03
   0.7543145      0.1036965E-02
   0.7620166      0.2168956E-02
   0.7698843      0.3268261E-02
   0.7778773      0.4353555E-02
   0.7858501      0.5422112E-02
   0.7936750      0.6436561E-02
   0.8013450      0.7369725E-02
   0.8089535      0.8210372E-02
   0.8166318      0.8975014E-02
   0.8244384      0.9689994E-02
   0.8323181      0.1037246E-01
   0.8401243      0.1101374E-01
   0.8477762      0.1158197E-01
   0.8553141      0.1205541E-01
   0.8628570      0.1243130E-01
   0.8704836      0.1273062E-01
   0.8781622      0.1297235E-01
   0.8857744      0.1315594E-01
   0.8932553      0.1325900E-01
   0.9006417      0.1326272E-01
   0.9080130      0.1316665E-01
   0.9153812      0.1298485E-01
   0.9226696      0.1272841E-01
   0.9297941      0.1238397E-01
   0.9367403      0.1193286E-01
   0.9435339      0.1136434E-01
   0.9501843      0.1067571E-01
   0.9566776      0.9866199E-02
   0.9629881      0.8936247E-02
   0.9690888      0.7885544E-02
   0.9749699      0.6704805E-02
   0.9806437      0.5396590E-02
   0.9861094      0.3993517E-02
   0.9913088      0.2567239E-02
   0.9960947      0.1122930E-02
    1.000000     -0.1829587E-18
