FX 63-120 AIRFOIL
    1.000000     -0.2358116E-17
   0.9967748      0.1279406E-02
   0.9929206      0.2776417E-02
   0.9889122      0.4296741E-02
   0.9847383      0.5840436E-02
   0.9803872      0.7407278E-02
   0.9758463      0.8996652E-02
   0.9711026      0.1060743E-01
   0.9661431      0.1223780E-01
   0.9609551      0.1388507E-01
   0.9555270      0.1554542E-01
   0.9498495      0.1721365E-01
   0.9439169      0.1888331E-01
   0.9377294      0.2055132E-01
   0.9312936      0.2221767E-01
   0.9246215      0.2388323E-01
   0.9177307      0.2554997E-01
   0.9106444      0.2722115E-01
   0.9033900      0.2890162E-01
   0.8959975      0.3059786E-01
   0.8884971      0.3231532E-01
   0.8809161      0.3404942E-01
   0.8733208      0.3578377E-01
   0.8657549      0.3750719E-01
   0.8581975      0.3922326E-01
   0.8506306      0.4093491E-01
   0.8430391      0.4264427E-01
   0.8354304      0.4434843E-01
   0.8278582      0.4603419E-01
   0.8203304      0.4769880E-01
   0.8128471      0.4934127E-01
   0.8054053      0.5096133E-01
   0.7979994      0.5255940E-01
   0.7906223      0.5413648E-01
   0.7832679      0.5569358E-01
   0.7759304      0.5723151E-01
   0.7686050      0.5875091E-01
   0.7612875      0.6025225E-01
   0.7539740      0.6173585E-01
   0.7466615      0.6320189E-01
   0.7393474      0.6465041E-01
   0.7320295      0.6608134E-01
   0.7247063      0.6749448E-01
   0.7173766      0.6888952E-01
   0.7100399      0.7026603E-01
   0.7026963      0.7162351E-01
   0.6953461      0.7296131E-01
   0.6879904      0.7427875E-01
   0.6806307      0.7557503E-01
   0.6732684      0.7684936E-01
   0.6659052      0.7810095E-01
   0.6585425      0.7932907E-01
   0.6511816      0.8053301E-01
   0.6438238      0.8171207E-01
   0.6364705      0.8286562E-01
   0.6291228      0.8399302E-01
   0.6217819      0.8509368E-01
   0.6144489      0.8616705E-01
   0.6071246      0.8721259E-01
   0.5998101      0.8822980E-01
   0.5925062      0.8921819E-01
   0.5852137      0.9017717E-01
   0.5779331      0.9110608E-01
   0.5706646      0.9200432E-01
   0.5634081      0.9287134E-01
   0.5561630      0.9370665E-01
   0.5489286      0.9450975E-01
   0.5417039      0.9528021E-01
   0.5344873      0.9601759E-01
   0.5272773      0.9672147E-01
   0.5200719      0.9739142E-01
   0.5128688      0.9802700E-01
   0.5056654      0.9862777E-01
   0.4984590      0.9919326E-01
   0.4912463      0.9972332E-01
   0.4840247      0.1002185    
   0.4767920      0.1006795    
   0.4695466      0.1011068    
   0.4622874      0.1015008    
   0.4550141      0.1018620    
   0.4477269      0.1021908    
   0.4404266      0.1024875    
   0.4331149      0.1027525    
   0.4257939      0.1029862    
   0.4184665      0.1031889    
   0.4111363      0.1033612    
   0.4038074      0.1035035    
   0.3964847      0.1036161    
   0.3891733      0.1036982    
   0.3818776      0.1037484    
   0.3746012      0.1037652    
   0.3673472      0.1037474    
   0.3601176      0.1036937    
   0.3529141      0.1036031    
   0.3457374      0.1034744    
   0.3385877      0.1033065    
   0.3314646      0.1030983    
   0.3243670      0.1028488    
   0.3172935      0.1025569    
   0.3102420      0.1022214    
   0.3032098      0.1018412    
   0.2961944      0.1014158    
   0.2891933      0.1009448    
   0.2822042      0.1004280    
   0.2752252      0.9986509E-01
   0.2682547      0.9925567E-01
   0.2612911      0.9859933E-01
   0.2543332      0.9789566E-01
   0.2473800      0.9714419E-01
   0.2404307      0.9634461E-01
   0.2334856      0.9549683E-01
   0.2265461      0.9460093E-01
   0.2196148      0.9365718E-01
   0.2126956      0.9266612E-01
   0.2057934      0.9162853E-01
   0.1989144      0.9054554E-01
   0.1920656      0.8941844E-01
   0.1852552      0.8824699E-01
   0.1784911      0.8702979E-01
   0.1717805      0.8576561E-01
   0.1651299      0.8445339E-01
   0.1585450      0.8309226E-01
   0.1520307      0.8168150E-01
   0.1455912      0.8022056E-01
   0.1392301      0.7870882E-01
   0.1329501      0.7714514E-01
   0.1267524      0.7552813E-01
   0.1206367      0.7385619E-01
   0.1146012      0.7212746E-01
   0.1086432      0.7033982E-01
   0.1027591      0.6849083E-01
   0.9694528E-01  0.6657876E-01
   0.9120411E-01  0.6460599E-01
   0.8554713E-01  0.6257872E-01
   0.7999365E-01  0.6050671E-01
   0.7456834E-01  0.5840292E-01
   0.6929826E-01  0.5628268E-01
   0.6421008E-01  0.5416155E-01
   0.5933343E-01  0.5204639E-01
   0.5470064E-01  0.4994262E-01
   0.5033840E-01  0.4785957E-01
   0.4626258E-01  0.4580766E-01
   0.4247680E-01  0.4379623E-01
   0.3897388E-01  0.4183231E-01
   0.3574009E-01  0.3992275E-01
   0.3276003E-01  0.3808106E-01
   0.3001169E-01  0.3631434E-01
   0.2747060E-01  0.3462301E-01
   0.2511308E-01  0.3300262E-01
   0.2291600E-01  0.3143378E-01
   0.2086538E-01  0.2989851E-01
   0.1895475E-01  0.2838884E-01
   0.1717982E-01  0.2690298E-01
   0.1553561E-01  0.2544236E-01
   0.1401528E-01  0.2400961E-01
   0.1261030E-01  0.2260721E-01
   0.1131103E-01  0.2123691E-01
   0.1010747E-01  0.1989957E-01
   0.8990654E-02  0.1859585E-01
   0.7958174E-02  0.1733040E-01
   0.7008156E-02  0.1610659E-01
   0.6136608E-02  0.1492470E-01
   0.5338819E-02  0.1378337E-01
   0.4610063E-02  0.1268048E-01
   0.3945945E-02  0.1161360E-01
   0.3342524E-02  0.1058028E-01
   0.2796352E-02  0.9578157E-02
   0.2304462E-02  0.8605000E-02
   0.1864340E-02  0.7658756E-02
   0.1473884E-02  0.6737542E-02
   0.1131374E-02  0.5839636E-02
   0.8354379E-03  0.4963467E-02
   0.5850307E-03  0.4107599E-02
   0.3794131E-03  0.3270719E-02
   0.2181409E-03  0.2451621E-02
   0.1010598E-03  0.1649194E-02
   0.2830640E-04  0.8624082E-03
   0.3180782E-06  0.9030396E-04
   0.1785007E-04 -0.6680183E-03
   0.8200318E-04 -0.1413409E-02
   0.1942634E-03 -0.2146681E-02
   0.3565569E-03 -0.2868618E-02
   0.5713251E-03 -0.3579988E-02
   0.8416276E-03 -0.4281553E-02
   0.1170912E-02 -0.4974111E-02
   0.1560092E-02 -0.5658627E-02
   0.2008887E-02 -0.6336003E-02
   0.2517468E-02 -0.7006945E-02
   0.3086435E-02 -0.7671951E-02
   0.3716784E-02 -0.8331296E-02
   0.4409868E-02 -0.8984991E-02
   0.5167335E-02 -0.9632718E-02
   0.5991044E-02 -0.1027373E-01
   0.6882904E-02 -0.1090673E-01
   0.7844606E-02 -0.1152960E-01
   0.8877170E-02 -0.1213919E-01
   0.9980167E-02 -0.1273082E-01
   0.1115277E-01 -0.1329896E-01
   0.1240039E-01 -0.1384095E-01
   0.1373083E-01 -0.1435510E-01
   0.1515282E-01 -0.1484004E-01
   0.1667608E-01 -0.1529502E-01
   0.1831133E-01 -0.1572038E-01
   0.2007029E-01 -0.1611819E-01
   0.2196560E-01 -0.1649325E-01
   0.2401073E-01 -0.1685448E-01
   0.2621997E-01 -0.1721697E-01
   0.2860879E-01 -0.1760271E-01
   0.3119619E-01 -0.1801983E-01
   0.3400407E-01 -0.1846182E-01
   0.3705670E-01 -0.1891693E-01
   0.4038303E-01 -0.1936664E-01
   0.4402007E-01 -0.1979567E-01
   0.4800957E-01 -0.2019969E-01
   0.5239237E-01 -0.2057593E-01
   0.5720164E-01 -0.2092388E-01
   0.6245282E-01 -0.2124760E-01
   0.6813351E-01 -0.2155886E-01
   0.7419978E-01 -0.2187255E-01
   0.8057884E-01 -0.2218350E-01
   0.8717702E-01 -0.2248016E-01
   0.9390334E-01 -0.2275150E-01
   0.1006943     -0.2298844E-01
   0.1075291     -0.2318433E-01
   0.1144240     -0.2333822E-01
   0.1213994     -0.2345324E-01
   0.1284691     -0.2353242E-01
   0.1356384     -0.2357879E-01
   0.1429029     -0.2359560E-01
   0.1502460     -0.2358650E-01
   0.1576411     -0.2355336E-01
   0.1650628     -0.2349586E-01
   0.1724919     -0.2341379E-01
   0.1799166     -0.2330707E-01
   0.1873325     -0.2317565E-01
   0.1947422     -0.2301937E-01
   0.2021559     -0.2283793E-01
   0.2095870     -0.2263198E-01
   0.2170447     -0.2240275E-01
   0.2245332     -0.2215161E-01
   0.2320504     -0.2188014E-01
   0.2395882     -0.2159022E-01
   0.2471323     -0.2128411E-01
   0.2546618     -0.2096430E-01
   0.2621529     -0.2063013E-01
   0.2695861     -0.2027771E-01
   0.2769495     -0.1990309E-01
   0.2842377     -0.1950234E-01
   0.2914512     -0.1907156E-01
   0.2985957     -0.1860673E-01
   0.3056814     -0.1810365E-01
   0.3127222     -0.1755802E-01
   0.3197350     -0.1696997E-01
   0.3267355     -0.1634329E-01
   0.3337377     -0.1568173E-01
   0.3407536     -0.1498894E-01
   0.3477938     -0.1426863E-01
   0.3548673     -0.1352462E-01
   0.3619817     -0.1276093E-01
   0.3691431     -0.1198189E-01
   0.3763558     -0.1119217E-01
   0.3836223     -0.1039690E-01
   0.3909429     -0.9601624E-02
   0.3983159     -0.8812424E-02
   0.4057367     -0.8035742E-02
   0.4131984     -0.7274674E-02
   0.4206933     -0.6527777E-02
   0.4282139     -0.5793152E-02
   0.4357536     -0.5068734E-02
   0.4433062     -0.4352314E-02
   0.4508664     -0.3641558E-02
   0.4584296     -0.2934022E-02
   0.4659921     -0.2227174E-02
   0.4735510     -0.1518400E-02
   0.4811042     -0.8050176E-03
   0.4886506     -0.8427969E-04
   0.4961898      0.6466262E-03
   0.5037222      0.1390510E-02
   0.5112493      0.2148002E-02
   0.5187726      0.2917091E-02
   0.5262936      0.3695611E-02
   0.5338137      0.4481386E-02
   0.5413340      0.5272224E-02
   0.5488554      0.6065921E-02
   0.5563788      0.6860251E-02
   0.5639047      0.7652967E-02
   0.5714337      0.8441799E-02
   0.5789661      0.9224456E-02
   0.5865019      0.9998623E-02
   0.5940411      0.1076196E-01
   0.6015835      0.1151217E-01
   0.6091285      0.1224776E-01
   0.6166754      0.1296795E-01
   0.6242229      0.1367196E-01
   0.6317696      0.1435897E-01
   0.6393135      0.1502816E-01
   0.6468525      0.1567872E-01
   0.6543842      0.1630982E-01
   0.6619058      0.1692065E-01
   0.6694143      0.1751039E-01
   0.6769066      0.1807826E-01
   0.6843790      0.1862352E-01
   0.6918278      0.1914545E-01
   0.6992493      0.1964313E-01
   0.7066400      0.2011500E-01
   0.7139973      0.2055951E-01
   0.7213199      0.2097521E-01
   0.7286070      0.2136078E-01
   0.7358590      0.2171502E-01
   0.7430771      0.2203676E-01
   0.7502631      0.2232492E-01
   0.7574195      0.2257844E-01
   0.7645495      0.2279624E-01
   0.7716570      0.2297725E-01
   0.7787465      0.2312036E-01
   0.7858230      0.2322438E-01
   0.7928922      0.2328803E-01
   0.7999605      0.2330991E-01
   0.8070350      0.2328849E-01
   0.8141230      0.2322278E-01
   0.8212303      0.2311259E-01
   0.8283602      0.2295770E-01
   0.8355136      0.2275786E-01
   0.8426889      0.2251291E-01
   0.8498815      0.2222287E-01
   0.8570840      0.2188798E-01
   0.8642865      0.2150883E-01
   0.8714760      0.2108644E-01
   0.8786373      0.2062227E-01
   0.8857529      0.2011833E-01
   0.8928041      0.1957711E-01
   0.8997715      0.1900129E-01
   0.9066339      0.1838814E-01
   0.9133699      0.1773077E-01
   0.9199596      0.1702366E-01
   0.9263857      0.1626292E-01
   0.9326338      0.1544621E-01
   0.9386928      0.1457263E-01
   0.9445551      0.1364251E-01
   0.9502162      0.1265729E-01
   0.9556753      0.1162167E-01
   0.9609355      0.1054340E-01
   0.9660021      0.9429609E-02
   0.9708819      0.8286535E-02
   0.9755827      0.7119604E-02
   0.9801127      0.5933489E-02
   0.9844806      0.4732186E-02
   0.9886950      0.3519103E-02
   0.9927640      0.2297133E-02
   0.9966959      0.1068724E-02
    1.000000     -0.2358116E-17
