GOE 137 (MVA H.15) AIRFOIL
   0.9999978      0.1449690E-02
   0.9969498      0.1980006E-02
   0.9932537      0.2625972E-02
   0.9893422      0.3313013E-02
   0.9851910      0.4046012E-02
   0.9807735      0.4830409E-02
   0.9760612      0.5672097E-02
   0.9710261      0.6577131E-02
   0.9656434      0.7551129E-02
   0.9598977      0.8598200E-02
   0.9537919      0.9719261E-02
   0.9473586      0.1090979E-01
   0.9407230      0.1214676E-01
   0.9341901      0.1337118E-01
   0.9277255      0.1458689E-01
   0.9212629      0.1580398E-01
   0.9147536      0.1702929E-01
   0.9081639      0.1826671E-01
   0.9014973      0.1951298E-01
   0.8948898      0.2074034E-01
   0.8883541      0.2194565E-01
   0.8818718      0.2313230E-01
   0.8754273      0.2430310E-01
   0.8690069      0.2546040E-01
   0.8625990      0.2660612E-01
   0.8561936      0.2774186E-01
   0.8497819      0.2886889E-01
   0.8433566      0.2998823E-01
   0.8369116      0.3110062E-01
   0.8304419      0.3220656E-01
   0.8239437      0.3330631E-01
   0.8174147      0.3439986E-01
   0.8108539      0.3548695E-01
   0.8042618      0.3656710E-01
   0.7976403      0.3763953E-01
   0.7909931      0.3870355E-01
   0.7843241      0.3975899E-01
   0.7776371      0.4080575E-01
   0.7709359      0.4184383E-01
   0.7642236      0.4287332E-01
   0.7575033      0.4389435E-01
   0.7507776      0.4490713E-01
   0.7440489      0.4591195E-01
   0.7373191      0.4690915E-01
   0.7305898      0.4789912E-01
   0.7238623      0.4888234E-01
   0.7171374      0.4985932E-01
   0.7104158      0.5083064E-01
   0.7036975      0.5179691E-01
   0.6969824      0.5275879E-01
   0.6902700      0.5371665E-01
   0.6835595      0.5467031E-01
   0.6768505      0.5561956E-01
   0.6701426      0.5656417E-01
   0.6634354      0.5750390E-01
   0.6567286      0.5843848E-01
   0.6500223      0.5936764E-01
   0.6433164      0.6029109E-01
   0.6366111      0.6120852E-01
   0.6299065      0.6211961E-01
   0.6232029      0.6302402E-01
   0.6165009      0.6392143E-01
   0.6098009      0.6481146E-01
   0.6031037      0.6569375E-01
   0.5964099      0.6656792E-01
   0.5897203      0.6743324E-01
   0.5830357      0.6828858E-01
   0.5763567      0.6913281E-01
   0.5696837      0.6996483E-01
   0.5630172      0.7078356E-01
   0.5563574      0.7158794E-01
   0.5497046      0.7237695E-01
   0.5430589      0.7314956E-01
   0.5364201      0.7390480E-01
   0.5297883      0.7464169E-01
   0.5231632      0.7535928E-01
   0.5165446      0.7605664E-01
   0.5099320      0.7673284E-01
   0.5033251      0.7738697E-01
   0.4967231      0.7801815E-01
   0.4901256      0.7862589E-01
   0.4835321      0.7921028E-01
   0.4769418      0.7977144E-01
   0.4703543      0.8030948E-01
   0.4637687      0.8082453E-01
   0.4571843      0.8131668E-01
   0.4506002      0.8178604E-01
   0.4440154      0.8223269E-01
   0.4374291      0.8265672E-01
   0.4308400      0.8305818E-01
   0.4242472      0.8343714E-01
   0.4176492      0.8379364E-01
   0.4110450      0.8412770E-01
   0.4044330      0.8443934E-01
   0.3978118      0.8472856E-01
   0.3911799      0.8499515E-01
   0.3845361      0.8523847E-01
   0.3778799      0.8545777E-01
   0.3712116      0.8565227E-01
   0.3645319      0.8582117E-01
   0.3578428      0.8596366E-01
   0.3511466      0.8607896E-01
   0.3444466      0.8616629E-01
   0.3377469      0.8622493E-01
   0.3310523      0.8625423E-01
   0.3243681      0.8625363E-01
   0.3177006      0.8622268E-01
   0.3110564      0.8616104E-01
   0.3044427      0.8606854E-01
   0.2978670      0.8594515E-01
   0.2913369      0.8579053E-01
   0.2848590      0.8560343E-01
   0.2784368      0.8538258E-01
   0.2720717      0.8512673E-01
   0.2657628      0.8483470E-01
   0.2595073      0.8450523E-01
   0.2533007      0.8413698E-01
   0.2471369      0.8372845E-01
   0.2410087      0.8327791E-01
   0.2349073      0.8278336E-01
   0.2288226      0.8224243E-01
   0.2227430      0.8165228E-01
   0.2166553      0.8100952E-01
   0.2105444      0.8030999E-01
   0.2043925      0.7954859E-01
   0.1981788      0.7871900E-01
   0.1918787      0.7781597E-01
   0.1854703      0.7684041E-01
   0.1789433      0.7579614E-01
   0.1723026      0.7469026E-01
   0.1656138      0.7354151E-01
   0.1589620      0.7237395E-01
   0.1522867      0.7118659E-01
   0.1456499      0.6999901E-01
   0.1392021      0.6882851E-01
   0.1329868      0.6766081E-01
   0.1270076      0.6647894E-01
   0.1212437      0.6526511E-01
   0.1156609      0.6400086E-01
   0.1102171      0.6266619E-01
   0.1048643      0.6123809E-01
   0.9954739E-01  0.5968796E-01
   0.9419977E-01  0.5798478E-01
   0.8875013E-01  0.5611949E-01
   0.8314244E-01  0.5409410E-01
   0.7734644E-01  0.5192280E-01
   0.7137573E-01  0.4964091E-01
   0.6532003E-01  0.4727347E-01
   0.5937009E-01  0.4484683E-01
   0.5376159E-01  0.4242273E-01
   0.4866849E-01  0.4006961E-01
   0.4414723E-01  0.3783481E-01
   0.4012842E-01  0.3571782E-01
   0.3648799E-01  0.3367944E-01
   0.3311089E-01  0.3167061E-01
   0.2989523E-01  0.2963512E-01
   0.2673556E-01  0.2749721E-01
   0.2347998E-01  0.2512164E-01
   0.1984364E-01  0.2224880E-01
   0.1601748E-01  0.1904116E-01
   0.1292728E-01  0.1638271E-01
   0.1061955E-01  0.1438130E-01
   0.8838378E-02  0.1279808E-01
   0.7401818E-02  0.1147025E-01
   0.6204949E-02  0.1031070E-01
   0.5186713E-02  0.9270371E-02
   0.4309071E-02  0.8319177E-02
   0.3546858E-02  0.7437343E-02
   0.2882639E-02  0.6611116E-02
   0.2303924E-02  0.5830499E-02
   0.1801551E-02  0.5087956E-02
   0.1368708E-02  0.4377633E-02
   0.1000315E-02  0.3694862E-02
   0.6926231E-03  0.3035828E-02
   0.4429466E-03  0.2397347E-02
   0.2494932E-03  0.1776706E-02
   0.1112542E-03  0.1171541E-02
   0.2794705E-04  0.5797512E-03
   0.2875480E-10 -0.5805504E-06
   0.2857685E-04 -0.5712450E-03
   0.1156460E-03 -0.1133966E-02
   0.2640794E-03 -0.1690454E-02
   0.4758363E-03 -0.2242406E-02
   0.7504807E-03 -0.2791365E-02
   0.1088161E-02 -0.3338736E-02
   0.1489935E-02 -0.3885840E-02
   0.1957807E-02 -0.4433938E-02
   0.2494833E-02 -0.4984270E-02
   0.3105291E-02 -0.5538065E-02
   0.3794945E-02 -0.6096564E-02
   0.4571446E-02 -0.6661012E-02
   0.5444916E-02 -0.7232632E-02
   0.6428817E-02 -0.7812530E-02
   0.7541257E-02 -0.8401469E-02
   0.8806882E-02 -0.8999283E-02
   0.1025942E-01 -0.9603434E-02
   0.1194367E-01 -0.1020511E-01
   0.1391123E-01 -0.1077947E-01
   0.1623982E-01 -0.1128788E-01
   0.1905233E-01 -0.1168561E-01
   0.2246461E-01 -0.1193082E-01
   0.2653503E-01 -0.1205871E-01
   0.3134558E-01 -0.1217333E-01
   0.3692042E-01 -0.1228679E-01
   0.4308620E-01 -0.1239698E-01
   0.4950192E-01 -0.1250461E-01
   0.5587220E-01 -0.1260971E-01
   0.6208389E-01 -0.1268762E-01
   0.6812960E-01 -0.1270862E-01
   0.7406318E-01 -0.1264703E-01
   0.7998323E-01 -0.1248010E-01
   0.8599857E-01 -0.1221129E-01
   0.9219020E-01 -0.1185579E-01
   0.9860210E-01 -0.1143142E-01
   0.1052214     -0.1096230E-01
   0.1119785     -0.1046553E-01
   0.1187323     -0.9957335E-02
   0.1254753     -0.9444613E-02
   0.1322471     -0.8930720E-02
   0.1389875     -0.8426562E-02
   0.1456625     -0.7940741E-02
   0.1522845     -0.7478019E-02
   0.1588783     -0.7039089E-02
   0.1654683     -0.6619730E-02
   0.1720737     -0.6215842E-02
   0.1787089     -0.5823767E-02
   0.1853834     -0.5440167E-02
   0.1921017     -0.5061945E-02
   0.1988626     -0.4686219E-02
   0.2056549     -0.4310941E-02
   0.2124349     -0.3938580E-02
   0.2192000     -0.3570556E-02
   0.2259593     -0.3207666E-02
   0.2327205     -0.2850790E-02
   0.2394902     -0.2500892E-02
   0.2462739     -0.2159031E-02
   0.2530708     -0.1826608E-02
   0.2598524     -0.1506330E-02
   0.2666114     -0.1199742E-02
   0.2733472     -0.9080276E-03
   0.2800605     -0.6322928E-03
   0.2867530     -0.3735810E-03
   0.2934274     -0.1328926E-03
   0.3000874      0.8879605E-04
   0.3067378      0.2909555E-03
   0.3133832      0.4748342E-03
   0.3200280      0.6420767E-03
   0.3266759      0.7942711E-03
   0.3333301      0.9329641E-03
   0.3399934      0.1059674E-02
   0.3466680      0.1175904E-02
   0.3533555      0.1283147E-02
   0.3600574      0.1382898E-02
   0.3667741      0.1476657E-02
   0.3735059      0.1565935E-02
   0.3802524      0.1652256E-02
   0.3870126      0.1737158E-02
   0.3937849      0.1822191E-02
   0.4005671      0.1908913E-02
   0.4073565      0.1998401E-02
   0.4141502      0.2090151E-02
   0.4209458      0.2183335E-02
   0.4277411      0.2277127E-02
   0.4345343      0.2370706E-02
   0.4413238      0.2463257E-02
   0.4481085      0.2553971E-02
   0.4548876      0.2642049E-02
   0.4616606      0.2726704E-02
   0.4684274      0.2807153E-02
   0.4751882      0.2882625E-02
   0.4819434      0.2952355E-02
   0.4886940      0.3015582E-02
   0.4954410      0.3071549E-02
   0.5021861      0.3119506E-02
   0.5089308      0.3159216E-02
   0.5156768      0.3191276E-02
   0.5224255      0.3216354E-02
   0.5291781      0.3235114E-02
   0.5359354      0.3248216E-02
   0.5426982      0.3256320E-02
   0.5494667      0.3260087E-02
   0.5562413      0.3260181E-02
   0.5630217      0.3257269E-02
   0.5698077      0.3252023E-02
   0.5765985      0.3245116E-02
   0.5833934      0.3237228E-02
   0.5901913      0.3229041E-02
   0.5969906      0.3221239E-02
   0.6037898      0.3214470E-02
   0.6105870      0.3208698E-02
   0.6173808      0.3203293E-02
   0.6241698      0.3197605E-02
   0.6309531      0.3190988E-02
   0.6377302      0.3182799E-02
   0.6445007      0.3172400E-02
   0.6512648      0.3159152E-02
   0.6580227      0.3142425E-02
   0.6647751      0.3121584E-02
   0.6715229      0.3096000E-02
   0.6782674      0.3065040E-02
   0.6850102      0.3028065E-02
   0.6917531      0.2984433E-02
   0.6984982      0.2933490E-02
   0.7052481      0.2874681E-02
   0.7120051      0.2808341E-02
   0.7187712      0.2735237E-02
   0.7255477      0.2656147E-02
   0.7323353      0.2571857E-02
   0.7391340      0.2483170E-02
   0.7459410      0.2390937E-02
   0.7527421      0.2296179E-02
   0.7595361      0.2199749E-02
   0.7663257      0.2102443E-02
   0.7731142      0.2005039E-02
   0.7799056      0.1908308E-02
   0.7867044      0.1813015E-02
   0.7935098      0.1720008E-02
   0.8002989      0.1630422E-02
   0.8070630      0.1544825E-02
   0.8137969      0.1462517E-02
   0.8204972      0.1382524E-02
   0.8271627      0.1303875E-02
   0.8337940      0.1225604E-02
   0.8403934      0.1146755E-02
   0.8469648      0.1066375E-02
   0.8535137      0.9835141E-03
   0.8600472      0.8972079E-03
   0.8665735      0.8064696E-03
   0.8731028      0.7102711E-03
   0.8796465      0.6075209E-03
   0.8862185      0.4970366E-03
   0.8928345      0.3775076E-03
   0.8995134      0.2474487E-03
   0.9062753      0.1057358E-03
   0.9130291     -0.4354083E-04
   0.9196959     -0.1953378E-03
   0.9263051     -0.3471226E-03
   0.9329033     -0.4969353E-03
   0.9395556     -0.6431935E-03
   0.9463079     -0.7835922E-03
   0.9528748     -0.9093527E-03
   0.9591153     -0.1017487E-02
   0.9649900     -0.1109075E-02
   0.9704918     -0.1185875E-02
   0.9756345     -0.1249814E-02
   0.9804428     -0.1302735E-02
   0.9849457     -0.1346285E-02
   0.9891726     -0.1381876E-02
   0.9931514     -0.1410697E-02
   0.9969075     -0.1433741E-02
    1.000002     -0.1449690E-02
