GOE 178 AIRFOIL
    1.000001      0.1499889E-02
   0.9968139      0.1981019E-02
   0.9929536      0.2572259E-02
   0.9888748      0.3207039E-02
   0.9845551      0.3890619E-02
   0.9799707      0.4628826E-02
   0.9750977      0.5427906E-02
   0.9699143      0.6294197E-02
   0.9644047      0.7233476E-02
   0.9585647      0.8249876E-02
   0.9524099      0.9344313E-02
   0.9459828      0.1051235E-01
   0.9393531      0.1173961E-01
   0.9326116      0.1300279E-01
   0.9258784      0.1427133E-01
   0.9191301      0.1554122E-01
   0.9124164      0.1679467E-01
   0.9057831      0.1801525E-01
   0.8992295      0.1919587E-01
   0.8927393      0.2033501E-01
   0.8862930      0.2143811E-01
   0.8798736      0.2251082E-01
   0.8734668      0.2355809E-01
   0.8670600      0.2458429E-01
   0.8606425      0.2559333E-01
   0.8542050      0.2658880E-01
   0.8477397      0.2757400E-01
   0.8412402      0.2855198E-01
   0.8347015      0.2952561E-01
   0.8281202      0.3049758E-01
   0.8214946      0.3147037E-01
   0.8148248      0.3244633E-01
   0.8081131      0.3342754E-01
   0.8013639      0.3441590E-01
   0.7945839      0.3541269E-01
   0.7877816      0.3641658E-01
   0.7809822      0.3742266E-01
   0.7741925      0.3842871E-01
   0.7674063      0.3943441E-01
   0.7606184      0.4043935E-01
   0.7538242      0.4144299E-01
   0.7470202      0.4244463E-01
   0.7402179      0.4344135E-01
   0.7334291      0.4443022E-01
   0.7266547      0.4540995E-01
   0.7198949      0.4637938E-01
   0.7131488      0.4733748E-01
   0.7064150      0.4828334E-01
   0.6996913      0.4921617E-01
   0.6929747      0.5013553E-01
   0.6862625      0.5104196E-01
   0.6795521      0.5193612E-01
   0.6728413      0.5281863E-01
   0.6661281      0.5369004E-01
   0.6594111      0.5455086E-01
   0.6526889      0.5540154E-01
   0.6459605      0.5624248E-01
   0.6392253      0.5707406E-01
   0.6324828      0.5789661E-01
   0.6257330      0.5871040E-01
   0.6189762      0.5951569E-01
   0.6122130      0.6031270E-01
   0.6054441      0.6110161E-01
   0.5986709      0.6188257E-01
   0.5918949      0.6265560E-01
   0.5851175      0.6342047E-01
   0.5783398      0.6417697E-01
   0.5715629      0.6492493E-01
   0.5647874      0.6566418E-01
   0.5580138      0.6639460E-01
   0.5512423      0.6711610E-01
   0.5444729      0.6782862E-01
   0.5377051      0.6853211E-01
   0.5309387      0.6922656E-01
   0.5241726      0.6991197E-01
   0.5174060      0.7058836E-01
   0.5106376      0.7125578E-01
   0.5038658      0.7191428E-01
   0.4970889      0.7256395E-01
   0.4903049      0.7320490E-01
   0.4835124      0.7383724E-01
   0.4767102      0.7446103E-01
   0.4698979      0.7507627E-01
   0.4630757      0.7568290E-01
   0.4562442      0.7628084E-01
   0.4494047      0.7686991E-01
   0.4425593      0.7744994E-01
   0.4357105      0.7802068E-01
   0.4288614      0.7858186E-01
   0.4220159      0.7913318E-01
   0.4151784      0.7967433E-01
   0.4083536      0.8020495E-01
   0.4015469      0.8072470E-01
   0.3947642      0.8123294E-01
   0.3880110      0.8172678E-01
   0.3812917      0.8220248E-01
   0.3746092      0.8265654E-01
   0.3679650      0.8308568E-01
   0.3613595      0.8348686E-01
   0.3547920      0.8385720E-01
   0.3482607      0.8419399E-01
   0.3417628      0.8449462E-01
   0.3352947      0.8475655E-01
   0.3288519      0.8497729E-01
   0.3224294      0.8515432E-01
   0.3160209      0.8528502E-01
   0.3096197      0.8536670E-01
   0.3032182      0.8539643E-01
   0.2968075      0.8537115E-01
   0.2903789      0.8528963E-01
   0.2839244      0.8515249E-01
   0.2774382      0.8496024E-01
   0.2709160      0.8471327E-01
   0.2643555      0.8441199E-01
   0.2577568      0.8405689E-01
   0.2511218      0.8364864E-01
   0.2444554      0.8318818E-01
   0.2377649      0.8267687E-01
   0.2310603      0.8211651E-01
   0.2243545      0.8150949E-01
   0.2176628      0.8085879E-01
   0.2110027      0.8016801E-01
   0.2043934      0.7944134E-01
   0.1978548      0.7868340E-01
   0.1914061      0.7789492E-01
   0.1850597      0.7707019E-01
   0.1788180      0.7620273E-01
   0.1726754      0.7528556E-01
   0.1666199      0.7431107E-01
   0.1606342      0.7327065E-01
   0.1546964      0.7215419E-01
   0.1487795      0.7094950E-01
   0.1428522      0.6964491E-01
   0.1368874      0.6823451E-01
   0.1308698      0.6671470E-01
   0.1247980      0.6508478E-01
   0.1186863      0.6334879E-01
   0.1125674      0.6151735E-01
   0.1064914      0.5960880E-01
   0.1005221      0.5764891E-01
   0.9472673E-01  0.5566540E-01
   0.8914072E-01  0.5366578E-01
   0.8373836E-01  0.5163409E-01
   0.7844907E-01  0.4953578E-01
   0.7316272E-01  0.4731414E-01
   0.6772172E-01  0.4490352E-01
   0.6201574E-01  0.4228843E-01
   0.5613493E-01  0.3956009E-01
   0.5044180E-01  0.3694579E-01
   0.4533688E-01  0.3465202E-01
   0.4091745E-01  0.3265761E-01
   0.3703658E-01  0.3085110E-01
   0.3353388E-01  0.2913830E-01
   0.3028156E-01  0.2744316E-01
   0.2717118E-01  0.2569088E-01
   0.2408573E-01  0.2378119E-01
   0.2084446E-01  0.2156180E-01
   0.1743298E-01  0.1903188E-01
   0.1433209E-01  0.1662689E-01
   0.1183820E-01  0.1466344E-01
   0.9862574E-02  0.1308500E-01
   0.8267473E-02  0.1176534E-01
   0.6942951E-02  0.1061746E-01
   0.5819686E-02  0.9589917E-02
   0.4853574E-02  0.8650927E-02
   0.4015341E-02  0.7779697E-02
   0.3284740E-02  0.6961867E-02
   0.2647301E-02  0.6187072E-02
   0.2092426E-02  0.5447535E-02
   0.1612239E-02  0.4737234E-02
   0.1200846E-02  0.4051366E-02
   0.8538637E-03  0.3385999E-02
   0.5681046E-03  0.2737831E-02
   0.3413674E-03  0.2104020E-02
   0.1723058E-03  0.1482055E-02
   0.6035239E-04  0.8696622E-03
   0.5688404E-05  0.2647193E-03
   0.9257303E-05 -0.3348129E-03
   0.7282308E-04 -0.9309597E-03
   0.1981528E-03 -0.1525665E-02
   0.3842789E-03 -0.2120341E-02
   0.6301824E-03 -0.2716157E-02
   0.9356432E-03 -0.3314187E-02
   0.1301206E-02 -0.3915441E-02
   0.1728185E-02 -0.4520875E-02
   0.2218720E-02 -0.5131406E-02
   0.2775859E-02 -0.5747915E-02
   0.3403717E-02 -0.6371229E-02
   0.4107682E-02 -0.7002097E-02
   0.4894727E-02 -0.7641117E-02
   0.5773836E-02 -0.8288612E-02
   0.6756593E-02 -0.8944372E-02
   0.7857960E-02 -0.9607156E-02
   0.9097221E-02 -0.1027368E-01
   0.1049871E-01 -0.1093645E-01
   0.1209079E-01 -0.1157910E-01
   0.1390073E-01 -0.1216897E-01
   0.1597295E-01 -0.1267378E-01
   0.1837041E-01 -0.1306855E-01
   0.2115120E-01 -0.1334237E-01
   0.2434699E-01 -0.1353498E-01
   0.2797012E-01 -0.1376405E-01
   0.3200379E-01 -0.1407419E-01
   0.3635981E-01 -0.1443204E-01
   0.4090596E-01 -0.1478220E-01
   0.4553023E-01 -0.1506188E-01
   0.5019372E-01 -0.1521135E-01
   0.5495124E-01 -0.1518621E-01
   0.5991648E-01 -0.1499542E-01
   0.6520931E-01 -0.1465804E-01
   0.7094095E-01 -0.1420120E-01
   0.7715928E-01 -0.1367998E-01
   0.8375016E-01 -0.1315742E-01
   0.9050176E-01 -0.1265438E-01
   0.9724536E-01 -0.1217939E-01
   0.1039167     -0.1173142E-01
   0.1105332     -0.1130328E-01
   0.1171227     -0.1088724E-01
   0.1237068     -0.1047625E-01
   0.1303011     -0.1006375E-01
   0.1369161     -0.9643432E-02
   0.1435566     -0.9209217E-02
   0.1502220     -0.8755239E-02
   0.1569060     -0.8278062E-02
   0.1636009     -0.7782447E-02
   0.1703003     -0.7275046E-02
   0.1769997     -0.6762454E-02
   0.1836960     -0.6251149E-02
   0.1903883     -0.5747459E-02
   0.1970772     -0.5257550E-02
   0.2037652     -0.4787228E-02
   0.2104556     -0.4338227E-02
   0.2171516     -0.3908851E-02
   0.2238559     -0.3497347E-02
   0.2305708     -0.3102006E-02
   0.2372982     -0.2721151E-02
   0.2440396     -0.2353131E-02
   0.2507960     -0.1996308E-02
   0.2575682     -0.1649054E-02
   0.2643563     -0.1309746E-02
   0.2711600     -0.9767616E-03
   0.2779785     -0.6484778E-03
   0.2848108     -0.3232717E-03
   0.2916549      0.4790087E-06
   0.2985088      0.3243920E-03
   0.3053695      0.6498678E-03
   0.3122344      0.9766323E-03
   0.3191006      0.1303616E-02
   0.3259659      0.1629756E-02
   0.3328283      0.1954008E-02
   0.3396860      0.2275343E-02
   0.3465376      0.2592756E-02
   0.3533821      0.2905263E-02
   0.3602186      0.3211903E-02
   0.3670466      0.3511736E-02
   0.3738659      0.3803846E-02
   0.3806767      0.4087336E-02
   0.3874793      0.4361327E-02
   0.3942743      0.4624957E-02
   0.4010627      0.4877376E-02
   0.4078456      0.5118000E-02
   0.4146243      0.5346896E-02
   0.4213998      0.5564227E-02
   0.4281733      0.5770145E-02
   0.4349456      0.5964793E-02
   0.4417177      0.6148306E-02
   0.4484904      0.6320810E-02
   0.4552646      0.6482426E-02
   0.4620410      0.6633265E-02
   0.4688202      0.6773436E-02
   0.4756029      0.6903040E-02
   0.4823896      0.7022175E-02
   0.4891808      0.7130933E-02
   0.4959771      0.7229404E-02
   0.5027786      0.7317678E-02
   0.5095859      0.7396009E-02
   0.5163990      0.7464860E-02
   0.5232183      0.7524712E-02
   0.5300435      0.7576044E-02
   0.5368747      0.7619340E-02
   0.5437117      0.7655083E-02
   0.5505540      0.7683762E-02
   0.5574012      0.7705868E-02
   0.5642528      0.7721896E-02
   0.5711081      0.7732344E-02
   0.5779662      0.7737716E-02
   0.5848261      0.7738518E-02
   0.5916869      0.7735259E-02
   0.5985472      0.7728452E-02
   0.6054059      0.7718553E-02
   0.6122617      0.7705564E-02
   0.6191135      0.7689271E-02
   0.6259606      0.7669463E-02
   0.6328027      0.7645928E-02
   0.6396396      0.7618456E-02
   0.6464715      0.7586836E-02
   0.6532988      0.7550858E-02
   0.6601223      0.7510306E-02
   0.6669430      0.7464965E-02
   0.6737623      0.7414613E-02
   0.6805816      0.7359022E-02
   0.6874029      0.7297957E-02
   0.6942283      0.7231173E-02
   0.7010604      0.7158415E-02
   0.7079017      0.7079564E-02
   0.7147548      0.6994872E-02
   0.7216212      0.6904662E-02
   0.7284991      0.6809303E-02
   0.7353676      0.6709456E-02
   0.7422223      0.6605580E-02
   0.7490649      0.6498045E-02
   0.7558976      0.6387203E-02
   0.7627235      0.6273384E-02
   0.7695463      0.6156900E-02
   0.7763705      0.6038042E-02
   0.7832014      0.5917080E-02
   0.7900450      0.5794268E-02
   0.7969082      0.5669843E-02
   0.8037791      0.5544340E-02
   0.8106169      0.5418010E-02
   0.8174143      0.5289789E-02
   0.8241685      0.5158558E-02
   0.8308791      0.5023203E-02
   0.8375476      0.4882610E-02
   0.8441776      0.4735659E-02
   0.8507744      0.4581212E-02
   0.8573450      0.4418094E-02
   0.8638979      0.4245074E-02
   0.8704434      0.4060834E-02
   0.8769934      0.3863940E-02
   0.8835619      0.3652795E-02
   0.8901650      0.3425582E-02
   0.8968218      0.3180194E-02
   0.9035548      0.2914233E-02
   0.9103841      0.2627240E-02
   0.9171983      0.2326601E-02
   0.9239292      0.2018668E-02
   0.9306164      0.1704916E-02
   0.9373171      0.1385659E-02
   0.9441087      0.1060124E-02
   0.9508624      0.7374990E-03
   0.9573264      0.4318820E-03
   0.9634407      0.1459489E-03
   0.9691833     -0.1198198E-03
   0.9745586     -0.3661443E-03
   0.9795863     -0.5943964E-03
   0.9842931     -0.8062119E-03
   0.9887084     -0.1003257E-02
   0.9928606     -0.1187106E-02
   0.9967762     -0.1359188E-02
   0.9999991     -0.1499889E-02
