GOE 140 (MVA H.17) AIRFOIL
   0.9999966      0.2899695E-02
   0.9967597      0.3562825E-02
   0.9928319      0.4364284E-02
   0.9886731      0.5209073E-02
   0.9842581      0.6101568E-02
   0.9795604      0.7046356E-02
   0.9745528      0.8047956E-02
   0.9692101      0.9110293E-02
   0.9635136      0.1023583E-01
   0.9574581      0.1142424E-01
   0.9510608      0.1267070E-01
   0.9443709      0.1396421E-01
   0.9375122      0.1527966E-01
   0.9307235      0.1657073E-01
   0.9239677      0.1784447E-01
   0.9171870      0.1911157E-01
   0.9103417      0.2037896E-01
   0.9034552      0.2164178E-01
   0.8966413      0.2287901E-01
   0.8898914      0.2409286E-01
   0.8831864      0.2528788E-01
   0.8765098      0.2646801E-01
   0.8698478      0.2763663E-01
   0.8631885      0.2879669E-01
   0.8565215      0.2995077E-01
   0.8498384      0.3110117E-01
   0.8431320      0.3224985E-01
   0.8363969      0.3339854E-01
   0.8296291      0.3454870E-01
   0.8228262      0.3570153E-01
   0.8159878      0.3685793E-01
   0.8091153      0.3801851E-01
   0.8022121      0.3918356E-01
   0.7952863      0.4035256E-01
   0.7883682      0.4152023E-01
   0.7814609      0.4268516E-01
   0.7745584      0.4384749E-01
   0.7676554      0.4500724E-01
   0.7607471      0.4616432E-01
   0.7538297      0.4731847E-01
   0.7469002      0.4846926E-01
   0.7399727      0.4961348E-01
   0.7330593      0.5074824E-01
   0.7261607      0.5187261E-01
   0.7192766      0.5298580E-01
   0.7124061      0.5408715E-01
   0.7055476      0.5517613E-01
   0.6986987      0.5625230E-01
   0.6918564      0.5731556E-01
   0.6850180      0.5836648E-01
   0.6781810      0.5940569E-01
   0.6713430      0.6043375E-01
   0.6645024      0.6145115E-01
   0.6576577      0.6245832E-01
   0.6508077      0.6345564E-01
   0.6439516      0.6444341E-01
   0.6370889      0.6542191E-01
   0.6302194      0.6639135E-01
   0.6233436      0.6735190E-01
   0.6164618      0.6830367E-01
   0.6095750      0.6924674E-01
   0.6026845      0.7018116E-01
   0.5957919      0.7110688E-01
   0.5888990      0.7202347E-01
   0.5820076      0.7293013E-01
   0.5751188      0.7382610E-01
   0.5682339      0.7471065E-01
   0.5613536      0.7558310E-01
   0.5544785      0.7644282E-01
   0.5476089      0.7728920E-01
   0.5407449      0.7812169E-01
   0.5338862      0.7893977E-01
   0.5270325      0.7974294E-01
   0.5201828      0.8053072E-01
   0.5133365      0.8130269E-01
   0.5064921      0.8205841E-01
   0.4996483      0.8279749E-01
   0.4928034      0.8351961E-01
   0.4859558      0.8422477E-01
   0.4791044      0.8491304E-01
   0.4722482      0.8558445E-01
   0.4653868      0.8623896E-01
   0.4585200      0.8687651E-01
   0.4516480      0.8749701E-01
   0.4447714      0.8810033E-01
   0.4378912      0.8868631E-01
   0.4310088      0.8925478E-01
   0.4241259      0.8980554E-01
   0.4172445      0.9033840E-01
   0.4103672      0.9085315E-01
   0.4034967      0.9134959E-01
   0.3966362      0.9182749E-01
   0.3897889      0.9228614E-01
   0.3829576      0.9272412E-01
   0.3761443      0.9314006E-01
   0.3693500      0.9353269E-01
   0.3625753      0.9390082E-01
   0.3558198      0.9424330E-01
   0.3490824      0.9455905E-01
   0.3423615      0.9484703E-01
   0.3356547      0.9510620E-01
   0.3289590      0.9533552E-01
   0.3222710      0.9553395E-01
   0.3155863      0.9570037E-01
   0.3089001      0.9583364E-01
   0.3022068      0.9593249E-01
   0.2955003      0.9599554E-01
   0.2887744      0.9602063E-01
   0.2820248      0.9600494E-01
   0.2752496      0.9594547E-01
   0.2684495      0.9583914E-01
   0.2616275      0.9568290E-01
   0.2547896      0.9547381E-01
   0.2479445      0.9520917E-01
   0.2411036      0.9488668E-01
   0.2342810      0.9450456E-01
   0.2274929      0.9406170E-01
   0.2207575      0.9355780E-01
   0.2140937      0.9299343E-01
   0.2075211      0.9237006E-01
   0.2010584      0.9169003E-01
   0.1947234      0.9095606E-01
   0.1885291      0.9016705E-01
   0.1824767      0.8931901E-01
   0.1765557      0.8840701E-01
   0.1707477      0.8742479E-01
   0.1650279      0.8636437E-01
   0.1593661      0.8521530E-01
   0.1537260      0.8396371E-01
   0.1480633      0.8259070E-01
   0.1423219      0.8107638E-01
   0.1364433      0.7940986E-01
   0.1303795      0.7758326E-01
   0.1241015      0.7559473E-01
   0.1176139      0.7345601E-01
   0.1109825      0.7120453E-01
   0.1043451      0.6890890E-01
   0.9782774E-01  0.6663726E-01
   0.9163143E-01  0.6446016E-01
   0.8581516E-01  0.6236022E-01
   0.8032407E-01  0.6028746E-01
   0.7505366E-01  0.5817838E-01
   0.6987207E-01  0.5595770E-01
   0.6465848E-01  0.5356676E-01
   0.5938503E-01  0.5098892E-01
   0.5414996E-01  0.4827311E-01
   0.4916008E-01  0.4554227E-01
   0.4462225E-01  0.4293230E-01
   0.4059867E-01  0.4048723E-01
   0.3701944E-01  0.3817815E-01
   0.3379068E-01  0.3595837E-01
   0.3083023E-01  0.3378053E-01
   0.2807034E-01  0.3159699E-01
   0.2545219E-01  0.2935370E-01
   0.2291123E-01  0.2697954E-01
   0.2035372E-01  0.2442321E-01
   0.1778901E-01  0.2178507E-01
   0.1536883E-01  0.1931829E-01
   0.1321737E-01  0.1719751E-01
   0.1134278E-01  0.1542345E-01
   0.9726560E-02  0.1392353E-01
   0.8334550E-02  0.1262219E-01
   0.7125558E-02  0.1146469E-01
   0.6066697E-02  0.1041442E-01
   0.5133533E-02  0.9446544E-02
   0.4307993E-02  0.8543633E-02
   0.3576568E-02  0.7693036E-02
   0.2929023E-02  0.6885268E-02
   0.2357524E-02  0.6113007E-02
   0.1856034E-02  0.5370461E-02
   0.1419911E-02  0.4652931E-02
   0.1045614E-02  0.3956524E-02
   0.7305077E-03  0.3277945E-02
   0.4727271E-03  0.2614344E-02
   0.2710831E-03  0.1963202E-02
   0.1250090E-03  0.1322245E-02
   0.3453454E-04  0.6893694E-03
   0.2891734E-06  0.6257922E-04
   0.2353282E-04 -0.5600699E-03
   0.1062192E-03 -0.1180528E-02
   0.2501491E-03 -0.1800571E-02
   0.4542733E-03 -0.2421075E-02
   0.7173899E-03 -0.3042593E-02
   0.1038963E-02 -0.3665568E-02
   0.1419079E-02 -0.4290338E-02
   0.1858434E-02 -0.4917125E-02
   0.2358345E-02 -0.5546019E-02
   0.2920789E-02 -0.6176946E-02
   0.3548466E-02 -0.6809614E-02
   0.4244902E-02 -0.7443437E-02
   0.5014573E-02 -0.8077409E-02
   0.5863089E-02 -0.8709914E-02
   0.6797406E-02 -0.9338415E-02
   0.7826095E-02 -0.9958956E-02
   0.8959590E-02 -0.1056533E-01
   0.1021033E-01 -0.1114761E-01
   0.1159234E-01 -0.1168967E-01
   0.1311933E-01 -0.1216469E-01
   0.1481045E-01 -0.1254000E-01
   0.1670707E-01 -0.1279188E-01
   0.1886882E-01 -0.1289595E-01
   0.2137886E-01 -0.1283172E-01
   0.2435109E-01 -0.1260351E-01
   0.2792943E-01 -0.1227874E-01
   0.3221869E-01 -0.1188923E-01
   0.3712428E-01 -0.1141729E-01
   0.4228578E-01 -0.1085527E-01
   0.4734710E-01 -0.1020169E-01
   0.5220700E-01 -0.9443613E-02
   0.5696047E-01 -0.8580005E-02
   0.6172577E-01 -0.7639938E-02
   0.6659903E-01 -0.6654771E-02
   0.7166555E-01 -0.5663868E-02
   0.7700107E-01 -0.4723028E-02
   0.8265739E-01 -0.3870748E-02
   0.8865903E-01 -0.3090422E-02
   0.9500586E-01 -0.2352372E-02
   0.1016533     -0.1616766E-02
   0.1085009     -0.8581145E-03
   0.1154290     -0.9586158E-04
   0.1223337      0.6462117E-03
   0.1291458      0.1349110E-02
   0.1358335      0.1999525E-02
   0.1423971      0.2588893E-02
   0.1488613      0.3111735E-02
   0.1552695      0.3565494E-02
   0.1616706      0.3958027E-02
   0.1681054      0.4299845E-02
   0.1746073      0.4600005E-02
   0.1812024      0.4866843E-02
   0.1879096      0.5108532E-02
   0.1947386      0.5333489E-02
   0.2016868      0.5550613E-02
   0.2086837      0.5764455E-02
   0.2156085      0.5972105E-02
   0.2224769      0.6174151E-02
   0.2293084      0.6371253E-02
   0.2361195      0.6563944E-02
   0.2429243      0.6752651E-02
   0.2497350      0.6937718E-02
   0.2565617      0.7119408E-02
   0.2634128      0.7297920E-02
   0.2702951      0.7473388E-02
   0.2772133      0.7645887E-02
   0.2841704      0.7815435E-02
   0.2911673      0.7981993E-02
   0.2981830      0.8145024E-02
   0.3051690      0.8303371E-02
   0.3121273      0.8456740E-02
   0.3190637      0.8604717E-02
   0.3259829      0.8746870E-02
   0.3328896      0.8882752E-02
   0.3397875      0.9011895E-02
   0.3466801      0.9133814E-02
   0.3535706      0.9248004E-02
   0.3604614      0.9353944E-02
   0.3673547      0.9451091E-02
   0.3742525      0.9538888E-02
   0.3811559      0.9616760E-02
   0.3880661      0.9684118E-02
   0.3949835      0.9740360E-02
   0.4019083      0.9784881E-02
   0.4088404      0.9817637E-02
   0.4157793      0.9839598E-02
   0.4227247      0.9851848E-02
   0.4296762      0.9855477E-02
   0.4366336      0.9851586E-02
   0.4435965      0.9841279E-02
   0.4505645      0.9825669E-02
   0.4575373      0.9805875E-02
   0.4645147      0.9783021E-02
   0.4714961      0.9758236E-02
   0.4784814      0.9732653E-02
   0.4854702      0.9707408E-02
   0.4924622      0.9683644E-02
   0.4994571      0.9662502E-02
   0.5064546      0.9644885E-02
   0.5134544      0.9630487E-02
   0.5204560      0.9618627E-02
   0.5274591      0.9608623E-02
   0.5344633      0.9599792E-02
   0.5414679      0.9591450E-02
   0.5484725      0.9582912E-02
   0.5554765      0.9573495E-02
   0.5624792      0.9562515E-02
   0.5694798      0.9549289E-02
   0.5764778      0.9533137E-02
   0.5834722      0.9513384E-02
   0.5904623      0.9489355E-02
   0.5974471      0.9460382E-02
   0.6044259      0.9425813E-02
   0.6113976      0.9385122E-02
   0.6183618      0.9337872E-02
   0.6253180      0.9283628E-02
   0.6322661      0.9221962E-02
   0.6392063      0.9152441E-02
   0.6461391      0.9074634E-02
   0.6530652      0.8988106E-02
   0.6599856      0.8892418E-02
   0.6669016      0.8787122E-02
   0.6738146      0.8671762E-02
   0.6807264      0.8545867E-02
   0.6876391      0.8408952E-02
   0.6945548      0.8260512E-02
   0.7014763      0.8100020E-02
   0.7084062      0.7927437E-02
   0.7153470      0.7743792E-02
   0.7223006      0.7550268E-02
   0.7292679      0.7348074E-02
   0.7362493      0.7138454E-02
   0.7432441      0.6922689E-02
   0.7502512      0.6702104E-02
   0.7572684      0.6478067E-02
   0.7642927      0.6251990E-02
   0.7713182      0.6025391E-02
   0.7783438      0.5799633E-02
   0.7853636      0.5576233E-02
   0.7923707      0.5356729E-02
   0.7993582      0.5142625E-02
   0.8063188      0.4935019E-02
   0.8132459      0.4733001E-02
   0.8201354      0.4534981E-02
   0.8269853      0.4339352E-02
   0.8337960      0.4144494E-02
   0.8405698      0.3948786E-02
   0.8473110      0.3750601E-02
   0.8540254      0.3548290E-02
   0.8607206      0.3340174E-02
   0.8674060      0.3124513E-02
   0.8740924      0.2899478E-02
   0.8807927      0.2663106E-02
   0.8875220      0.2413250E-02
   0.8942980      0.2147501E-02
   0.9011415      0.1863104E-02
   0.9080757      0.1558113E-02
   0.9150674      0.1235966E-02
   0.9219829      0.9058291E-03
   0.9288451      0.5698127E-03
   0.9357098      0.2281387E-03
   0.9426533     -0.1201792E-03
   0.9495612     -0.4665097E-03
   0.9561881     -0.7962078E-03
   0.9624658     -0.1105738E-02
   0.9683665     -0.1394193E-02
   0.9738909     -0.1662069E-02
   0.9790571     -0.1910666E-02
   0.9838918     -0.2141639E-02
   0.9884246     -0.2356723E-02
   0.9926849     -0.2557582E-02
   0.9967002     -0.2745738E-02
    1.000003     -0.2899695E-02
