GOE 289 (MVA 289) AIRFOIL
    1.000000      0.2439452E-18
   0.9961548      0.1427021E-02
   0.9915453      0.3117816E-02
   0.9867351      0.4859120E-02
   0.9817105      0.6652976E-02
   0.9764577      0.8501049E-02
   0.9709635      0.1040440E-01
   0.9652160      0.1236317E-01
   0.9592063      0.1437619E-01
   0.9529294      0.1644050E-01
   0.9463872      0.1855099E-01
   0.9395902      0.2070324E-01
   0.9325569      0.2289455E-01
   0.9253124      0.2512206E-01
   0.9178869      0.2738310E-01
   0.9103135      0.2967561E-01
   0.9026261      0.3199865E-01
   0.8948564      0.3435221E-01
   0.8870307      0.3673026E-01
   0.8791715      0.3912237E-01
   0.8712991      0.4151867E-01
   0.8634301      0.4391019E-01
   0.8555780      0.4628913E-01
   0.8477522      0.4864893E-01
   0.8399582      0.5098430E-01
   0.8321983      0.5329115E-01
   0.8244711      0.5556655E-01
   0.8167721      0.5780857E-01
   0.8090939      0.6001617E-01
   0.8014261      0.6218911E-01
   0.7937559      0.6432824E-01
   0.7860700      0.6643776E-01
   0.7783574      0.6852267E-01
   0.7706087      0.7058733E-01
   0.7628167      0.7263550E-01
   0.7549758      0.7467037E-01
   0.7470827      0.7669462E-01
   0.7391362      0.7871035E-01
   0.7311377      0.8071915E-01
   0.7230913      0.8272197E-01
   0.7150039      0.8471921E-01
   0.7068856      0.8671060E-01
   0.6987494      0.8869521E-01
   0.6906110      0.9067037E-01
   0.6824848      0.9263030E-01
   0.6743829      0.9456940E-01
   0.6663148      0.9648282E-01
   0.6582870      0.9836650E-01
   0.6503041      0.1002171    
   0.6423680      0.1020319    
   0.6344785      0.1038090    
   0.6266336      0.1055467    
   0.6188293      0.1072440    
   0.6110602      0.1089002    
   0.6033193      0.1105149    
   0.5955981      0.1120880    
   0.5878877      0.1136207    
   0.5801805      0.1151149    
   0.5724702      0.1165724    
   0.5647519      0.1179942    
   0.5570218      0.1193813    
   0.5492778      0.1207343    
   0.5415185      0.1220535    
   0.5337444      0.1233391    
   0.5259569      0.1245909    
   0.5181591      0.1258087    
   0.5103553      0.1269919    
   0.5025511      0.1281401    
   0.4947536      0.1292525    
   0.4869703      0.1303271    
   0.4792077      0.1313612    
   0.4714710      0.1323527    
   0.4637643      0.1332995    
   0.4560904      0.1342000    
   0.4484508      0.1350527    
   0.4408461      0.1358563    
   0.4332759      0.1366097    
   0.4257389      0.1373119    
   0.4182328      0.1379621    
   0.4107545      0.1385592    
   0.4033003      0.1391027    
   0.3958656      0.1395914    
   0.3884456      0.1400249    
   0.3810369      0.1404026    
   0.3736369      0.1407239    
   0.3662448      0.1409879    
   0.3588609      0.1411939    
   0.3514865      0.1413411    
   0.3441245      0.1414286    
   0.3367788      0.1414557    
   0.3294543      0.1414219    
   0.3221573      0.1413268    
   0.3148945      0.1411702    
   0.3076739      0.1409524    
   0.3005039      0.1406738    
   0.2933934      0.1403348    
   0.2863517      0.1399341    
   0.2793859      0.1394697    
   0.2725010      0.1389403    
   0.2656997      0.1383445    
   0.2589832      0.1376810    
   0.2523510      0.1369486    
   0.2458015      0.1361462    
   0.2393318      0.1352724    
   0.2329383      0.1343258    
   0.2266166      0.1333048    
   0.2203618      0.1322074    
   0.2141682      0.1310314    
   0.2080297      0.1297743    
   0.2019399      0.1284332    
   0.1958917      0.1270046    
   0.1898785      0.1254870    
   0.1838958      0.1238800    
   0.1779413      0.1221838    
   0.1720153      0.1203989    
   0.1661200      0.1185265    
   0.1602599      0.1165688    
   0.1544415      0.1145285    
   0.1486732      0.1124097    
   0.1429647      0.1102171    
   0.1373249      0.1079544    
   0.1317597      0.1056245    
   0.1262725      0.1032297    
   0.1208639      0.1007711    
   0.1155327      0.9824897E-01
   0.1102758      0.9566238E-01
   0.1050883      0.9300944E-01
   0.9996426E-01  0.9028704E-01
   0.9489601E-01  0.8749313E-01
   0.8988094E-01  0.8463798E-01
   0.8493402E-01  0.8174481E-01
   0.8008700E-01  0.7884768E-01
   0.7538256E-01  0.7598808E-01
   0.7086678E-01  0.7320531E-01
   0.6657917E-01  0.7051286E-01
   0.6253533E-01  0.6790763E-01
   0.5873199E-01  0.6538021E-01
   0.5515568E-01  0.6291840E-01
   0.5178849E-01  0.6050942E-01
   0.4861139E-01  0.5814111E-01
   0.4560532E-01  0.5580861E-01
   0.4275445E-01  0.5351586E-01
   0.4004741E-01  0.5126810E-01
   0.3747568E-01  0.4907076E-01
   0.3503236E-01  0.4692897E-01
   0.3271147E-01  0.4484719E-01
   0.3050744E-01  0.4282904E-01
   0.2841489E-01  0.4087716E-01
   0.2642843E-01  0.3899323E-01
   0.2454268E-01  0.3717798E-01
   0.2275165E-01  0.3542817E-01
   0.2104979E-01  0.3373620E-01
   0.1943359E-01  0.3209722E-01
   0.1790052E-01  0.3050855E-01
   0.1644806E-01  0.2896866E-01
   0.1507329E-01  0.2747646E-01
   0.1377275E-01  0.2603088E-01
   0.1254246E-01  0.2463063E-01
   0.1137958E-01  0.2327477E-01
   0.1028605E-01  0.2196369E-01
   0.9262396E-02  0.2069632E-01
   0.8307094E-02  0.1947032E-01
   0.7417599E-02  0.1828274E-01
   0.6590932E-02  0.1713046E-01
   0.5824031E-02  0.1601038E-01
   0.5113945E-02  0.1491956E-01
   0.4457927E-02  0.1385526E-01
   0.3853487E-02  0.1281494E-01
   0.3298402E-02  0.1179628E-01
   0.2790717E-02  0.1079716E-01
   0.2328734E-02  0.9815601E-02
   0.1911002E-02  0.8849810E-02
   0.1536300E-02  0.7898111E-02
   0.1203629E-02  0.6958950E-02
   0.9121967E-03  0.6030864E-02
   0.6614136E-03  0.5112474E-02
   0.4508848E-03  0.4202465E-02
   0.2804085E-03  0.3299569E-02
   0.1499765E-03  0.2402556E-02
   0.5977798E-04  0.1510217E-02
   0.1020733E-04  0.6213474E-03
   0.1876624E-05 -0.2652628E-03
   0.3563283E-04 -0.1150848E-02
   0.1124384E-03 -0.2036623E-02
   0.2320125E-03 -0.2923171E-02
   0.3934288E-03 -0.3810628E-02
   0.5959994E-03 -0.4699063E-02
   0.8392635E-03 -0.5588474E-02
   0.1122970E-02 -0.6478792E-02
   0.1447062E-02 -0.7369870E-02
   0.1811671E-02 -0.8261479E-02
   0.2217111E-02 -0.9153293E-02
   0.2663872E-02 -0.1004488E-01
   0.3152622E-02 -0.1093569E-01
   0.3684208E-02 -0.1182500E-01
   0.4259662E-02 -0.1271194E-01
   0.4880199E-02 -0.1359542E-01
   0.5547224E-02 -0.1447409E-01
   0.6262337E-02 -0.1534629E-01
   0.7027333E-02 -0.1620999E-01
   0.7844196E-02 -0.1706268E-01
   0.8715089E-02 -0.1790131E-01
   0.9642333E-02 -0.1872209E-01
   0.1062835E-01 -0.1952039E-01
   0.1167561E-01 -0.2029049E-01
   0.1278646E-01 -0.2102539E-01
   0.1396339E-01 -0.2171942E-01
   0.1520959E-01 -0.2237317E-01
   0.1652841E-01 -0.2298884E-01
   0.1792321E-01 -0.2356960E-01
   0.1939718E-01 -0.2411987E-01
   0.2095316E-01 -0.2464568E-01
   0.2259336E-01 -0.2515519E-01
   0.2431889E-01 -0.2565925E-01
   0.2612945E-01 -0.2617148E-01
   0.2802675E-01 -0.2669874E-01
   0.3001504E-01 -0.2724010E-01
   0.3209836E-01 -0.2779386E-01
   0.3428035E-01 -0.2835770E-01
   0.3656427E-01 -0.2892863E-01
   0.3895298E-01 -0.2950297E-01
   0.4144925E-01 -0.3007633E-01
   0.4405624E-01 -0.3064365E-01
   0.4677823E-01 -0.3119928E-01
   0.4962195E-01 -0.3173702E-01
   0.5259814E-01 -0.3225067E-01
   0.5572076E-01 -0.3273741E-01
   0.5900552E-01 -0.3319570E-01
   0.6246992E-01 -0.3362384E-01
   0.6613305E-01 -0.3401993E-01
   0.7001498E-01 -0.3438198E-01
   0.7413530E-01 -0.3470802E-01
   0.7851068E-01 -0.3499615E-01
   0.8315488E-01 -0.3524323E-01
   0.8807949E-01 -0.3544603E-01
   0.9329337E-01 -0.3560242E-01
   0.9880304E-01 -0.3571208E-01
   0.1046146     -0.3577648E-01
   0.1107334     -0.3579528E-01
   0.1171588     -0.3576760E-01
   0.1238813     -0.3569435E-01
   0.1308816     -0.3557866E-01
   0.1381310     -0.3542626E-01
   0.1455931     -0.3524552E-01
   0.1532275     -0.3504697E-01
   0.1609935     -0.3483642E-01
   0.1688524     -0.3461179E-01
   0.1767696     -0.3437037E-01
   0.1847174     -0.3410930E-01
   0.1926769     -0.3382559E-01
   0.2006385     -0.3351603E-01
   0.2086020     -0.3317794E-01
   0.2165710     -0.3281098E-01
   0.2245488     -0.3241535E-01
   0.2325382     -0.3199122E-01
   0.2405410     -0.3153877E-01
   0.2485583     -0.3105821E-01
   0.2565905     -0.3054977E-01
   0.2646373     -0.3001374E-01
   0.2726974     -0.2945050E-01
   0.2807688     -0.2886047E-01
   0.2888487     -0.2824420E-01
   0.2969333     -0.2760231E-01
   0.3050182     -0.2693574E-01
   0.3130987     -0.2624762E-01
   0.3211712     -0.2554273E-01
   0.3292332     -0.2482576E-01
   0.3372833     -0.2410132E-01
   0.3453211     -0.2337388E-01
   0.3533474     -0.2264777E-01
   0.3613639     -0.2192721E-01
   0.3693735     -0.2121628E-01
   0.3773798     -0.2051898E-01
   0.3853877     -0.1983921E-01
   0.3934029     -0.1918085E-01
   0.4014325     -0.1854776E-01
   0.4094841     -0.1794207E-01
   0.4175650     -0.1736176E-01
   0.4256815     -0.1680429E-01
   0.4338388     -0.1626721E-01
   0.4420411     -0.1574811E-01
   0.4502917     -0.1524465E-01
   0.4585924     -0.1475446E-01
   0.4669438     -0.1427521E-01
   0.4753451     -0.1380454E-01
   0.4837939     -0.1334009E-01
   0.4922862     -0.1287950E-01
   0.5008162     -0.1242040E-01
   0.5093762     -0.1196112E-01
   0.5179583     -0.1150213E-01
   0.5265550     -0.1104426E-01
   0.5351593     -0.1058832E-01
   0.5437647     -0.1013508E-01
   0.5523654     -0.9685282E-02
   0.5609563     -0.9239602E-02
   0.5695329     -0.8798679E-02
   0.5780917     -0.8363101E-02
   0.5866297     -0.7933407E-02
   0.5951445     -0.7510091E-02
   0.6036347     -0.7093607E-02
   0.6120992     -0.6684672E-02
   0.6205379     -0.6284320E-02
   0.6289509     -0.5893561E-02
   0.6373394     -0.5513355E-02
   0.6457048     -0.5144625E-02
   0.6540493     -0.4788257E-02
   0.6623756     -0.4445113E-02
   0.6706869     -0.4116034E-02
   0.6789868     -0.3801853E-02
   0.6872796     -0.3503399E-02
   0.6955703     -0.3221510E-02
   0.7038640     -0.2957008E-02
   0.7121665     -0.2709769E-02
   0.7204827     -0.2478650E-02
   0.7288162     -0.2262510E-02
   0.7371699     -0.2060247E-02
   0.7455452     -0.1870788E-02
   0.7539426     -0.1693075E-02
   0.7623612     -0.1526061E-02
   0.7707990     -0.1368699E-02
   0.7792524     -0.1219939E-02
   0.7877167     -0.1078726E-02
   0.7961859     -0.9440001E-03
   0.8046526     -0.8147789E-03
   0.8131086     -0.6915989E-03
   0.8215458     -0.5763033E-03
   0.8299568     -0.4707221E-03
   0.8383347     -0.3766122E-03
   0.8466733     -0.2956479E-03
   0.8549671     -0.2294120E-03
   0.8632111     -0.1793917E-03
   0.8714011     -0.1469754E-03
   0.8795336     -0.1334523E-03
   0.8876054     -0.1400139E-03
   0.8956142     -0.1677563E-03
   0.9035580     -0.2175256E-03
   0.9114326     -0.2853905E-03
   0.9192230     -0.3621834E-03
   0.9269024     -0.4388150E-03
   0.9344352     -0.5068395E-03
   0.9417814     -0.5588401E-03
   0.9489017     -0.5888128E-03
   0.9557621     -0.5930084E-03
   0.9623391     -0.5727914E-03
   0.9686232     -0.5313052E-03
   0.9746153     -0.4715675E-03
   0.9803240     -0.3963322E-03
   0.9857623     -0.3080301E-03
   0.9909458     -0.2087603E-03
   0.9958912     -0.1003093E-03
    1.000000      0.2439452E-18
