GOE 326 (PFALZ 55) AIRFOIL
   0.9999972      0.1499575E-02
   0.9969016      0.2139638E-02
   0.9931509      0.2907317E-02
   0.9891860      0.3709471E-02
   0.9849840      0.4549109E-02
   0.9805202      0.5429288E-02
   0.9757684      0.6352891E-02
   0.9707035      0.7322236E-02
   0.9653041      0.8338450E-02
   0.9595579      0.9400521E-02
   0.9534694      0.1050408E-01
   0.9470685      0.1164017E-01
   0.9404165      0.1279744E-01
   0.9336034      0.1396411E-01
   0.9268029      0.1511630E-01
   0.9200110      0.1626116E-01
   0.9131806      0.1741308E-01
   0.9063794      0.1856716E-01
   0.8996631      0.1972003E-01
   0.8930237      0.2087725E-01
   0.8864445      0.2204001E-01
   0.8799104      0.2320812E-01
   0.8734083      0.2438127E-01
   0.8669268      0.2555899E-01
   0.8604558      0.2674064E-01
   0.8539866      0.2792544E-01
   0.8475114      0.2911239E-01
   0.8410236      0.3030035E-01
   0.8345173      0.3148792E-01
   0.8279878      0.3267351E-01
   0.8214313      0.3385527E-01
   0.8148448      0.3503112E-01
   0.8082268      0.3619868E-01
   0.8015765      0.3735531E-01
   0.7948945      0.3849835E-01
   0.7881829      0.3962745E-01
   0.7814442      0.4074369E-01
   0.7746808      0.4184824E-01
   0.7678957      0.4294225E-01
   0.7610918      0.4402694E-01
   0.7542720      0.4510354E-01
   0.7474395      0.4617331E-01
   0.7405977      0.4723751E-01
   0.7337497      0.4829743E-01
   0.7268992      0.4935434E-01
   0.7200496      0.5040954E-01
   0.7132044      0.5146430E-01
   0.7063672      0.5251989E-01
   0.6995417      0.5357756E-01
   0.6927312      0.5463779E-01
   0.6859384      0.5569814E-01
   0.6791654      0.5675549E-01
   0.6724133      0.5780692E-01
   0.6656828      0.5884962E-01
   0.6589740      0.5988097E-01
   0.6522862      0.6089845E-01
   0.6456184      0.6189970E-01
   0.6389690      0.6288249E-01
   0.6323357      0.6384468E-01
   0.6257161      0.6478423E-01
   0.6191069      0.6569915E-01
   0.6125046      0.6658755E-01
   0.6059051      0.6744753E-01
   0.5993039      0.6827722E-01
   0.5926960      0.6907549E-01
   0.5860770      0.6984403E-01
   0.5794428      0.7058514E-01
   0.5727903      0.7130097E-01
   0.5661166      0.7199361E-01
   0.5594197      0.7266507E-01
   0.5526979      0.7331731E-01
   0.5459504      0.7395222E-01
   0.5391771      0.7457168E-01
   0.5323783      0.7517756E-01
   0.5255553      0.7577168E-01
   0.5187103      0.7635585E-01
   0.5118460      0.7693187E-01
   0.5049662      0.7750153E-01
   0.4980754      0.7806657E-01
   0.4911789      0.7862766E-01
   0.4842815      0.7918302E-01
   0.4773879      0.7973053E-01
   0.4705019      0.8026816E-01
   0.4636269      0.8079392E-01
   0.4567657      0.8130595E-01
   0.4499207      0.8180244E-01
   0.4430934      0.8228166E-01
   0.4362853      0.8274197E-01
   0.4294968      0.8318182E-01
   0.4227282      0.8359970E-01
   0.4159793      0.8399417E-01
   0.4092494      0.8436386E-01
   0.4025372      0.8470742E-01
   0.3958412      0.8502355E-01
   0.3891597      0.8531160E-01
   0.3824909      0.8557147E-01
   0.3758332      0.8580308E-01
   0.3691848      0.8600631E-01
   0.3625440      0.8618101E-01
   0.3559092      0.8632702E-01
   0.3492786      0.8644412E-01
   0.3426505      0.8653209E-01
   0.3360233      0.8659066E-01
   0.3293951      0.8661953E-01
   0.3227643      0.8661838E-01
   0.3161290      0.8658684E-01
   0.3094875      0.8652451E-01
   0.3028378      0.8643095E-01
   0.2961781      0.8630566E-01
   0.2895067      0.8614751E-01
   0.2828230      0.8595470E-01
   0.2761274      0.8572538E-01
   0.2694214      0.8545776E-01
   0.2627077      0.8515007E-01
   0.2559901      0.8480069E-01
   0.2492739      0.8440812E-01
   0.2425651      0.8397108E-01
   0.2358710      0.8348850E-01
   0.2291999      0.8295964E-01
   0.2225609      0.8238408E-01
   0.2159638      0.8176175E-01
   0.2094188      0.8109299E-01
   0.2029364      0.8037853E-01
   0.1965271      0.7961946E-01
   0.1902000      0.7881582E-01
   0.1839583      0.7796576E-01
   0.1777972      0.7706653E-01
   0.1717058      0.7611438E-01
   0.1656674      0.7510429E-01
   0.1596602      0.7402966E-01
   0.1536569      0.7288177E-01
   0.1476233      0.7164905E-01
   0.1415178      0.7032041E-01
   0.1353029      0.6889092E-01
   0.1289566      0.6735921E-01
   0.1224780      0.6572954E-01
   0.1158955      0.6401509E-01
   0.1092730      0.6224080E-01
   0.1027092      0.6044358E-01
   0.9632130E-01  0.5866644E-01
   0.9020722E-01  0.5692695E-01
   0.8438448E-01  0.5520563E-01
   0.7880419E-01  0.5346891E-01
   0.7338242E-01  0.5167329E-01
   0.6801691E-01  0.4976899E-01
   0.6265187E-01  0.4772484E-01
   0.5733061E-01  0.4554729E-01
   0.5218857E-01  0.4329047E-01
   0.4739552E-01  0.4104276E-01
   0.4306370E-01  0.3887668E-01
   0.3917464E-01  0.3680207E-01
   0.3564612E-01  0.3479296E-01
   0.3239247E-01  0.3281276E-01
   0.2933731E-01  0.3081968E-01
   0.2640954E-01  0.2876251E-01
   0.2352924E-01  0.2656655E-01
   0.2057855E-01  0.2413356E-01
   0.1759529E-01  0.2153429E-01
   0.1487005E-01  0.1909768E-01
   0.1256927E-01  0.1703186E-01
   0.1066967E-01  0.1531259E-01
   0.9093263E-02  0.1384862E-01
   0.7759760E-02  0.1256483E-01
   0.6613029E-02  0.1141254E-01
   0.5615048E-02  0.1035993E-01
   0.4739546E-02  0.9385398E-02
   0.3967814E-02  0.8473714E-02
   0.3286169E-02  0.7613702E-02
   0.2684378E-02  0.6796913E-02
   0.2154669E-02  0.6016777E-02
   0.1691082E-02  0.5268069E-02
   0.1289033E-02  0.4546539E-02
   0.9450186E-03  0.3848662E-02
   0.6564159E-03  0.3171467E-02
   0.4213378E-03  0.2512399E-02
   0.2385407E-03  0.1869227E-02
   0.1073659E-03  0.1239964E-02
   0.2770952E-04  0.6228127E-03
   0.1896527E-07  0.1610812E-04
   0.2531516E-04 -0.5817222E-03
   0.1052433E-03 -0.1172202E-02
   0.2421581E-03 -0.1756846E-02
   0.4388604E-03 -0.2337177E-02
   0.6957972E-03 -0.2914484E-02
   0.1012577E-02 -0.3489824E-02
   0.1389515E-02 -0.4064137E-02
   0.1827637E-02 -0.4638265E-02
   0.2328710E-02 -0.5212954E-02
   0.2895304E-02 -0.5788856E-02
   0.3530895E-02 -0.6366507E-02
   0.4240022E-02 -0.6946297E-02
   0.5028490E-02 -0.7528391E-02
   0.5903654E-02 -0.8112613E-02
   0.6874787E-02 -0.8698223E-02
   0.7953514E-02 -0.9283520E-02
   0.9154260E-02 -0.9865104E-02
   0.1049439E-01 -0.1043647E-01
   0.1199311E-01 -0.1098525E-01
   0.1366675E-01 -0.1148826E-01
   0.1553779E-01 -0.1191685E-01
   0.1764767E-01 -0.1224531E-01
   0.2004272E-01 -0.1244677E-01
   0.2276848E-01 -0.1250330E-01
   0.2587316E-01 -0.1242650E-01
   0.2942999E-01 -0.1225032E-01
   0.3351261E-01 -0.1196640E-01
   0.3815976E-01 -0.1156478E-01
   0.4333889E-01 -0.1105630E-01
   0.4893938E-01 -0.1048189E-01
   0.5483966E-01 -0.9901562E-02
   0.6097695E-01 -0.9341127E-02
   0.6730394E-01 -0.8803819E-02
   0.7377810E-01 -0.8289904E-02
   0.8037138E-01 -0.7796426E-02
   0.8706251E-01 -0.7317245E-02
   0.9382890E-01 -0.6844635E-02
   0.1006490     -0.6370026E-02
   0.1075040     -0.5886694E-02
   0.1143799     -0.5396157E-02
   0.1212652     -0.4901691E-02
   0.1281507     -0.4406458E-02
   0.1350296     -0.3913451E-02
   0.1418976     -0.3425471E-02
   0.1487529     -0.2945109E-02
   0.1555959     -0.2474632E-02
   0.1624283     -0.2015172E-02
   0.1692518     -0.1567367E-02
   0.1760683     -0.1131855E-02
   0.1828794     -0.7092794E-03
   0.1896871     -0.3002918E-03
   0.1964931      0.9444595E-04
   0.2032994      0.4742841E-03
   0.2101078      0.8392430E-03
   0.2169199      0.1190091E-02
   0.2237374      0.1527613E-02
   0.2305613      0.1852575E-02
   0.2373927      0.2165725E-02
   0.2442324      0.2467800E-02
   0.2510807      0.2759523E-02
   0.2579381      0.3041614E-02
   0.2648044      0.3314781E-02
   0.2716795      0.3579732E-02
   0.2785629      0.3837171E-02
   0.2854537      0.4087799E-02
   0.2923509      0.4332315E-02
   0.2992532      0.4571418E-02
   0.3061591      0.4805672E-02
   0.3130668      0.5034863E-02
   0.3199750      0.5258502E-02
   0.3268823      0.5476109E-02
   0.3337874      0.5687213E-02
   0.3406894      0.5891354E-02
   0.3475874      0.6088081E-02
   0.3544808      0.6276954E-02
   0.3613689      0.6457541E-02
   0.3682515      0.6629418E-02
   0.3751284      0.6792170E-02
   0.3819994      0.6945387E-02
   0.3888647      0.7088666E-02
   0.3957246      0.7221609E-02
   0.4025794      0.7343823E-02
   0.4094298      0.7455082E-02
   0.4162761      0.7555394E-02
   0.4231191      0.7644779E-02
   0.4299594      0.7723255E-02
   0.4367975      0.7790837E-02
   0.4436341      0.7847534E-02
   0.4504700      0.7893352E-02
   0.4573057      0.7928292E-02
   0.4641419      0.7952352E-02
   0.4709795      0.7965524E-02
   0.4778192      0.7967796E-02
   0.4846618      0.7959150E-02
   0.4915080      0.7939562E-02
   0.4983587      0.7909006E-02
   0.5052148      0.7867507E-02
   0.5120772      0.7815606E-02
   0.5189465      0.7754106E-02
   0.5258232      0.7683819E-02
   0.5327077      0.7605559E-02
   0.5396001      0.7520148E-02
   0.5465004      0.7428416E-02
   0.5534084      0.7331201E-02
   0.5603236      0.7229351E-02
   0.5672455      0.7123723E-02
   0.5741731      0.7015184E-02
   0.5811056      0.6904611E-02
   0.5880416      0.6792886E-02
   0.5949798      0.6680901E-02
   0.6019185      0.6569545E-02
   0.6088559      0.6459207E-02
   0.6157904      0.6349347E-02
   0.6227207      0.6239325E-02
   0.6296456      0.6128496E-02
   0.6365644      0.6016217E-02
   0.6434766      0.5901843E-02
   0.6503822      0.5784727E-02
   0.6572810      0.5664223E-02
   0.6641737      0.5539682E-02
   0.6710608      0.5410452E-02
   0.6779434      0.5275876E-02
   0.6848225      0.5135294E-02
   0.6916998      0.4988033E-02
   0.6985771      0.4833411E-02
   0.7054563      0.4670864E-02
   0.7123395      0.4500825E-02
   0.7192285      0.4324197E-02
   0.7261243      0.4141896E-02
   0.7330277      0.3954858E-02
   0.7399388      0.3764035E-02
   0.7468572      0.3570399E-02
   0.7537821      0.3374947E-02
   0.7607121      0.3178694E-02
   0.7676451      0.2982676E-02
   0.7745788      0.2787948E-02
   0.7815100      0.2595577E-02
   0.7884353      0.2406636E-02
   0.7953507      0.2222202E-02
   0.8022515      0.2043334E-02
   0.8091334      0.1870557E-02
   0.8159926      0.1703522E-02
   0.8228274      0.1541767E-02
   0.8296375      0.1384800E-02
   0.8364241      0.1232101E-02
   0.8431901      0.1083132E-02
   0.8499395      0.9373393E-03
   0.8566780      0.7941515E-03
   0.8634123      0.6529827E-03
   0.8701507      0.5132268E-03
   0.8769031      0.3742523E-03
   0.8836810      0.2353942E-03
   0.8904977      0.9594212E-04
   0.8973690     -0.4487406E-04
   0.9042963     -0.1874687E-03
   0.9111663     -0.3287116E-03
   0.9179588     -0.4665739E-03
   0.9247009     -0.6000544E-03
   0.9314370     -0.7284966E-03
   0.9382309     -0.8514584E-03
   0.9451250     -0.9678204E-03
   0.9518294     -0.1071263E-02
   0.9582045     -0.1159762E-02
   0.9642084     -0.1234232E-02
   0.9698327     -0.1296185E-02
   0.9750906     -0.1347270E-02
   0.9800069     -0.1389063E-02
   0.9846109     -0.1422968E-02
   0.9889324     -0.1450188E-02
   0.9930000     -0.1471734E-02
   0.9968395     -0.1488449E-02
    1.000003     -0.1499575E-02
