GOE 320 (HANSA-BRANDENBURG II.1) AIRFOIL
   0.9999897      0.2649228E-02
   0.9962731      0.3490487E-02
   0.9917861      0.4512159E-02
   0.9870638      0.5594557E-02
   0.9820841      0.6743913E-02
   0.9768235      0.7966937E-02
   0.9712588      0.9270611E-02
   0.9653681      0.1066178E-01
   0.9591343      0.1214646E-01
   0.9525495      0.1372870E-01
   0.9456207      0.1540899E-01
   0.9383737      0.1718114E-01
   0.9308488      0.1903289E-01
   0.9230955      0.2094842E-01
   0.9151660      0.2291026E-01
   0.9071067      0.2490161E-01
   0.8989507      0.2690838E-01
   0.8907142      0.2892199E-01
   0.8824053      0.3094111E-01
   0.8740318      0.3296564E-01
   0.8656023      0.3499554E-01
   0.8571254      0.3703077E-01
   0.8486102      0.3907132E-01
   0.8400659      0.4111723E-01
   0.8315018      0.4316856E-01
   0.8229273      0.4522543E-01
   0.8143513      0.4728796E-01
   0.8057828      0.4935633E-01
   0.7972305      0.5143075E-01
   0.7887020      0.5350992E-01
   0.7802030      0.5558922E-01
   0.7717377      0.5766401E-01
   0.7633083      0.5973009E-01
   0.7549160      0.6178370E-01
   0.7465603      0.6382155E-01
   0.7382393      0.6584073E-01
   0.7299503      0.6783873E-01
   0.7216890      0.6981338E-01
   0.7134502      0.7176279E-01
   0.7052277      0.7368538E-01
   0.6970142      0.7557977E-01
   0.6888016      0.7744554E-01
   0.6805832      0.7928403E-01
   0.6723541      0.8109637E-01
   0.6641113      0.8288324E-01
   0.6558537      0.8464487E-01
   0.6475821      0.8638108E-01
   0.6392992      0.8809128E-01
   0.6310098      0.8977456E-01
   0.6227205      0.9142964E-01
   0.6144400      0.9305500E-01
   0.6061785      0.9464887E-01
   0.5979481      0.9620932E-01
   0.5897618      0.9773375E-01
   0.5816313      0.9921757E-01
   0.5735651      0.1006565    
   0.5655685      0.1020469    
   0.5576439      0.1033863    
   0.5497912      0.1046724    
   0.5420083      0.1059038    
   0.5342908      0.1070792    
   0.5266331      0.1081979    
   0.5190279      0.1092591    
   0.5114667      0.1102623    
   0.5039397      0.1112069    
   0.4964360      0.1120924    
   0.4889436      0.1129192    
   0.4814511      0.1136905    
   0.4739480      0.1144096    
   0.4664243      0.1150794    
   0.4588703      0.1157024    
   0.4512771      0.1162811    
   0.4436358      0.1168175    
   0.4359378      0.1173136    
   0.4281748      0.1177713    
   0.4203388      0.1181922    
   0.4124216      0.1185782    
   0.4044155      0.1189307    
   0.3963131      0.1192515    
   0.3881070      0.1195416    
   0.3797921      0.1198013    
   0.3713678      0.1200305    
   0.3628394      0.1202288    
   0.3542192      0.1203961    
   0.3455271      0.1205324    
   0.3367916      0.1206381    
   0.3280488      0.1207136    
   0.3193418      0.1207602    
   0.3107180      0.1207796    
   0.3022260      0.1207739    
   0.2939124      0.1207455    
   0.2858163      0.1206926    
   0.2779597      0.1206088    
   0.2703466      0.1204885    
   0.2629687      0.1203279    
   0.2558102      0.1201235    
   0.2488508      0.1198726    
   0.2420677      0.1195725    
   0.2354372      0.1192206    
   0.2289348      0.1188139    
   0.2225361      0.1183490    
   0.2162158      0.1178218    
   0.2099478      0.1172274    
   0.2037046      0.1165596    
   0.1974560      0.1158106    
   0.1911681      0.1149723    
   0.1848119      0.1140427    
   0.1783747      0.1130233    
   0.1718648      0.1119191    
   0.1653156      0.1107406    
   0.1587862      0.1095052    
   0.1523570      0.1082365    
   0.1461170      0.1069618    
   0.1401463      0.1056985    
   0.1344878      0.1044421    
   0.1291425      0.1031838    
   0.1240887      0.1019137    
   0.1192949      0.1006221    
   0.1147274      0.9929925E-01
   0.1103535      0.9793567E-01
   0.1061423      0.9652152E-01
   0.1020654      0.9504623E-01
   0.9809584E-01  0.9349800E-01
   0.9420755E-01  0.9186571E-01
   0.9037756E-01  0.9014799E-01
   0.8659220E-01  0.8834819E-01
   0.8284699E-01  0.8647290E-01
   0.7914588E-01  0.8453286E-01
   0.7550046E-01  0.8254340E-01
   0.7192865E-01  0.8052416E-01
   0.6845282E-01  0.7849207E-01
   0.6509156E-01  0.7645547E-01
   0.6185480E-01  0.7441892E-01
   0.5874550E-01  0.7238416E-01
   0.5576173E-01  0.7035068E-01
   0.5289839E-01  0.6831630E-01
   0.5014853E-01  0.6627763E-01
   0.4750417E-01  0.6423049E-01
   0.4495656E-01  0.6217366E-01
   0.4249841E-01  0.6011054E-01
   0.4012524E-01  0.5804604E-01
   0.3783462E-01  0.5598614E-01
   0.3562548E-01  0.5393756E-01
   0.3349760E-01  0.5190746E-01
   0.3145111E-01  0.4990306E-01
   0.2948620E-01  0.4793132E-01
   0.2760279E-01  0.4599864E-01
   0.2580037E-01  0.4411065E-01
   0.2407791E-01  0.4227200E-01
   0.2243376E-01  0.4048473E-01
   0.2086575E-01  0.3874584E-01
   0.1937156E-01  0.3705212E-01
   0.1794863E-01  0.3540093E-01
   0.1659418E-01  0.3379000E-01
   0.1530519E-01  0.3221735E-01
   0.1407849E-01  0.3068113E-01
   0.1291079E-01  0.2917965E-01
   0.1179879E-01  0.2771130E-01
   0.1074112E-01  0.2627538E-01
   0.9739357E-02  0.2487227E-01
   0.8794129E-02  0.2350164E-01
   0.7905098E-02  0.2216248E-01
   0.7071322E-02  0.2085345E-01
   0.6291504E-02  0.1957296E-01
   0.5564159E-02  0.1831936E-01
   0.4887731E-02  0.1709097E-01
   0.4260668E-02  0.1588613E-01
   0.3681468E-02  0.1470325E-01
   0.3148713E-02  0.1354080E-01
   0.2661083E-02  0.1239733E-01
   0.2217370E-02  0.1127149E-01
   0.1816477E-02  0.1016196E-01
   0.1457424E-02  0.9067549E-02
   0.1139342E-02  0.7987098E-02
   0.8614779E-03  0.6919524E-02
   0.6231844E-03  0.5863801E-02
   0.4239225E-03  0.4818956E-02
   0.2632570E-03  0.3784060E-02
   0.1408550E-03  0.2758227E-02
   0.5648470E-04  0.1740605E-02
   0.1001408E-04  0.7303730E-03
   0.1411424E-05 -0.2732647E-03
   0.3074595E-04 -0.1271083E-02
   0.9818966E-04 -0.2263843E-02
   0.2040202E-03 -0.3252292E-02
   0.3486096E-03 -0.4237156E-02
   0.5317247E-03 -0.5218305E-02
   0.7522474E-03 -0.6194411E-02
   0.1009136E-02 -0.7164078E-02
   0.1301491E-02 -0.8125920E-02
   0.1628547E-02 -0.9078551E-02
   0.1989662E-02 -0.1002058E-01
   0.2384314E-02 -0.1095058E-01
   0.2812093E-02 -0.1186709E-01
   0.3272702E-02 -0.1276863E-01
   0.3765954E-02 -0.1365362E-01
   0.4291771E-02 -0.1452043E-01
   0.4850191E-02 -0.1536733E-01
   0.5441364E-02 -0.1619248E-01
   0.6065568E-02 -0.1699391E-01
   0.6723207E-02 -0.1776951E-01
   0.7414831E-02 -0.1851695E-01
   0.8141144E-02 -0.1923374E-01
   0.8903022E-02 -0.1991709E-01
   0.9701542E-02 -0.2056393E-01
   0.1053800E-01 -0.2117081E-01
   0.1141397E-01 -0.2173387E-01
   0.1233131E-01 -0.2224868E-01
   0.1329227E-01 -0.2271020E-01
   0.1429922E-01 -0.2311426E-01
   0.1535384E-01 -0.2346179E-01
   0.1645779E-01 -0.2375478E-01
   0.1761281E-01 -0.2399534E-01
   0.1882076E-01 -0.2418577E-01
   0.2008346E-01 -0.2432874E-01
   0.2140263E-01 -0.2442743E-01
   0.2277964E-01 -0.2448587E-01
   0.2421525E-01 -0.2450923E-01
   0.2570913E-01 -0.2450429E-01
   0.2726049E-01 -0.2447809E-01
   0.2887251E-01 -0.2443125E-01
   0.3054995E-01 -0.2436238E-01
   0.3229805E-01 -0.2427011E-01
   0.3412254E-01 -0.2415310E-01
   0.3602972E-01 -0.2401008E-01
   0.3802650E-01 -0.2383998E-01
   0.4012052E-01 -0.2364199E-01
   0.4232027E-01 -0.2341570E-01
   0.4463530E-01 -0.2316128E-01
   0.4707653E-01 -0.2287968E-01
   0.4965683E-01 -0.2257289E-01
   0.5239190E-01 -0.2224392E-01
   0.5529901E-01 -0.2189302E-01
   0.5839603E-01 -0.2151754E-01
   0.6170184E-01 -0.2111447E-01
   0.6523631E-01 -0.2068045E-01
   0.6902090E-01 -0.2021158E-01
   0.7307885E-01 -0.1970337E-01
   0.7743498E-01 -0.1915059E-01
   0.8211698E-01 -0.1854820E-01
   0.8715242E-01 -0.1789256E-01
   0.9256097E-01 -0.1718175E-01
   0.9834615E-01 -0.1641680E-01
   0.1044855     -0.1560347E-01
   0.1109248     -0.1475483E-01
   0.1175876     -0.1388977E-01
   0.1243913     -0.1302908E-01
   0.1312648     -0.1219217E-01
   0.1381618     -0.1139491E-01
   0.1450670     -0.1064890E-01
   0.1519982     -0.9962174E-02
   0.1590033     -0.9335502E-02
   0.1661375     -0.8759483E-02
   0.1734509     -0.8224807E-02
   0.1809872     -0.7722874E-02
   0.1887803     -0.7245173E-02
   0.1968470     -0.6782838E-02
   0.2051754     -0.6326946E-02
   0.2137222     -0.5876002E-02
   0.2224315     -0.5434759E-02
   0.2312455     -0.5007901E-02
   0.2401091     -0.4599527E-02
   0.2489751     -0.4212925E-02
   0.2578070     -0.3850499E-02
   0.2665801     -0.3513812E-02
   0.2752813     -0.3203731E-02
   0.2839087     -0.2920600E-02
   0.2924697     -0.2664430E-02
   0.3009802     -0.2435063E-02
   0.3094634     -0.2231719E-02
   0.3179436     -0.2051958E-02
   0.3264417     -0.1893305E-02
   0.3349755     -0.1753525E-02
   0.3435597     -0.1630533E-02
   0.3522061     -0.1522326E-02
   0.3609234     -0.1426930E-02
   0.3697167     -0.1342350E-02
   0.3785872     -0.1266536E-02
   0.3875315     -0.1197355E-02
   0.3965412     -0.1132581E-02
   0.4056024     -0.1070020E-02
   0.4146976     -0.1009182E-02
   0.4238097     -0.9509068E-03
   0.4329245     -0.8960447E-03
   0.4420301     -0.8454096E-03
   0.4511178     -0.7997767E-03
   0.4601813     -0.7598812E-03
   0.4692177     -0.7264226E-03
   0.4782262     -0.7000717E-03
   0.4872091     -0.6814800E-03
   0.4961709     -0.6712926E-03
   0.5051186     -0.6701153E-03
   0.5140606     -0.6777439E-03
   0.5230049     -0.6932901E-03
   0.5319580     -0.7158658E-03
   0.5409254     -0.7445938E-03
   0.5499116     -0.7785988E-03
   0.5589196     -0.8169989E-03
   0.5679515     -0.8588987E-03
   0.5770079     -0.9033852E-03
   0.5860882     -0.9495239E-03
   0.5951907     -0.9963583E-03
   0.6043119     -0.1042926E-02
   0.6134476     -0.1088679E-02
   0.6225933     -0.1133549E-02
   0.6317454     -0.1177492E-02
   0.6409004     -0.1220473E-02
   0.6500555     -0.1262455E-02
   0.6592087     -0.1303409E-02
   0.6683580     -0.1343308E-02
   0.6775024     -0.1382127E-02
   0.6866414     -0.1419846E-02
   0.6957748     -0.1456446E-02
   0.7049031     -0.1491916E-02
   0.7140271     -0.1526346E-02
   0.7231477     -0.1559923E-02
   0.7322655     -0.1592833E-02
   0.7413807     -0.1625265E-02
   0.7504936     -0.1657402E-02
   0.7596041     -0.1689430E-02
   0.7687120     -0.1721531E-02
   0.7778169     -0.1753889E-02
   0.7869182     -0.1786684E-02
   0.7960150     -0.1820097E-02
   0.8051064     -0.1854316E-02
   0.8141907     -0.1889713E-02
   0.8232649     -0.1926816E-02
   0.8323242     -0.1966143E-02
   0.8413623     -0.2008192E-02
   0.8503710     -0.2053442E-02
   0.8593410     -0.2102338E-02
   0.8682617     -0.2155289E-02
   0.8771214     -0.2212659E-02
   0.8859077     -0.2274763E-02
   0.8946080     -0.2341856E-02
   0.9032092     -0.2414098E-02
   0.9116953     -0.2489706E-02
   0.9200348     -0.2564287E-02
   0.9281799     -0.2633535E-02
   0.9360755     -0.2693711E-02
   0.9436682     -0.2741921E-02
   0.9509144     -0.2776287E-02
   0.9577863     -0.2796470E-02
   0.9642760     -0.2804184E-02
   0.9703930     -0.2801364E-02
   0.9761571     -0.2789745E-02
   0.9815934     -0.2770821E-02
   0.9867284     -0.2745842E-02
   0.9915883     -0.2715846E-02
   0.9961978     -0.2681684E-02
    1.000010     -0.2649228E-02
