GOE 447 AIRFOIL
   0.9999962      0.1599715E-02
   0.9963512      0.3087460E-02
   0.9919622      0.4863689E-02
   0.9873590      0.6708797E-02
   0.9825254      0.8626723E-02
   0.9774453      0.1062095E-01
   0.9721041      0.1269409E-01
   0.9664897      0.1484726E-01
   0.9605952      0.1707931E-01
   0.9544215      0.1938587E-01
   0.9479810      0.2175829E-01
   0.9412996      0.2418366E-01
   0.9344141      0.2664702E-01
   0.9273657      0.2913295E-01
   0.9201953      0.3162718E-01
   0.9129390      0.3411808E-01
   0.9056239      0.3659781E-01
   0.8982654      0.3906291E-01
   0.8908670      0.4151405E-01
   0.8834263      0.4395325E-01
   0.8759410      0.4638232E-01
   0.8684101      0.4880281E-01
   0.8608332      0.5121600E-01
   0.8532109      0.5362291E-01
   0.8455451      0.5602428E-01
   0.8378385      0.5842053E-01
   0.8300953      0.6081181E-01
   0.8223210      0.6319790E-01
   0.8145221      0.6557830E-01
   0.8067066      0.6795216E-01
   0.7988840      0.7031829E-01
   0.7910644      0.7267468E-01
   0.7832571      0.7501674E-01
   0.7754701      0.7733960E-01
   0.7677095      0.7963896E-01
   0.7599799      0.8191109E-01
   0.7522846      0.8415279E-01
   0.7446252      0.8636143E-01
   0.7370023      0.8853480E-01
   0.7294151      0.9067116E-01
   0.7218615      0.9276916E-01
   0.7143386      0.9482777E-01
   0.7068425      0.9684624E-01
   0.6993683      0.9882410E-01
   0.6919103      0.1007611    
   0.6844629      0.1026580    
   0.6770216      0.1045156    
   0.6695827      0.1063342    
   0.6621435      0.1081142    
   0.6547021      0.1098554    
   0.6472575      0.1115575    
   0.6398096      0.1132201    
   0.6323588      0.1148425    
   0.6249069      0.1164237    
   0.6174560      0.1179629    
   0.6100092      0.1194589    
   0.6025706      0.1209106    
   0.5951448      0.1223169    
   0.5877369      0.1236760    
   0.5803514      0.1249862    
   0.5729915      0.1262457    
   0.5656591      0.1274532    
   0.5583548      0.1286077    
   0.5510779      0.1297084    
   0.5438269      0.1307545    
   0.5365990      0.1317457    
   0.5293907      0.1326814    
   0.5221973      0.1335612    
   0.5150133      0.1343847    
   0.5078322      0.1351514    
   0.5006467      0.1358606    
   0.4934483      0.1365117    
   0.4862279      0.1371055    
   0.4789775      0.1376441    
   0.4716904      0.1381294    
   0.4643614      0.1385632    
   0.4569868      0.1389470    
   0.4495646      0.1392822    
   0.4420945      0.1395700    
   0.4345782      0.1398120    
   0.4270197      0.1400095    
   0.4194251      0.1401640    
   0.4118031      0.1402773    
   0.4041647      0.1403512    
   0.3965234      0.1403879    
   0.3888947      0.1403885    
   0.3812938      0.1403500    
   0.3737339      0.1402690    
   0.3662254      0.1401422    
   0.3587763      0.1399667    
   0.3513925      0.1397400    
   0.3440773      0.1394599    
   0.3368325      0.1391241    
   0.3296578      0.1387308    
   0.3225518      0.1382778    
   0.3155115      0.1377634    
   0.3085330      0.1371855    
   0.3016112      0.1365420    
   0.2947403      0.1358306    
   0.2879139      0.1350505    
   0.2811257      0.1342029    
   0.2743694      0.1332890    
   0.2676391      0.1323096    
   0.2609289      0.1312654    
   0.2542329      0.1301567    
   0.2475452      0.1289836    
   0.2408597      0.1277458    
   0.2341703      0.1264429    
   0.2274707      0.1250740    
   0.2207542      0.1236381    
   0.2140138      0.1221338    
   0.2072421      0.1205590    
   0.2004308      0.1189117    
   0.1935714      0.1171890    
   0.1866569      0.1153882    
   0.1796925      0.1135094    
   0.1727003      0.1115579    
   0.1657206      0.1095449    
   0.1588097      0.1074883    
   0.1520345      0.1054113    
   0.1454636      0.1033395    
   0.1391558      0.1012892    
   0.1331376      0.9925740E-01
   0.1274007      0.9723331E-01
   0.1219178      0.9520222E-01
   0.1166530      0.9314700E-01
   0.1115669      0.9104845E-01
   0.1066187      0.8888475E-01
   0.1017654      0.8663000E-01
   0.9696023E-01  0.8425188E-01
   0.9214769E-01  0.8172139E-01
   0.8727945E-01  0.7903528E-01
   0.8234069E-01  0.7621254E-01
   0.7736200E-01  0.7330316E-01
   0.7242548E-01  0.7039254E-01
   0.6765156E-01  0.6756642E-01
   0.6313763E-01  0.6485305E-01
   0.5891818E-01  0.6224898E-01
   0.5498671E-01  0.5973629E-01
   0.5131782E-01  0.5729205E-01
   0.4788023E-01  0.5489299E-01
   0.4464310E-01  0.5252511E-01
   0.4158313E-01  0.5019062E-01
   0.3868607E-01  0.4789592E-01
   0.3594307E-01  0.4564887E-01
   0.3334808E-01  0.4345766E-01
   0.3089628E-01  0.4132991E-01
   0.2858307E-01  0.3927209E-01
   0.2640348E-01  0.3728915E-01
   0.2435200E-01  0.3538437E-01
   0.2242160E-01  0.3355705E-01
   0.2060293E-01  0.3179819E-01
   0.1888943E-01  0.3010142E-01
   0.1727632E-01  0.2846363E-01
   0.1575897E-01  0.2688316E-01
   0.1433230E-01  0.2535871E-01
   0.1299058E-01  0.2388872E-01
   0.1172770E-01  0.2247121E-01
   0.1054181E-01  0.2110557E-01
   0.9435456E-02  0.1979187E-01
   0.8407910E-02  0.1852793E-01
   0.7456388E-02  0.1731032E-01
   0.6577227E-02  0.1613519E-01
   0.5766533E-02  0.1499868E-01
   0.5020527E-02  0.1389714E-01
   0.4335705E-02  0.1282721E-01
   0.3708913E-02  0.1178580E-01
   0.3137356E-02  0.1077014E-01
   0.2618599E-02  0.9777726E-02
   0.2150548E-02  0.8806288E-02
   0.1731422E-02  0.7853763E-02
   0.1359737E-02  0.6918274E-02
   0.1034283E-02  0.5998097E-02
   0.7541082E-03  0.5091639E-02
   0.5185049E-03  0.4197418E-02
   0.3270009E-03  0.3314042E-02
   0.1793535E-03  0.2440193E-02
   0.7554899E-04  0.1574608E-02
   0.1580568E-04  0.7160644E-03
   0.5822005E-06 -0.1366352E-03
   0.3059118E-04 -0.9846783E-03
   0.1068193E-03 -0.1829259E-02
   0.2305258E-03 -0.2671584E-02
   0.4020033E-03 -0.3512377E-02
   0.6200957E-03 -0.4351622E-02
   0.8838188E-03 -0.5189160E-02
   0.1192456E-02 -0.6024743E-02
   0.1545534E-02 -0.6858021E-02
   0.1942798E-02 -0.7688532E-02
   0.2384206E-02 -0.8515692E-02
   0.2869908E-02 -0.9338774E-02
   0.3400246E-02 -0.1015689E-01
   0.3975744E-02 -0.1096895E-01
   0.4597105E-02 -0.1177366E-01
   0.5265211E-02 -0.1256943E-01
   0.5981114E-02 -0.1335435E-01
   0.6746035E-02 -0.1412612E-01
   0.7561352E-02 -0.1488198E-01
   0.8428589E-02 -0.1561855E-01
   0.9349382E-02 -0.1633177E-01
   0.1032544E-01 -0.1701666E-01
   0.1135848E-01 -0.1766719E-01
   0.1245010E-01 -0.1827595E-01
   0.1360169E-01 -0.1883416E-01
   0.1481573E-01 -0.1933677E-01
   0.1609622E-01 -0.1978419E-01
   0.1744751E-01 -0.2017769E-01
   0.1887411E-01 -0.2051949E-01
   0.2038058E-01 -0.2081310E-01
   0.2197126E-01 -0.2106385E-01
   0.2364989E-01 -0.2127953E-01
   0.2541894E-01 -0.2147124E-01
   0.2727942E-01 -0.2165166E-01
   0.2923392E-01 -0.2182188E-01
   0.3128518E-01 -0.2197794E-01
   0.3343492E-01 -0.2211512E-01
   0.3568372E-01 -0.2222797E-01
   0.3803109E-01 -0.2231029E-01
   0.4047585E-01 -0.2235514E-01
   0.4301684E-01 -0.2235486E-01
   0.4565401E-01 -0.2230092E-01
   0.4839009E-01 -0.2218370E-01
   0.5123290E-01 -0.2199179E-01
   0.5419838E-01 -0.2171565E-01
   0.5730985E-01 -0.2135395E-01
   0.6059561E-01 -0.2090708E-01
   0.6408974E-01 -0.2037697E-01
   0.6783282E-01 -0.1976875E-01
   0.7187115E-01 -0.1909387E-01
   0.7625186E-01 -0.1837552E-01
   0.8101048E-01 -0.1764186E-01
   0.8616410E-01 -0.1689863E-01
   0.9171353E-01 -0.1614646E-01
   0.9764267E-01 -0.1538386E-01
   0.1039248     -0.1460560E-01
   0.1105301     -0.1380854E-01
   0.1174171     -0.1299422E-01
   0.1245331     -0.1216391E-01
   0.1318220     -0.1131765E-01
   0.1392337     -0.1045353E-01
   0.1467337     -0.9567168E-02
   0.1543088     -0.8651424E-02
   0.1619656     -0.7702482E-02
   0.1697137     -0.6721860E-02
   0.1775578     -0.5712066E-02
   0.1854970     -0.4676606E-02
   0.1935234     -0.3620189E-02
   0.2016213     -0.2548880E-02
   0.2097674     -0.1469785E-02
   0.2179357     -0.3898402E-03
   0.2261030      0.6844096E-03
   0.2342497      0.1746947E-02
   0.2423600      0.2792404E-02
   0.2504223      0.3816116E-02
   0.2584286      0.4814121E-02
   0.2663751      0.5783113E-02
   0.2742609      0.6720374E-02
   0.2820884      0.7623683E-02
   0.2898624      0.8491222E-02
   0.2975904      0.9321479E-02
   0.3052818      0.1011333E-01
   0.3129467      0.1086744E-01
   0.3205943      0.1158531E-01
   0.3282325      0.1226814E-01
   0.3358682      0.1291692E-01
   0.3435072      0.1353241E-01
   0.3511544      0.1411522E-01
   0.3588139      0.1466579E-01
   0.3664889      0.1518444E-01
   0.3741814      0.1567138E-01
   0.3818929      0.1612672E-01
   0.3896236      0.1655050E-01
   0.3973728      0.1694272E-01
   0.4051390      0.1730334E-01
   0.4129197      0.1763246E-01
   0.4207129      0.1793029E-01
   0.4285166      0.1819709E-01
   0.4363295      0.1843317E-01
   0.4441502      0.1863887E-01
   0.4519778      0.1881453E-01
   0.4598116      0.1896055E-01
   0.4676515      0.1907732E-01
   0.4754974      0.1916524E-01
   0.4833497      0.1922472E-01
   0.4912091      0.1925615E-01
   0.4990766      0.1925993E-01
   0.5069537      0.1923650E-01
   0.5148419      0.1918669E-01
   0.5227427      0.1911140E-01
   0.5306575      0.1901156E-01
   0.5385877      0.1888806E-01
   0.5465345      0.1874181E-01
   0.5544988      0.1857373E-01
   0.5624818      0.1838471E-01
   0.5704841      0.1817568E-01
   0.5785067      0.1794757E-01
   0.5865500      0.1770133E-01
   0.5946145      0.1743791E-01
   0.6027007      0.1715829E-01
   0.6108086      0.1686357E-01
   0.6189384      0.1655496E-01
   0.6270898      0.1623376E-01
   0.6352623      0.1590127E-01
   0.6434552      0.1555883E-01
   0.6516674      0.1520784E-01
   0.6598976      0.1484971E-01
   0.6681440      0.1448590E-01
   0.6764047      0.1411790E-01
   0.6846774      0.1374725E-01
   0.6929595      0.1337549E-01
   0.7012479      0.1300422E-01
   0.7095395      0.1263430E-01
   0.7178309      0.1226495E-01
   0.7261188      0.1189511E-01
   0.7344003      0.1152375E-01
   0.7426723      0.1114982E-01
   0.7509322      0.1077227E-01
   0.7591774      0.1039006E-01
   0.7674056      0.1000217E-01
   0.7756147      0.9607588E-02
   0.7838025      0.9205308E-02
   0.7919675      0.8794348E-02
   0.8001079      0.8373740E-02
   0.8082224      0.7943234E-02
   0.8163101      0.7505108E-02
   0.8243706      0.7062145E-02
   0.8324041      0.6617053E-02
   0.8404111      0.6172459E-02
   0.8483926      0.5730915E-02
   0.8563500      0.5294902E-02
   0.8642849      0.4866836E-02
   0.8721997      0.4449074E-02
   0.8800968      0.4043927E-02
   0.8879791      0.3653666E-02
   0.8958498      0.3280538E-02
   0.9037125      0.2926621E-02
   0.9115667      0.2590183E-02
   0.9193959      0.2265971E-02
   0.9271640      0.1949347E-02
   0.9348189      0.1636519E-02
   0.9422990      0.1324627E-02
   0.9495415      0.1011795E-02
   0.9564921      0.6976408E-03
   0.9631150      0.3847671E-03
   0.9693964      0.7581909E-04
   0.9753391     -0.2274169E-03
   0.9809568     -0.5238477E-03
   0.9862688     -0.8128953E-03
   0.9912970     -0.1094342E-02
   0.9960641     -0.1368209E-02
    1.000004     -0.1599715E-02
