GOE 458 AIRFOIL
    1.000000      0.9757816E-18
   0.9972311      0.6954994E-03
   0.9938734      0.1534481E-02
   0.9903195      0.2417263E-02
   0.9865459      0.3348704E-02
   0.9825262      0.4334208E-02
   0.9782311      0.5379629E-02
   0.9736292      0.6491016E-02
   0.9686892      0.7674047E-02
   0.9633841      0.8932981E-02
   0.9576990      0.1026889E-01
   0.9516424      0.1167703E-01
   0.9453335      0.1312741E-01
   0.9391606      0.1453091E-01
   0.9330944      0.1589589E-01
   0.9270602      0.1724044E-01
   0.9210020      0.1857781E-01
   0.9148778      0.1991781E-01
   0.9086575      0.2126737E-01
   0.9023249      0.2263024E-01
   0.8959580      0.2399009E-01
   0.8896736      0.2532251E-01
   0.8834527      0.2663181E-01
   0.8772767      0.2792219E-01
   0.8711295      0.2919717E-01
   0.8649974      0.3045967E-01
   0.8588686      0.3171216E-01
   0.8527331      0.3295671E-01
   0.8465821      0.3419500E-01
   0.8404084      0.3542842E-01
   0.8342061      0.3665801E-01
   0.8279706      0.3788453E-01
   0.8216990      0.3910841E-01
   0.8153898      0.4032974E-01
   0.8090434      0.4154829E-01
   0.8026619      0.4276346E-01
   0.7962496      0.4397425E-01
   0.7898141      0.4517868E-01
   0.7833832      0.4637071E-01
   0.7769615      0.4754874E-01
   0.7705439      0.4871294E-01
   0.7641262      0.4986333E-01
   0.7577044      0.5099981E-01
   0.7512754      0.5212211E-01
   0.7448363      0.5322988E-01
   0.7383851      0.5432262E-01
   0.7319244      0.5539900E-01
   0.7254706      0.5645550E-01
   0.7190259      0.5749104E-01
   0.7125900      0.5850501E-01
   0.7061618      0.5949686E-01
   0.6997399      0.6046614E-01
   0.6933222      0.6141268E-01
   0.6869067      0.6233728E-01
   0.6804917      0.6324095E-01
   0.6740753      0.6412465E-01
   0.6676564      0.6498928E-01
   0.6612337      0.6583569E-01
   0.6548061      0.6666472E-01
   0.6483729      0.6747715E-01
   0.6419334      0.6827372E-01
   0.6354873      0.6905516E-01
   0.6290343      0.6982216E-01
   0.6225744      0.7057541E-01
   0.6161079      0.7131554E-01
   0.6096351      0.7204320E-01
   0.6031566      0.7275900E-01
   0.5966733      0.7346352E-01
   0.5901862      0.7415678E-01
   0.5836960      0.7483817E-01
   0.5772035      0.7550702E-01
   0.5707095      0.7616272E-01
   0.5642145      0.7680462E-01
   0.5577192      0.7743212E-01
   0.5512240      0.7804461E-01
   0.5447295      0.7864150E-01
   0.5382360      0.7922222E-01
   0.5317438      0.7978620E-01
   0.5252533      0.8033287E-01
   0.5187645      0.8086170E-01
   0.5122777      0.8137214E-01
   0.5057929      0.8186366E-01
   0.4993101      0.8233575E-01
   0.4928293      0.8278780E-01
   0.4863506      0.8321891E-01
   0.4798738      0.8362811E-01
   0.4733992      0.8401442E-01
   0.4669266      0.8437687E-01
   0.4604560      0.8471449E-01
   0.4539875      0.8502632E-01
   0.4475209      0.8531140E-01
   0.4410563      0.8556875E-01
   0.4345935      0.8579743E-01
   0.4281324      0.8599646E-01
   0.4216730      0.8616488E-01
   0.4152151      0.8630173E-01
   0.4087586      0.8640604E-01
   0.4023034      0.8647685E-01
   0.3958493      0.8651322E-01
   0.3893962      0.8651495E-01
   0.3829439      0.8648246E-01
   0.3764923      0.8641621E-01
   0.3700413      0.8631664E-01
   0.3635907      0.8618419E-01
   0.3571404      0.8601929E-01
   0.3506901      0.8582235E-01
   0.3442397      0.8559380E-01
   0.3377889      0.8533404E-01
   0.3313376      0.8504348E-01
   0.3248856      0.8472250E-01
   0.3184324      0.8437150E-01
   0.3119780      0.8399086E-01
   0.3055220      0.8358095E-01
   0.2990642      0.8314213E-01
   0.2926041      0.8267470E-01
   0.2861417      0.8217874E-01
   0.2796767      0.8165432E-01
   0.2732094      0.8110149E-01
   0.2667400      0.8052034E-01
   0.2602689      0.7991098E-01
   0.2537970      0.7927355E-01
   0.2473250      0.7860820E-01
   0.2408542      0.7791514E-01
   0.2343856      0.7719462E-01
   0.2279209      0.7644690E-01
   0.2214616      0.7567233E-01
   0.2150096      0.7487128E-01
   0.2085669      0.7404417E-01
   0.2021357      0.7319150E-01
   0.1957184      0.7231368E-01
   0.1893174      0.7140914E-01
   0.1829347      0.7047468E-01
   0.1765712      0.6950697E-01
   0.1702265      0.6850258E-01
   0.1638997      0.6745793E-01
   0.1575885      0.6636925E-01
   0.1512901      0.6523256E-01
   0.1450006      0.6404326E-01
   0.1387186      0.6279344E-01
   0.1324472      0.6147408E-01
   0.1261942      0.6007715E-01
   0.1199718      0.5859597E-01
   0.1137959      0.5702553E-01
   0.1076864      0.5536292E-01
   0.1016653      0.5360755E-01
   0.9575572E-01  0.5176223E-01
   0.8996630E-01  0.4983799E-01
   0.8426229E-01  0.4783724E-01
   0.7856402E-01  0.4574226E-01
   0.7273664E-01  0.4350818E-01
   0.6682364E-01  0.4114207E-01
   0.6125189E-01  0.3880019E-01
   0.5576262E-01  0.3636617E-01
   0.4998038E-01  0.3364570E-01
   0.4490393E-01  0.3111291E-01
   0.4068521E-01  0.2890772E-01
   0.3699365E-01  0.2690493E-01
   0.3357634E-01  0.2498948E-01
   0.3021239E-01  0.2304418E-01
   0.2656578E-01  0.2086395E-01
   0.2220999E-01  0.1815134E-01
   0.1912733E-01  0.1615891E-01
   0.1613650E-01  0.1418151E-01
   0.1149683E-01  0.1106459E-01
   0.8721214E-02  0.9150685E-02
   0.6893916E-02  0.7829095E-02
   0.5520694E-02  0.6781194E-02
   0.4419931E-02  0.5890591E-02
   0.3510462E-02  0.5105662E-02
   0.2747561E-02  0.4397813E-02
   0.2104152E-02  0.3749528E-02
   0.1562664E-02  0.3149131E-02
   0.1111276E-02  0.2588370E-02
   0.7420042E-03  0.2061221E-02
   0.4495501E-03  0.1563087E-02
   0.2307074E-03  0.1090401E-02
   0.8401524E-04  0.6403308E-03
   0.9609946E-05  0.2105599E-03
   0.9262574E-05 -0.2007670E-03
   0.8653919E-04 -0.5951796E-03
   0.2470749E-03 -0.9739916E-03
   0.4950310E-03 -0.1339146E-02
   0.8322418E-03 -0.1693355E-02
   0.1262923E-02 -0.2039201E-02
   0.1794501E-02 -0.2379276E-02
   0.2438735E-02 -0.2716417E-02
   0.3213695E-02 -0.3054010E-02
   0.4147755E-02 -0.3396582E-02
   0.5288191E-02 -0.3751039E-02
   0.6721551E-02 -0.4129497E-02
   0.8640464E-02 -0.4559184E-02
   0.1160248E-01 -0.5120486E-02
   0.1685590E-01 -0.5998319E-02
   0.2068878E-01 -0.6561011E-02
   0.2559666E-01 -0.7140387E-02
   0.2999276E-01 -0.7522786E-02
   0.3390901E-01 -0.7780162E-02
   0.3789515E-01 -0.7982270E-02
   0.4230518E-01 -0.8155187E-02
   0.4758767E-01 -0.8318130E-02
   0.5388922E-01 -0.8486498E-02
   0.5968291E-01 -0.8619470E-02
   0.6548186E-01 -0.8707978E-02
   0.7172176E-01 -0.8725751E-02
   0.7792051E-01 -0.8636252E-02
   0.8387507E-01 -0.8442385E-02
   0.8983549E-01 -0.8156083E-02
   0.9594763E-01 -0.7781455E-02
   0.1022755     -0.7322775E-02
   0.1087712     -0.6790987E-02
   0.1152018     -0.6213707E-02
   0.1215725     -0.5601544E-02
   0.1279336     -0.4959854E-02
   0.1343216     -0.4294521E-02
   0.1407598     -0.3612621E-02
   0.1472544     -0.2923354E-02
   0.1537295     -0.2244642E-02
   0.1601731     -0.1581425E-02
   0.1666030     -0.9303448E-03
   0.1730333     -0.2883773E-03
   0.1794747      0.3470798E-03
   0.1859346      0.9782712E-03
   0.1924171      0.1607118E-02
   0.1989229      0.2235224E-02
   0.2054416      0.2862928E-02
   0.2119472      0.3487353E-02
   0.2184422      0.4107655E-02
   0.2249311      0.4723159E-02
   0.2314176      0.5333139E-02
   0.2379051      0.5936820E-02
   0.2443965      0.6533369E-02
   0.2508943      0.7121899E-02
   0.2574007      0.7701466E-02
   0.2639171      0.8271067E-02
   0.2704429      0.8829490E-02
   0.2769626      0.9374288E-02
   0.2834725      0.9904100E-02
   0.2899731      0.1041793E-01
   0.2964652      0.1091484E-01
   0.3029504      0.1139392E-01
   0.3094301      0.1185482E-01
   0.3159060      0.1229782E-01
   0.3223795      0.1272316E-01
   0.3288517      0.1313108E-01
   0.3353238      0.1352179E-01
   0.3417969      0.1389550E-01
   0.3482716      0.1425236E-01
   0.3547487      0.1459255E-01
   0.3612289      0.1491620E-01
   0.3677125      0.1522345E-01
   0.3742000      0.1551442E-01
   0.3806914      0.1578922E-01
   0.3871869      0.1604795E-01
   0.3936863      0.1629072E-01
   0.4001895      0.1651761E-01
   0.4066960      0.1672881E-01
   0.4132057      0.1692476E-01
   0.4197181      0.1710600E-01
   0.4262329      0.1727305E-01
   0.4327499      0.1742643E-01
   0.4392688      0.1756670E-01
   0.4457895      0.1769438E-01
   0.4523117      0.1781003E-01
   0.4588353      0.1791418E-01
   0.4653602      0.1800739E-01
   0.4718864      0.1809019E-01
   0.4784137      0.1816314E-01
   0.4849422      0.1822679E-01
   0.4914718      0.1828169E-01
   0.4980027      0.1832839E-01
   0.5045348      0.1836742E-01
   0.5110683      0.1839906E-01
   0.5176033      0.1842347E-01
   0.5241397      0.1844077E-01
   0.5306776      0.1845112E-01
   0.5372169      0.1845467E-01
   0.5437574      0.1845154E-01
   0.5502989      0.1844190E-01
   0.5568413      0.1842588E-01
   0.5633843      0.1840364E-01
   0.5699276      0.1837531E-01
   0.5764707      0.1834106E-01
   0.5830133      0.1830103E-01
   0.5895549      0.1825537E-01
   0.5960951      0.1820424E-01
   0.6026331      0.1814780E-01
   0.6091686      0.1808599E-01
   0.6157009      0.1801854E-01
   0.6222299      0.1794515E-01
   0.6287553      0.1786552E-01
   0.6352772      0.1777935E-01
   0.6417957      0.1768634E-01
   0.6483111      0.1758619E-01
   0.6548239      0.1747860E-01
   0.6613347      0.1736324E-01
   0.6678443      0.1723982E-01
   0.6743536      0.1710800E-01
   0.6808637      0.1696745E-01
   0.6873758      0.1681784E-01
   0.6938914      0.1665882E-01
   0.7004118      0.1649002E-01
   0.7069389      0.1631100E-01
   0.7134740      0.1612116E-01
   0.7200179      0.1591985E-01
   0.7265640      0.1570668E-01
   0.7331009      0.1548146E-01
   0.7396287      0.1524366E-01
   0.7461489      0.1499270E-01
   0.7526633      0.1472798E-01
   0.7591743      0.1444886E-01
   0.7656849      0.1415466E-01
   0.7721984      0.1384464E-01
   0.7787191      0.1351798E-01
   0.7852514      0.1317380E-01
   0.7917864      0.1281195E-01
   0.7982974      0.1243341E-01
   0.8047776      0.1203844E-01
   0.8112216      0.1162918E-01
   0.8176262      0.1120862E-01
   0.8239904      0.1077951E-01
   0.8303151      0.1034443E-01
   0.8366029      0.9905714E-02
   0.8428582      0.9465480E-02
   0.8490868      0.9025675E-02
   0.8552959      0.8588071E-02
   0.8614942      0.8154302E-02
   0.8676921      0.7725892E-02
   0.8739013      0.7304286E-02
   0.8801356      0.6890886E-02
   0.8864112      0.6487090E-02
   0.8927469      0.6094343E-02
   0.8991652      0.5714195E-02
   0.9056722      0.5348727E-02
   0.9121038      0.5004359E-02
   0.9184216      0.4678094E-02
   0.9246519      0.4363867E-02
   0.9308353      0.4055396E-02
   0.9370261      0.3745969E-02
   0.9432970      0.3427898E-02
   0.9497381      0.3092016E-02
   0.9560588      0.2749728E-02
   0.9620012      0.2415720E-02
   0.9675440      0.2093512E-02
   0.9726974      0.1784696E-02
   0.9774884      0.1489617E-02
   0.9819500      0.1207897E-02
   0.9861165      0.9387866E-03
   0.9900198      0.6813828E-03
   0.9936892      0.4347519E-03
   0.9971500      0.1979927E-03
    1.000000      0.9757816E-18
