GOE 491 AIRFOIL
    1.000000     -0.6139291E-17
   0.9971565      0.5257885E-03
   0.9937136      0.1148495E-02
   0.9900767      0.1789790E-02
   0.9862242      0.2450630E-02
   0.9821323      0.3131781E-02
   0.9777750      0.3833644E-02
   0.9731252      0.4555964E-02
   0.9681570      0.5297412E-02
   0.9628494      0.6054991E-02
   0.9571922      0.6823280E-02
   0.9511955      0.7593668E-02
   0.9448992      0.8354601E-02
   0.9384633      0.9087659E-02
   0.9321290      0.9773020E-02
   0.9258403      0.1042585E-01
   0.9195415      0.1105994E-01
   0.9131921      0.1168689E-01
   0.9067657      0.1231696E-01
   0.9002858      0.1295601E-01
   0.8938724      0.1359895E-01
   0.8875227      0.1424614E-01
   0.8812200      0.1489755E-01
   0.8749503      0.1555309E-01
   0.8687014      0.1621254E-01
   0.8624626      0.1687560E-01
   0.8562249      0.1754186E-01
   0.8499803      0.1821080E-01
   0.8437221      0.1888176E-01
   0.8374448      0.1955396E-01
   0.8311439      0.2022645E-01
   0.8248160      0.2089815E-01
   0.8184591      0.2156779E-01
   0.8120725      0.2223390E-01
   0.8056567      0.2289487E-01
   0.7992139      0.2354886E-01
   0.7927477      0.2419433E-01
   0.7862623      0.2483093E-01
   0.7797621      0.2545851E-01
   0.7732608      0.2607611E-01
   0.7667653      0.2668346E-01
   0.7602726      0.2728125E-01
   0.7537801      0.2787009E-01
   0.7472858      0.2845056E-01
   0.7407878      0.2902319E-01
   0.7342848      0.2958846E-01
   0.7277758      0.3014681E-01
   0.7212659      0.3069819E-01
   0.7147616      0.3124243E-01
   0.7082628      0.3177992E-01
   0.7017692      0.3231110E-01
   0.6952797      0.3283641E-01
   0.6887934      0.3335608E-01
   0.6823090      0.3387024E-01
   0.6758257      0.3437898E-01
   0.6693426      0.3488239E-01
   0.6628591      0.3538055E-01
   0.6563745      0.3587351E-01
   0.6498886      0.3636133E-01
   0.6434008      0.3684405E-01
   0.6369112      0.3732171E-01
   0.6304196      0.3779431E-01
   0.6239261      0.3826187E-01
   0.6174309      0.3872440E-01
   0.6109344      0.3918188E-01
   0.6044370      0.3963431E-01
   0.5979393      0.4008165E-01
   0.5914421      0.4052371E-01
   0.5849459      0.4096000E-01
   0.5784513      0.4139002E-01
   0.5719588      0.4181328E-01
   0.5654687      0.4222931E-01
   0.5589811      0.4263763E-01
   0.5524962      0.4303778E-01
   0.5460141      0.4342931E-01
   0.5395344      0.4381179E-01
   0.5330572      0.4418476E-01
   0.5265820      0.4454780E-01
   0.5201083      0.4490048E-01
   0.5136358      0.4524238E-01
   0.5071637      0.4557307E-01
   0.5006912      0.4589214E-01
   0.4942177      0.4619935E-01
   0.4877421      0.4649541E-01
   0.4812639      0.4678134E-01
   0.4747826      0.4705816E-01
   0.4682976      0.4732689E-01
   0.4618086      0.4758853E-01
   0.4553156      0.4784408E-01
   0.4488184      0.4809455E-01
   0.4423171      0.4834093E-01
   0.4358121      0.4858423E-01
   0.4293035      0.4882544E-01
   0.4227919      0.4906556E-01
   0.4162780      0.4930559E-01
   0.4097624      0.4954651E-01
   0.4032461      0.4978931E-01
   0.3967302      0.5003492E-01
   0.3902155      0.5028278E-01
   0.3837033      0.5053097E-01
   0.3771944      0.5077748E-01
   0.3706896      0.5102035E-01
   0.3641897      0.5125759E-01
   0.3576956      0.5148725E-01
   0.3512077      0.5170740E-01
   0.3447268      0.5191611E-01
   0.3382534      0.5211147E-01
   0.3317878      0.5229162E-01
   0.3253305      0.5245468E-01
   0.3188819      0.5259883E-01
   0.3124421      0.5272223E-01
   0.3060114      0.5282309E-01
   0.2995899      0.5289965E-01
   0.2931777      0.5295039E-01
   0.2867749      0.5297464E-01
   0.2803817      0.5297190E-01
   0.2739976      0.5294167E-01
   0.2676224      0.5288342E-01
   0.2612555      0.5279664E-01
   0.2548960      0.5268079E-01
   0.2485430      0.5253533E-01
   0.2421954      0.5235968E-01
   0.2358518      0.5215323E-01
   0.2295107      0.5191534E-01
   0.2231703      0.5164533E-01
   0.2168289      0.5134247E-01
   0.2104843      0.5100597E-01
   0.2041341      0.5063497E-01
   0.1977760      0.5022857E-01
   0.1914072      0.4978640E-01
   0.1850267      0.4930897E-01
   0.1786351      0.4879704E-01
   0.1722350      0.4825153E-01
   0.1658312      0.4767365E-01
   0.1594305      0.4706488E-01
   0.1530417      0.4642706E-01
   0.1466755      0.4576212E-01
   0.1403434      0.4506783E-01
   0.1340543      0.4433800E-01
   0.1278132      0.4356624E-01
   0.1216212      0.4274610E-01
   0.1154760      0.4187091E-01
   0.1093723      0.4093370E-01
   0.1033022      0.3992692E-01
   0.9725496E-01  0.3884257E-01
   0.9121863E-01  0.3767901E-01
   0.8518132E-01  0.3644150E-01
   0.7912978E-01  0.3513473E-01
   0.7304902E-01  0.3376216E-01
   0.6693021E-01  0.3230900E-01
   0.6082692E-01  0.3074657E-01
   0.5488184E-01  0.2907473E-01
   0.4927618E-01  0.2732688E-01
   0.4413980E-01  0.2556986E-01
   0.3943857E-01  0.2386434E-01
   0.3501834E-01  0.2220743E-01
   0.3067762E-01  0.2055911E-01
   0.2609876E-01  0.1883159E-01
   0.2083578E-01  0.1685356E-01
   0.1554246E-01  0.1449216E-01
   0.1181032E-01  0.1239823E-01
   0.9454696E-02  0.1087015E-01
   0.7729465E-02  0.9639202E-02
   0.6364251E-02  0.8584271E-02
   0.5238949E-02  0.7647440E-02
   0.4289823E-02  0.6796652E-02
   0.3478868E-02  0.6012139E-02
   0.2781609E-02  0.5280746E-02
   0.2181448E-02  0.4593212E-02
   0.1666746E-02  0.3942733E-02
   0.1229202E-02  0.3324139E-02
   0.8628929E-03  0.2733394E-02
   0.5636839E-03  0.2167273E-02
   0.3288725E-03  0.1623155E-02
   0.1569731E-03  0.1098870E-02
   0.4760979E-04  0.5925985E-03
   0.1496421E-05  0.1027911E-03
   0.2050132E-04 -0.3718864E-03
   0.1078095E-03 -0.8326001E-03
   0.2681695E-03 -0.1280397E-02
   0.5054744E-03 -0.1716882E-02
   0.8211040E-03 -0.2144545E-02
   0.1217923E-02 -0.2565837E-02
   0.1700940E-02 -0.2983220E-02
   0.2277846E-02 -0.3399329E-02
   0.2959978E-02 -0.3817180E-02
   0.3763989E-02 -0.4240499E-02
   0.4714925E-02 -0.4674267E-02
   0.5852263E-02 -0.5125782E-02
   0.7243211E-02 -0.5606976E-02
   0.9017105E-02 -0.6140442E-02
   0.1147758E-01 -0.6779321E-02
   0.1553100E-01 -0.7675614E-02
   0.2146999E-01 -0.8642852E-02
   0.2633008E-01 -0.9077374E-02
   0.3028339E-01 -0.9223894E-02
   0.3409936E-01 -0.9229340E-02
   0.3808686E-01 -0.9124172E-02
   0.4252289E-01 -0.8907245E-02
   0.4777909E-01 -0.8558027E-02
   0.5402452E-01 -0.8077000E-02
   0.5994511E-01 -0.7588087E-02
   0.6575939E-01 -0.7086086E-02
   0.7182794E-01 -0.6548804E-02
   0.7820678E-01 -0.5980755E-02
   0.8445512E-01 -0.5430593E-02
   0.9066335E-01 -0.4897262E-02
   0.9693632E-01 -0.4378890E-02
   0.1033129     -0.3880209E-02
   0.1097773     -0.3405421E-02
   0.1162867     -0.2954347E-02
   0.1227720     -0.2527315E-02
   0.1292446     -0.2118822E-02
   0.1357211     -0.1723219E-02
   0.1422132     -0.1335269E-02
   0.1487262     -0.9500909E-03
   0.1552334     -0.5652701E-03
   0.1617214     -0.1824971E-03
   0.1681928      0.1951848E-03
   0.1746504      0.5647601E-03
   0.1810967      0.9232386E-03
   0.1875341      0.1267643E-02
   0.1939651      0.1595000E-02
   0.2003918      0.1902326E-02
   0.2068165      0.2187395E-02
   0.2132410      0.2450724E-02
   0.2196671      0.2693419E-02
   0.2260963      0.2916554E-02
   0.2325300      0.3121183E-02
   0.2389691      0.3308338E-02
   0.2454147      0.3479040E-02
   0.2518673      0.3634302E-02
   0.2583273      0.3775131E-02
   0.2647950      0.3902531E-02
   0.2712703      0.4017509E-02
   0.2777529      0.4121074E-02
   0.2842425      0.4214242E-02
   0.2907382      0.4298033E-02
   0.2972390      0.4373477E-02
   0.3037438      0.4441567E-02
   0.3102511      0.4502568E-02
   0.3167598      0.4556110E-02
   0.3232687      0.4601808E-02
   0.3297768      0.4639283E-02
   0.3362834      0.4668161E-02
   0.3427877      0.4688074E-02
   0.3492893      0.4698659E-02
   0.3557877      0.4699554E-02
   0.3622828      0.4690404E-02
   0.3687744      0.4670852E-02
   0.3752628      0.4640544E-02
   0.3817480      0.4599124E-02
   0.3882304      0.4546236E-02
   0.3947106      0.4481520E-02
   0.4011892      0.4404610E-02
   0.4076671      0.4315340E-02
   0.4141448      0.4214044E-02
   0.4206232      0.4101125E-02
   0.4271029      0.3976985E-02
   0.4335842      0.3842025E-02
   0.4400677      0.3696646E-02
   0.4465536      0.3541248E-02
   0.4530421      0.3376233E-02
   0.4595333      0.3202008E-02
   0.4660272      0.3018980E-02
   0.4725237      0.2827563E-02
   0.4790226      0.2628174E-02
   0.4855236      0.2421236E-02
   0.4920263      0.2207176E-02
   0.4985302      0.1986431E-02
   0.5050347      0.1759493E-02
   0.5115391      0.1527314E-02
   0.5180429      0.1291073E-02
   0.5245457      0.1051951E-02
   0.5310470      0.8111243E-03
   0.5375466      0.5697656E-03
   0.5440441      0.3290436E-03
   0.5505394      0.9012187E-04
   0.5570324     -0.1458412E-03
   0.5635231     -0.3776927E-03
   0.5700115     -0.6042848E-03
   0.5764977     -0.8244749E-03
   0.5829819     -0.1037125E-02
   0.5894645     -0.1241100E-02
   0.5959457     -0.1435269E-02
   0.6024259     -0.1618518E-02
   0.6089056     -0.1790542E-02
   0.6153852     -0.1952192E-02
   0.6218652     -0.2104407E-02
   0.6283460     -0.2248124E-02
   0.6348280     -0.2384278E-02
   0.6413117     -0.2513801E-02
   0.6477974     -0.2637626E-02
   0.6542858     -0.2756687E-02
   0.6607772     -0.2871916E-02
   0.6672721     -0.2984248E-02
   0.6737709     -0.3094621E-02
   0.6802742     -0.3203974E-02
   0.6867824     -0.3313251E-02
   0.6932960     -0.3423400E-02
   0.6998154     -0.3535373E-02
   0.7063412     -0.3649847E-02
   0.7128735     -0.3766236E-02
   0.7194044     -0.3883450E-02
   0.7259289     -0.4000446E-02
   0.7324475     -0.4116291E-02
   0.7389613     -0.4230058E-02
   0.7454716     -0.4340832E-02
   0.7519800     -0.4447702E-02
   0.7584884     -0.4549761E-02
   0.7649993     -0.4646100E-02
   0.7715151     -0.4735804E-02
   0.7780389     -0.4817948E-02
   0.7845705     -0.4891553E-02
   0.7910909     -0.4955464E-02
   0.7975927     -0.5008731E-02
   0.8040718     -0.5050538E-02
   0.8105244     -0.5080809E-02
   0.8169484     -0.5100000E-02
   0.8233427     -0.5108586E-02
   0.8297081     -0.5107035E-02
   0.8360465     -0.5095798E-02
   0.8423611     -0.5075303E-02
   0.8486565     -0.5045941E-02
   0.8549383     -0.5008067E-02
   0.8612132     -0.4961990E-02
   0.8674893     -0.4907970E-02
   0.8737760     -0.4846213E-02
   0.8800840     -0.4776866E-02
   0.8864260     -0.4700010E-02
   0.8928163     -0.4615650E-02
   0.8992721     -0.4523707E-02
   0.9057820     -0.4423963E-02
   0.9122168     -0.4315303E-02
   0.9185666     -0.4194231E-02
   0.9248569     -0.4056821E-02
   0.9311269     -0.3898698E-02
   0.9374311     -0.3714553E-02
   0.9438430     -0.3497368E-02
   0.9502698     -0.3245326E-02
   0.9564047     -0.2969515E-02
   0.9621919     -0.2677254E-02
   0.9676172     -0.2374976E-02
   0.9726891     -0.2067595E-02
   0.9774294     -0.1758640E-02
   0.9818656     -0.1450533E-02
   0.9860262     -0.1144876E-02
   0.9899390     -0.8426918E-03
   0.9936291     -0.5445998E-03
   0.9971193     -0.2509472E-03
    1.000000     -0.6139291E-17
