GOE 575 AIRFOIL
    1.000000     -0.3144170E-17
   0.9966526      0.2439920E-02
   0.9927614      0.5160033E-02
   0.9888319      0.7784039E-02
   0.9848562      0.1031697E-01
   0.9808260      0.1276319E-01
   0.9767325      0.1512644E-01
   0.9725661      0.1740993E-01
   0.9683159      0.1961635E-01
   0.9639700      0.2174793E-01
   0.9595144      0.2380638E-01
   0.9549331      0.2579298E-01
   0.9502069      0.2770845E-01
   0.9453136      0.2955395E-01
   0.9402302      0.3133656E-01
   0.9349331      0.3306575E-01
   0.9293971      0.3475131E-01
   0.9235959      0.3640370E-01
   0.9175039      0.3803440E-01
   0.9110990      0.3965622E-01
   0.9043686      0.4128341E-01
   0.8973177      0.4293127E-01
   0.8899741      0.4460629E-01
   0.8823781      0.4629665E-01
   0.8745806      0.4798696E-01
   0.8666395      0.4966146E-01
   0.8586137      0.5130548E-01
   0.8505576      0.5290670E-01
   0.8425157      0.5445592E-01
   0.8345205      0.5594730E-01
   0.8265918      0.5737804E-01
   0.8187373      0.5874792E-01
   0.8109540      0.6005866E-01
   0.8032297      0.6131337E-01
   0.7955443      0.6251619E-01
   0.7878721      0.6367309E-01
   0.7801892      0.6479101E-01
   0.7724750      0.6587608E-01
   0.7647115      0.6693369E-01
   0.7568832      0.6796870E-01
   0.7489773      0.6898554E-01
   0.7409834      0.6998827E-01
   0.7328946      0.7098068E-01
   0.7247076      0.7196626E-01
   0.7164234      0.7294822E-01
   0.7080486      0.7392940E-01
   0.6995954      0.7491227E-01
   0.6910826      0.7589814E-01
   0.6825316      0.7688434E-01
   0.6739622      0.7786699E-01
   0.6653920      0.7884257E-01
   0.6568356      0.7980788E-01
   0.6483047      0.8076017E-01
   0.6398079      0.8169710E-01
   0.6313505      0.8261674E-01
   0.6229354      0.8351753E-01
   0.6145624      0.8439829E-01
   0.6062289      0.8525810E-01
   0.5979300      0.8609632E-01
   0.5896589      0.8691269E-01
   0.5814086      0.8770759E-01
   0.5731729      0.8848140E-01
   0.5649468      0.8923435E-01
   0.5567262      0.8996653E-01
   0.5485080      0.9067794E-01
   0.5402897      0.9136844E-01
   0.5320701      0.9203783E-01
   0.5238484      0.9268580E-01
   0.5156252      0.9331199E-01
   0.5074015      0.9391596E-01
   0.4991795      0.9449723E-01
   0.4909620      0.9505527E-01
   0.4827522      0.9558936E-01
   0.4745527      0.9609882E-01
   0.4663653      0.9658303E-01
   0.4581913      0.9704143E-01
   0.4500313      0.9747352E-01
   0.4418851      0.9787885E-01
   0.4337520      0.9825697E-01
   0.4256308      0.9860750E-01
   0.4175196      0.9893003E-01
   0.4094159      0.9922417E-01
   0.4013165      0.9948950E-01
   0.3932179      0.9972558E-01
   0.3851164      0.9993192E-01
   0.3770095      0.1001079    
   0.3688964      0.1002530    
   0.3607779      0.1003664    
   0.3526567      0.1004474    
   0.3445369      0.1004955    
   0.3364245      0.1005100    
   0.3283268      0.1004905    
   0.3202530      0.1004365    
   0.3122132      0.1003481    
   0.3042190      0.1002253    
   0.2962827      0.1000683    
   0.2884168      0.9987640E-01
   0.2806321      0.9964675E-01
   0.2729354      0.9937644E-01
   0.2653298      0.9906281E-01
   0.2578157      0.9870342E-01
   0.2503905      0.9829591E-01
   0.2430500      0.9783793E-01
   0.2357876      0.9732711E-01
   0.2285958      0.9676089E-01
   0.2214652      0.9613654E-01
   0.2143855      0.9545097E-01
   0.2073452      0.9470068E-01
   0.2003313      0.9388165E-01
   0.1933299      0.9298958E-01
   0.1863282      0.9202368E-01
   0.1793212      0.9098607E-01
   0.1723137      0.8988026E-01
   0.1653197      0.8871161E-01
   0.1583625      0.8748764E-01
   0.1514735      0.8621815E-01
   0.1446898      0.8491439E-01
   0.1380504      0.8357991E-01
   0.1315866      0.8221127E-01
   0.1253177      0.8080518E-01
   0.1192536      0.7935878E-01
   0.1133967      0.7786959E-01
   0.1077440      0.7633547E-01
   0.1022889      0.7475450E-01
   0.9702275E-01  0.7312503E-01
   0.9193632E-01  0.7144874E-01
   0.8702128E-01  0.6973185E-01
   0.8226975E-01  0.6798008E-01
   0.7767422E-01  0.6619834E-01
   0.7322759E-01  0.6439091E-01
   0.6892267E-01  0.6256183E-01
   0.6475824E-01  0.6071865E-01
   0.6074521E-01  0.5887470E-01
   0.5690103E-01  0.5704703E-01
   0.5324343E-01  0.5525355E-01
   0.4978560E-01  0.5351034E-01
   0.4653504E-01  0.5182877E-01
   0.4349810E-01  0.5020865E-01
   0.4067019E-01  0.4864291E-01
   0.3803813E-01  0.4712297E-01
   0.3558567E-01  0.4564020E-01
   0.3329636E-01  0.4418662E-01
   0.3115489E-01  0.4275505E-01
   0.2914750E-01  0.4133913E-01
   0.2726217E-01  0.3993317E-01
   0.2548843E-01  0.3853209E-01
   0.2381715E-01  0.3713125E-01
   0.2223683E-01  0.3572675E-01
   0.2073473E-01  0.3431690E-01
   0.1930168E-01  0.3290241E-01
   0.1793114E-01  0.3148588E-01
   0.1661840E-01  0.3007126E-01
   0.1535989E-01  0.2866329E-01
   0.1415274E-01  0.2726703E-01
   0.1299446E-01  0.2588741E-01
   0.1188275E-01  0.2452891E-01
   0.1081899E-01  0.2319632E-01
   0.9808295E-02  0.2189412E-01
   0.8853384E-02  0.2062452E-01
   0.7955032E-02  0.1938806E-01
   0.7112780E-02  0.1818421E-01
   0.6325451E-02  0.1701181E-01
   0.5591485E-02  0.1586932E-01
   0.4909165E-02  0.1475506E-01
   0.4276755E-02  0.1366726E-01
   0.3692584E-02  0.1260418E-01
   0.3155100E-02  0.1156411E-01
   0.2662895E-02  0.1054542E-01
   0.2214726E-02  0.9546566E-02
   0.1809516E-02  0.8566091E-02
   0.1446361E-02  0.7602610E-02
   0.1124529E-02  0.6654817E-02
   0.8434609E-03  0.5721475E-02
   0.6027669E-03  0.4801408E-02
   0.4022322E-03  0.3893495E-02
   0.2418183E-03  0.2996656E-02
   0.1216682E-03  0.2109847E-02
   0.4211571E-04  0.1232049E-02
   0.3696653E-05  0.3622617E-03
   0.7165468E-05 -0.5005126E-03
   0.5351657E-04 -0.1357276E-02
   0.1440124E-03 -0.2209048E-02
   0.2802198E-03 -0.3056882E-02
   0.4638006E-03 -0.3901858E-02
   0.6947414E-03 -0.4744930E-02
   0.9723605E-03 -0.5586904E-02
   0.1296242E-02 -0.6428501E-02
   0.1666216E-02 -0.7270359E-02
   0.2082342E-02 -0.8113041E-02
   0.2544891E-02 -0.8957028E-02
   0.3054334E-02 -0.9802720E-02
   0.3611330E-02 -0.1065042E-01
   0.4216707E-02 -0.1150032E-01
   0.4871454E-02 -0.1235247E-01
   0.5576688E-02 -0.1320679E-01
   0.6333627E-02 -0.1406294E-01
   0.7143534E-02 -0.1492035E-01
   0.8007650E-02 -0.1577811E-01
   0.8927076E-02 -0.1663486E-01
   0.9902624E-02 -0.1748868E-01
   0.1093458E-01 -0.1833692E-01
   0.1202241E-01 -0.1917604E-01
   0.1316431E-01 -0.2000137E-01
   0.1435783E-01 -0.2080764E-01
   0.1560342E-01 -0.2159163E-01
   0.1690229E-01 -0.2235080E-01
   0.1825559E-01 -0.2308281E-01
   0.1966456E-01 -0.2378565E-01
   0.2113066E-01 -0.2445767E-01
   0.2265585E-01 -0.2509778E-01
   0.2424289E-01 -0.2570541E-01
   0.2589582E-01 -0.2628065E-01
   0.2762019E-01 -0.2682433E-01
   0.2942214E-01 -0.2733789E-01
   0.3130841E-01 -0.2782317E-01
   0.3328659E-01 -0.2828248E-01
   0.3536509E-01 -0.2871876E-01
   0.3755318E-01 -0.2913586E-01
   0.3986081E-01 -0.2953890E-01
   0.4229829E-01 -0.2993469E-01
   0.4487554E-01 -0.3033239E-01
   0.4760070E-01 -0.3074422E-01
   0.5047770E-01 -0.3118630E-01
   0.5350390E-01 -0.3167575E-01
   0.5667528E-01 -0.3221176E-01
   0.5998698E-01 -0.3278329E-01
   0.6343318E-01 -0.3337535E-01
   0.6700972E-01 -0.3396938E-01
   0.7071784E-01 -0.3454379E-01
   0.7456901E-01 -0.3507416E-01
   0.7859120E-01 -0.3553432E-01
   0.8282657E-01 -0.3591596E-01
   0.8732349E-01 -0.3622430E-01
   0.9213615E-01 -0.3646600E-01
   0.9731992E-01 -0.3665097E-01
   0.1029163     -0.3679553E-01
   0.1089307     -0.3691155E-01
   0.1153333     -0.3699396E-01
   0.1220644     -0.3703695E-01
   0.1290419     -0.3703663E-01
   0.1361797     -0.3699164E-01
   0.1434089     -0.3690279E-01
   0.1506936     -0.3677207E-01
   0.1580374     -0.3660224E-01
   0.1654649     -0.3639932E-01
   0.1729987     -0.3617057E-01
   0.1806567     -0.3592388E-01
   0.1884509     -0.3566810E-01
   0.1963860     -0.3541337E-01
   0.2044562     -0.3517104E-01
   0.2126460     -0.3494748E-01
   0.2209360     -0.3474193E-01
   0.2293068     -0.3455285E-01
   0.2377397     -0.3437837E-01
   0.2462171     -0.3421632E-01
   0.2547234     -0.3406430E-01
   0.2632455     -0.3391977E-01
   0.2717729     -0.3378001E-01
   0.2802978     -0.3364227E-01
   0.2888157     -0.3350371E-01
   0.2973249     -0.3336149E-01
   0.3058265     -0.3321286E-01
   0.3143237     -0.3305715E-01
   0.3228201     -0.3289541E-01
   0.3313183     -0.3272872E-01
   0.3398210     -0.3255817E-01
   0.3483299     -0.3238486E-01
   0.3568467     -0.3220988E-01
   0.3653723     -0.3203437E-01
   0.3739074     -0.3185947E-01
   0.3824519     -0.3168633E-01
   0.3910055     -0.3151612E-01
   0.3995673     -0.3135004E-01
   0.4081360     -0.3118919E-01
   0.4167097     -0.3103401E-01
   0.4252869     -0.3088471E-01
   0.4338658     -0.3074148E-01
   0.4424449     -0.3060452E-01
   0.4510227     -0.3047402E-01
   0.4595976     -0.3035015E-01
   0.4681681     -0.3023309E-01
   0.4767328     -0.3012301E-01
   0.4852905     -0.3002007E-01
   0.4938397     -0.2992443E-01
   0.5023793     -0.2983624E-01
   0.5109081     -0.2975509E-01
   0.5194253     -0.2967936E-01
   0.5279304     -0.2960724E-01
   0.5364235     -0.2953695E-01
   0.5449050     -0.2946671E-01
   0.5533757     -0.2939476E-01
   0.5618372     -0.2931934E-01
   0.5702909     -0.2923870E-01
   0.5787391     -0.2915109E-01
   0.5871844     -0.2905476E-01
   0.5956297     -0.2894794E-01
   0.6040783     -0.2882886E-01
   0.6125340     -0.2869706E-01
   0.6210001     -0.2855369E-01
   0.6294794     -0.2840005E-01
   0.6379738     -0.2823744E-01
   0.6464847     -0.2806719E-01
   0.6550128     -0.2789064E-01
   0.6635581     -0.2770919E-01
   0.6721197     -0.2752424E-01
   0.6806962     -0.2733723E-01
   0.6892852     -0.2714966E-01
   0.6978837     -0.2696303E-01
   0.7064877     -0.2677879E-01
   0.7150930     -0.2659748E-01
   0.7236957     -0.2641906E-01
   0.7322926     -0.2624347E-01
   0.7408813     -0.2607062E-01
   0.7494602     -0.2590040E-01
   0.7580282     -0.2573271E-01
   0.7665850     -0.2556740E-01
   0.7751311     -0.2540434E-01
   0.7836674     -0.2524338E-01
   0.7921957     -0.2508435E-01
   0.8007184     -0.2492707E-01
   0.8092382     -0.2477025E-01
   0.8177548     -0.2460839E-01
   0.8262612     -0.2443517E-01
   0.8347437     -0.2424451E-01
   0.8431819     -0.2403074E-01
   0.8515503     -0.2378876E-01
   0.8598191     -0.2351431E-01
   0.8679562     -0.2320416E-01
   0.8759296     -0.2285622E-01
   0.8837093     -0.2246963E-01
   0.8912694     -0.2204469E-01
   0.8985891     -0.2158271E-01
   0.9056533     -0.2108465E-01
   0.9124526     -0.2054245E-01
   0.9189885     -0.1994517E-01
   0.9252717     -0.1928431E-01
   0.9313182     -0.1855315E-01
   0.9371463     -0.1774617E-01
   0.9427751     -0.1685861E-01
   0.9482233     -0.1588605E-01
   0.9535092     -0.1482449E-01
   0.9586512     -0.1367455E-01
   0.9636658     -0.1243990E-01
   0.9685674     -0.1112351E-01
   0.9733683     -0.9727650E-02
   0.9780792     -0.8254047E-02
   0.9827095     -0.6703931E-02
   0.9872676     -0.5078116E-02
   0.9917611     -0.3377034E-02
   0.9961968     -0.1600771E-02
    1.000000     -0.3144170E-17
