GOE 587 AIRFOIL
    1.000000     -0.1694066E-18
   0.9972166      0.4950363E-03
   0.9938426      0.1084537E-02
   0.9902729      0.1695601E-02
   0.9864847      0.2329907E-02
   0.9824521      0.2989114E-02
   0.9781468      0.3674725E-02
   0.9735383      0.4387815E-02
   0.9685968      0.5128605E-02
   0.9632967      0.5895787E-02
   0.9576243      0.6685568E-02
   0.9515881      0.7490519E-02
   0.9452628      0.8295334E-02
   0.9390197      0.9055102E-02
   0.9328876      0.9773816E-02
   0.9267916      0.1046692E-01
   0.9206762      0.1114645E-01
   0.9145005      0.1182239E-01
   0.9082356      0.1250341E-01
   0.9018680      0.1319698E-01
   0.8954900      0.1389893E-01
   0.8891923      0.1460055E-01
   0.8829554      0.1530265E-01
   0.8767619      0.1600594E-01
   0.8705970      0.1671096E-01
   0.8644477      0.1741808E-01
   0.8583030      0.1812751E-01
   0.8521533      0.1883933E-01
   0.8459903      0.1955345E-01
   0.8398071      0.2026963E-01
   0.8335981      0.2098746E-01
   0.8273588      0.2170636E-01
   0.8210861      0.2242553E-01
   0.8147786      0.2314400E-01
   0.8084361      0.2386055E-01
   0.8020604      0.2457376E-01
   0.7956551      0.2528206E-01
   0.7892386      0.2598336E-01
   0.7828385      0.2667534E-01
   0.7764517      0.2735910E-01
   0.7700738      0.2803581E-01
   0.7637014      0.2870656E-01
   0.7573310      0.2937239E-01
   0.7509598      0.3003427E-01
   0.7445855      0.3069315E-01
   0.7382059      0.3134990E-01
   0.7318195      0.3200537E-01
   0.7254249      0.3266036E-01
   0.7190215      0.3331566E-01
   0.7126087      0.3397198E-01
   0.7061865      0.3463003E-01
   0.6997599      0.3529000E-01
   0.6933407      0.3595099E-01
   0.6869290      0.3661214E-01
   0.6805236      0.3727244E-01
   0.6741236      0.3793089E-01
   0.6677279      0.3858649E-01
   0.6613358      0.3923823E-01
   0.6549464      0.3988511E-01
   0.6485588      0.4052611E-01
   0.6421722      0.4116023E-01
   0.6357859      0.4178643E-01
   0.6293993      0.4240371E-01
   0.6230115      0.4301102E-01
   0.6166221      0.4360734E-01
   0.6102304      0.4419160E-01
   0.6038358      0.4476277E-01
   0.5974378      0.4531980E-01
   0.5910360      0.4586250E-01
   0.5846302      0.4639167E-01
   0.5782201      0.4690818E-01
   0.5718056      0.4741287E-01
   0.5653868      0.4790659E-01
   0.5589637      0.4839019E-01
   0.5525365      0.4886452E-01
   0.5461053      0.4933040E-01
   0.5396704      0.4978869E-01
   0.5332323      0.5024020E-01
   0.5267915      0.5068578E-01
   0.5203484      0.5112625E-01
   0.5139038      0.5156244E-01
   0.5074583      0.5199518E-01
   0.5010127      0.5242528E-01
   0.4945680      0.5285327E-01
   0.4881249      0.5327800E-01
   0.4816841      0.5369771E-01
   0.4752462      0.5411069E-01
   0.4688118      0.5451521E-01
   0.4623812      0.5490958E-01
   0.4559549      0.5529211E-01
   0.4495330      0.5566112E-01
   0.4431158      0.5601495E-01
   0.4367033      0.5635197E-01
   0.4302956      0.5667055E-01
   0.4238925      0.5696907E-01
   0.4174939      0.5724592E-01
   0.4110996      0.5749952E-01
   0.4047092      0.5772827E-01
   0.3983224      0.5793061E-01
   0.3919386      0.5810563E-01
   0.3855577      0.5825356E-01
   0.3791791      0.5837469E-01
   0.3728024      0.5846935E-01
   0.3664272      0.5853781E-01
   0.3600530      0.5858038E-01
   0.3536792      0.5859731E-01
   0.3473054      0.5858888E-01
   0.3409307      0.5855535E-01
   0.3345547      0.5849694E-01
   0.3281767      0.5841389E-01
   0.3217958      0.5830643E-01
   0.3154114      0.5817474E-01
   0.3090227      0.5801902E-01
   0.3026288      0.5783946E-01
   0.2962288      0.5763615E-01
   0.2898219      0.5740854E-01
   0.2834078      0.5715558E-01
   0.2769864      0.5687622E-01
   0.2705583      0.5656943E-01
   0.2641245      0.5623420E-01
   0.2576862      0.5586954E-01
   0.2512453      0.5547452E-01
   0.2448042      0.5504827E-01
   0.2383656      0.5458998E-01
   0.2319327      0.5409894E-01
   0.2255091      0.5357454E-01
   0.2190990      0.5301628E-01
   0.2127067      0.5242378E-01
   0.2063369      0.5179682E-01
   0.1999946      0.5113533E-01
   0.1936850      0.5043898E-01
   0.1874117      0.4970597E-01
   0.1811745      0.4893390E-01
   0.1749695      0.4811986E-01
   0.1687891      0.4726041E-01
   0.1626225      0.4635132E-01
   0.1564550      0.4538743E-01
   0.1502683      0.4436232E-01
   0.1440394      0.4326991E-01
   0.1377466      0.4211151E-01
   0.1314337      0.4090315E-01
   0.1251958      0.3967260E-01
   0.1190122      0.3842582E-01
   0.1128467      0.3716479E-01
   0.1066512      0.3588847E-01
   0.1003667      0.3459358E-01
   0.9413982E-01  0.3331333E-01
   0.8810061E-01  0.3205222E-01
   0.8219760E-01  0.3077378E-01
   0.7631294E-01  0.2942703E-01
   0.7025483E-01  0.2793849E-01
   0.6427340E-01  0.2636179E-01
   0.5855343E-01  0.2475960E-01
   0.5273055E-01  0.2304041E-01
   0.4682097E-01  0.2121381E-01
   0.4183346E-01  0.1962773E-01
   0.3750210E-01  0.1823751E-01
   0.3349045E-01  0.1695436E-01
   0.2947510E-01  0.1568896E-01
   0.2483042E-01  0.1427095E-01
   0.2036825E-01  0.1291410E-01
   0.1657472E-01  0.1158394E-01
   0.1168030E-01  0.9460475E-02
   0.8822355E-02  0.7992063E-02
   0.6954316E-02  0.6925615E-02
   0.5542077E-02  0.6046011E-02
   0.4409908E-02  0.5279588E-02
   0.3475942E-02  0.4591148E-02
   0.2694847E-02  0.3960690E-02
   0.2038884E-02  0.3375567E-02
   0.1490046E-02  0.2827178E-02
   0.1036286E-02  0.2309352E-02
   0.6695272E-03  0.1817475E-02
   0.3845669E-03  0.1347981E-02
   0.1784533E-03  0.8980356E-03
   0.5017395E-04  0.4653257E-03
   0.5582686E-06  0.4791850E-04
   0.3237880E-04 -0.3558452E-03
   0.1504226E-03 -0.7474728E-03
   0.3571929E-03 -0.1129085E-02
   0.6532379E-03 -0.1503262E-02
   0.1041489E-02 -0.1872443E-02
   0.1527781E-02 -0.2239065E-02
   0.2121641E-02 -0.2605750E-02
   0.2837791E-02 -0.2975567E-02
   0.3698992E-02 -0.3352435E-02
   0.4741757E-02 -0.3741886E-02
   0.6029265E-02 -0.4152728E-02
   0.7686431E-02 -0.4601436E-02
   0.1003153E-01 -0.5128137E-02
   0.1444528E-01 -0.5883884E-02
   0.1886573E-01 -0.6370715E-02
   0.2303755E-01 -0.6590099E-02
   0.2811168E-01 -0.6667884E-02
   0.3228796E-01 -0.6656616E-02
   0.3634833E-01 -0.6599960E-02
   0.4069409E-01 -0.6503921E-02
   0.4572600E-01 -0.6363957E-02
   0.5182890E-01 -0.6178119E-02
   0.5770065E-01 -0.5996598E-02
   0.6336729E-01 -0.5809717E-02
   0.6925793E-01 -0.5590954E-02
   0.7553443E-01 -0.5316311E-02
   0.8166415E-01 -0.4999856E-02
   0.8771830E-01 -0.4655660E-02
   0.9385589E-01 -0.4294042E-02
   0.1001566     -0.3929858E-02
   0.1065804     -0.3583113E-02
   0.1129343     -0.3265657E-02
   0.1192375     -0.2973211E-02
   0.1255309     -0.2700960E-02
   0.1318447     -0.2445044E-02
   0.1381996     -0.2202233E-02
   0.1446063     -0.1969732E-02
   0.1510491     -0.1745605E-02
   0.1574635     -0.1530198E-02
   0.1638549     -0.1323511E-02
   0.1702356     -0.1125695E-02
   0.1766155     -0.9370329E-03
   0.1830020     -0.7579305E-03
   0.1894002     -0.5889029E-03
   0.1958127     -0.4305615E-03
   0.2022400     -0.2835915E-03
   0.2086802     -0.1483030E-03
   0.2151312     -0.2435029E-04
   0.2215905      0.8868487E-04
   0.2280483      0.1911323E-03
   0.2345014      0.2834745E-03
   0.2409517      0.3662692E-03
   0.2474004      0.4400615E-03
   0.2538491      0.5053856E-03
   0.2602989      0.5627674E-03
   0.2667508      0.6127261E-03
   0.2732056      0.6557764E-03
   0.2796640      0.6924298E-03
   0.2861257      0.7231927E-03
   0.2925847      0.7485541E-03
   0.2990395      0.7690338E-03
   0.3054900      0.7850020E-03
   0.3119363      0.7958169E-03
   0.3183786      0.8004364E-03
   0.3248170      0.7978207E-03
   0.3312515      0.7869332E-03
   0.3376825      0.7667397E-03
   0.3441100      0.7362084E-03
   0.3505342      0.6943092E-03
   0.3569553      0.6400134E-03
   0.3633735      0.5722930E-03
   0.3697890      0.4901203E-03
   0.3762022      0.3924672E-03
   0.3826131      0.2783049E-03
   0.3890221      0.1466028E-03
   0.3954294     -0.3671787E-05
   0.4018354     -0.1735433E-03
   0.4082403     -0.3630031E-03
   0.4146445     -0.5701887E-03
   0.4210485     -0.7930479E-03
   0.4274525     -0.1029531E-02
   0.4338570     -0.1277588E-02
   0.4402622     -0.1535170E-02
   0.4466685     -0.1800227E-02
   0.4530762     -0.2070707E-02
   0.4594855     -0.2344555E-02
   0.4658967     -0.2619713E-02
   0.4723101     -0.2894117E-02
   0.4787258     -0.3165701E-02
   0.4851442     -0.3432391E-02
   0.4915654     -0.3692109E-02
   0.4979896     -0.3942770E-02
   0.5044169     -0.4182441E-02
   0.5108475     -0.4410938E-02
   0.5172813     -0.4629152E-02
   0.5237184     -0.4837991E-02
   0.5301586     -0.5038363E-02
   0.5366017     -0.5231179E-02
   0.5430477     -0.5417351E-02
   0.5494963     -0.5597792E-02
   0.5559471     -0.5773417E-02
   0.5623998     -0.5945143E-02
   0.5688542     -0.6113886E-02
   0.5753096     -0.6280564E-02
   0.5817657     -0.6446096E-02
   0.5882219     -0.6611399E-02
   0.5946777     -0.6777389E-02
   0.6011323     -0.6944980E-02
   0.6075852     -0.7114621E-02
   0.6140358     -0.7285653E-02
   0.6204838     -0.7457261E-02
   0.6269287     -0.7628635E-02
   0.6333706     -0.7798970E-02
   0.6398094     -0.7967469E-02
   0.6462453     -0.8133337E-02
   0.6526784     -0.8295789E-02
   0.6591093     -0.8454040E-02
   0.6655384     -0.8607313E-02
   0.6719663     -0.8754831E-02
   0.6783940     -0.8895821E-02
   0.6848222     -0.9029507E-02
   0.6912520     -0.9155114E-02
   0.6976847     -0.9271862E-02
   0.7041215     -0.9378958E-02
   0.7105636     -0.9475523E-02
   0.7170119     -0.9560607E-02
   0.7234668     -0.9633241E-02
   0.7299280     -0.9692442E-02
   0.7363875     -0.9737181E-02
   0.7428419     -0.9766515E-02
   0.7492923     -0.9779541E-02
   0.7557405     -0.9775345E-02
   0.7621885     -0.9752995E-02
   0.7686390     -0.9711530E-02
   0.7750949     -0.9649953E-02
   0.7815534     -0.9567303E-02
   0.7879992     -0.9462882E-02
   0.7944269     -0.9335992E-02
   0.8008319     -0.9186008E-02
   0.8072095     -0.9012930E-02
   0.8135560     -0.8818236E-02
   0.8198695     -0.8603596E-02
   0.8261499     -0.8370600E-02
   0.8323986     -0.8120732E-02
   0.8386185     -0.7855360E-02
   0.8448140     -0.7575718E-02
   0.8509905     -0.7282910E-02
   0.8571550     -0.6977898E-02
   0.8633158     -0.6661508E-02
   0.8694825     -0.6334422E-02
   0.8756662     -0.5997180E-02
   0.8818799     -0.5650174E-02
   0.8881388     -0.5293635E-02
   0.8944608     -0.4927627E-02
   0.9008655     -0.4552112E-02
   0.9072548     -0.4174521E-02
   0.9135331     -0.3803388E-02
   0.9197137     -0.3440793E-02
   0.9258251     -0.3087707E-02
   0.9319080     -0.2744323E-02
   0.9380171     -0.2410245E-02
   0.9442250     -0.2084587E-02
   0.9505974     -0.1767747E-02
   0.9567764     -0.1479640E-02
   0.9625850     -0.1226290E-02
   0.9680088     -0.1005015E-02
   0.9730601     -0.8122120E-03
   0.9777651     -0.6441416E-03
   0.9821553     -0.4973297E-03
   0.9862626     -0.3687245E-03
   0.9901172     -0.2557226E-03
   0.9937462     -0.1561349E-03
   0.9971739     -0.6813144E-04
    1.000000     -0.1694066E-18
