GOE 617 AIRFOIL
    1.000000     -0.1016438E-17
   0.9963026      0.8490044E-03
   0.9918430      0.1863987E-02
   0.9871564      0.2920055E-02
   0.9822238      0.4019811E-02
   0.9770264      0.5165607E-02
   0.9715466      0.6359253E-02
   0.9657698      0.7601599E-02
   0.9596873      0.8891954E-02
   0.9533004      0.1022737E-01
   0.9466245      0.1160193E-01
   0.9396921      0.1300809E-01
   0.9325477      0.1443836E-01
   0.9252413      0.1588529E-01
   0.9178228      0.1734243E-01
   0.9103352      0.1880530E-01
   0.9028107      0.2027202E-01
   0.8952670      0.2174343E-01
   0.8877102      0.2321959E-01
   0.8801431      0.2469883E-01
   0.8725688      0.2617946E-01
   0.8649898      0.2765982E-01
   0.8574087      0.2913828E-01
   0.8498278      0.3061324E-01
   0.8422493      0.3208314E-01
   0.8346751      0.3354648E-01
   0.8271069      0.3500180E-01
   0.8195464      0.3644770E-01
   0.8119948      0.3788282E-01
   0.8044532      0.3930588E-01
   0.7969227      0.4071563E-01
   0.7894039      0.4211099E-01
   0.7818974      0.4349104E-01
   0.7744034      0.4485495E-01
   0.7669219      0.4620195E-01
   0.7594526      0.4753134E-01
   0.7519949      0.4884246E-01
   0.7445477      0.5013471E-01
   0.7371101      0.5140755E-01
   0.7296805      0.5266047E-01
   0.7222573      0.5389299E-01
   0.7148385      0.5510467E-01
   0.7074220      0.5629510E-01
   0.7000052      0.5746388E-01
   0.6925856      0.5861086E-01
   0.6851607      0.5973677E-01
   0.6777282      0.6084255E-01
   0.6702865      0.6192904E-01
   0.6628340      0.6299700E-01
   0.6553697      0.6404717E-01
   0.6478928      0.6508019E-01
   0.6404028      0.6609669E-01
   0.6328996      0.6709723E-01
   0.6253836      0.6808232E-01
   0.6178554      0.6905245E-01
   0.6103160      0.7000806E-01
   0.6027669      0.7094955E-01
   0.5952099      0.7187725E-01
   0.5876469      0.7279082E-01
   0.5800800      0.7368946E-01
   0.5725111      0.7457240E-01
   0.5649422      0.7543885E-01
   0.5573753      0.7628806E-01
   0.5498124      0.7711931E-01
   0.5422554      0.7793187E-01
   0.5347061      0.7872507E-01
   0.5271666      0.7949825E-01
   0.5196386      0.8025078E-01
   0.5121241      0.8098205E-01
   0.5046247      0.8169150E-01
   0.4971422      0.8237858E-01
   0.4896783      0.8304253E-01
   0.4822342      0.8368235E-01
   0.4748106      0.8429707E-01
   0.4674077      0.8488580E-01
   0.4600251      0.8544771E-01
   0.4526618      0.8598203E-01
   0.4453164      0.8648799E-01
   0.4379872      0.8696488E-01
   0.4306717      0.8741200E-01
   0.4233672      0.8782863E-01
   0.4160704      0.8821404E-01
   0.4087776      0.8856750E-01
   0.4014848      0.8888820E-01
   0.3941872      0.8917538E-01
   0.3868805      0.8942873E-01
   0.3795614      0.8964812E-01
   0.3722279      0.8983331E-01
   0.3648796      0.8998399E-01
   0.3575172      0.9009983E-01
   0.3501431      0.9018051E-01
   0.3427611      0.9022572E-01
   0.3353765      0.9023525E-01
   0.3279962      0.9020897E-01
   0.3206282      0.9014693E-01
   0.3132820      0.9004933E-01
   0.3059682      0.8991659E-01
   0.2986983      0.8974937E-01
   0.2914841      0.8954776E-01
   0.2843357      0.8931023E-01
   0.2772592      0.8903516E-01
   0.2702572      0.8872102E-01
   0.2633291      0.8836633E-01
   0.2564719      0.8796958E-01
   0.2496800      0.8752914E-01
   0.2429460      0.8704319E-01
   0.2362608      0.8650965E-01
   0.2296133      0.8592606E-01
   0.2229912      0.8528952E-01
   0.2163801      0.8459653E-01
   0.2097637      0.8384285E-01
   0.2031232      0.8302325E-01
   0.1964366      0.8213151E-01
   0.1896803      0.8116492E-01
   0.1828368      0.8012564E-01
   0.1759002      0.7901786E-01
   0.1688785      0.7784859E-01
   0.1617964      0.7662863E-01
   0.1546964      0.7537302E-01
   0.1476384      0.7410069E-01
   0.1406913      0.7282345E-01
   0.1339105      0.7153755E-01
   0.1273266      0.7023634E-01
   0.1209498      0.6891213E-01
   0.1147759      0.6755668E-01
   0.1087913      0.6616132E-01
   0.1029766      0.6471699E-01
   0.9730954E-01  0.6321429E-01
   0.9176974E-01  0.6165111E-01
   0.8635115E-01  0.6003581E-01
   0.8106267E-01  0.5838082E-01
   0.7592365E-01  0.5670191E-01
   0.7095908E-01  0.5501523E-01
   0.6619619E-01  0.5332619E-01
   0.6166163E-01  0.5163881E-01
   0.5737616E-01  0.4995992E-01
   0.5335116E-01  0.4829725E-01
   0.4958797E-01  0.4665795E-01
   0.4608198E-01  0.4504791E-01
   0.4282559E-01  0.4347035E-01
   0.3980221E-01  0.4192453E-01
   0.3699138E-01  0.4040747E-01
   0.3437246E-01  0.3891529E-01
   0.3192632E-01  0.3744381E-01
   0.2963593E-01  0.3598897E-01
   0.2748640E-01  0.3454687E-01
   0.2546486E-01  0.3311386E-01
   0.2355931E-01  0.3168615E-01
   0.2175432E-01  0.3025899E-01
   0.2003912E-01  0.2883193E-01
   0.1840881E-01  0.2740953E-01
   0.1686145E-01  0.2599934E-01
   0.1539596E-01  0.2461004E-01
   0.1401071E-01  0.2324978E-01
   0.1270301E-01  0.2192512E-01
   0.1147072E-01  0.2064109E-01
   0.1031804E-01  0.1940260E-01
   0.9246519E-02  0.1821094E-01
   0.8253964E-02  0.1706460E-01
   0.7336499E-02  0.1596069E-01
   0.6489667E-02  0.1489583E-01
   0.5709016E-02  0.1386656E-01
   0.4990377E-02  0.1286959E-01
   0.4329983E-02  0.1190183E-01
   0.3724505E-02  0.1096050E-01
   0.3171039E-02  0.1004305E-01
   0.2667088E-02  0.9147180E-02
   0.2210530E-02  0.8270803E-02
   0.1799584E-02  0.7412023E-02
   0.1432784E-02  0.6569107E-02
   0.1108958E-02  0.5740458E-02
   0.8272061E-03  0.4924597E-02
   0.5868862E-03  0.4120140E-02
   0.3876086E-03  0.3325781E-02
   0.2292305E-03  0.2540271E-02
   0.1118594E-03  0.1762408E-02
   0.3586053E-04  0.9910109E-03
   0.1873039E-05  0.2249110E-03
   0.1083260E-04 -0.5370706E-03
   0.6400466E-04 -0.1296141E-02
   0.1629861E-03 -0.2053556E-02
   0.3083594E-03 -0.2810527E-02
   0.4993806E-03 -0.3568120E-02
   0.7355495E-03 -0.4327328E-02
   0.1016685E-02 -0.5089096E-02
   0.1342909E-02 -0.5854329E-02
   0.1714636E-02 -0.6623903E-02
   0.2132570E-02 -0.7398673E-02
   0.2597712E-02 -0.8179472E-02
   0.3111367E-02 -0.8967116E-02
   0.3675155E-02 -0.9762394E-02
   0.4291030E-02 -0.1056606E-01
   0.4961294E-02 -0.1137881E-01
   0.5688608E-02 -0.1220124E-01
   0.6475994E-02 -0.1303382E-01
   0.7326810E-02 -0.1387676E-01
   0.8244676E-02 -0.1472990E-01
   0.9233321E-02 -0.1559251E-01
   0.1029627E-01 -0.1646295E-01
   0.1143627E-01 -0.1733819E-01
   0.1265431E-01 -0.1821314E-01
   0.1394999E-01 -0.1908122E-01
   0.1532727E-01 -0.1993930E-01
   0.1679132E-01 -0.2078560E-01
   0.1834694E-01 -0.2161897E-01
   0.1999857E-01 -0.2243932E-01
   0.2175051E-01 -0.2324826E-01
   0.2360748E-01 -0.2404984E-01
   0.2557582E-01 -0.2485142E-01
   0.2766421E-01 -0.2566003E-01
   0.2988166E-01 -0.2647498E-01
   0.3223749E-01 -0.2729389E-01
   0.3474132E-01 -0.2811382E-01
   0.3740315E-01 -0.2893111E-01
   0.4023335E-01 -0.2974133E-01
   0.4324293E-01 -0.3053928E-01
   0.4644410E-01 -0.3131886E-01
   0.4985145E-01 -0.3207314E-01
   0.5348475E-01 -0.3279593E-01
   0.5737270E-01 -0.3348976E-01
   0.6154793E-01 -0.3416277E-01
   0.6604244E-01 -0.3482772E-01
   0.7088061E-01 -0.3550404E-01
   0.7606612E-01 -0.3621958E-01
   0.8156649E-01 -0.3699465E-01
   0.8732109E-01 -0.3781066E-01
   0.9326152E-01 -0.3863761E-01
   0.9933215E-01 -0.3944399E-01
   0.1055069     -0.4020327E-01
   0.1117816     -0.4090852E-01
   0.1181546     -0.4155988E-01
   0.1246247     -0.4215779E-01
   0.1311913     -0.4270302E-01
   0.1378546     -0.4319667E-01
   0.1446158     -0.4364009E-01
   0.1514774     -0.4403496E-01
   0.1584432     -0.4438447E-01
   0.1655166     -0.4469507E-01
   0.1726987     -0.4497421E-01
   0.1799873     -0.4523003E-01
   0.1873760     -0.4547139E-01
   0.1948537     -0.4570792E-01
   0.2024042     -0.4594979E-01
   0.2100066     -0.4620247E-01
   0.2176393     -0.4646265E-01
   0.2252828     -0.4672611E-01
   0.2329206     -0.4698863E-01
   0.2405390     -0.4724614E-01
   0.2481275     -0.4749475E-01
   0.2556791     -0.4773080E-01
   0.2631896     -0.4795085E-01
   0.2706582     -0.4815171E-01
   0.2780864     -0.4833033E-01
   0.2854782     -0.4848384E-01
   0.2928403     -0.4860943E-01
   0.3001811     -0.4870430E-01
   0.3075115     -0.4876646E-01
   0.3148423     -0.4879723E-01
   0.3221834     -0.4879866E-01
   0.3295431     -0.4877262E-01
   0.3369289     -0.4872093E-01
   0.3443469     -0.4864534E-01
   0.3518020     -0.4854761E-01
   0.3592979     -0.4842950E-01
   0.3668369     -0.4829285E-01
   0.3744198     -0.4813958E-01
   0.3820459     -0.4797170E-01
   0.3897127     -0.4779136E-01
   0.3974157     -0.4760084E-01
   0.4051486     -0.4740243E-01
   0.4129037     -0.4719703E-01
   0.4206738     -0.4698451E-01
   0.4284523     -0.4676475E-01
   0.4362334     -0.4653761E-01
   0.4440121     -0.4630295E-01
   0.4517844     -0.4606061E-01
   0.4595474     -0.4581042E-01
   0.4672987     -0.4555222E-01
   0.4750371     -0.4528580E-01
   0.4827621     -0.4501094E-01
   0.4904743     -0.4472739E-01
   0.4981750     -0.4443487E-01
   0.5058662     -0.4413308E-01
   0.5135504     -0.4382194E-01
   0.5212301     -0.4350149E-01
   0.5289073     -0.4317178E-01
   0.5365837     -0.4283283E-01
   0.5442609     -0.4248469E-01
   0.5519402     -0.4212741E-01
   0.5596225     -0.4176104E-01
   0.5673086     -0.4138566E-01
   0.5749989     -0.4100133E-01
   0.5826936     -0.4060815E-01
   0.5903925     -0.4020621E-01
   0.5980955     -0.3979563E-01
   0.6058017     -0.3937653E-01
   0.6135105     -0.3894886E-01
   0.6212208     -0.3851249E-01
   0.6289318     -0.3806731E-01
   0.6366426     -0.3761320E-01
   0.6443520     -0.3715004E-01
   0.6520592     -0.3667774E-01
   0.6597630     -0.3619620E-01
   0.6674625     -0.3570533E-01
   0.6751564     -0.3520505E-01
   0.6828436     -0.3469529E-01
   0.6905230     -0.3417598E-01
   0.6981935     -0.3364706E-01
   0.7058538     -0.3310844E-01
   0.7135028     -0.3255967E-01
   0.7211394     -0.3200007E-01
   0.7287631     -0.3142898E-01
   0.7363732     -0.3084573E-01
   0.7439697     -0.3024963E-01
   0.7515525     -0.2963998E-01
   0.7591219     -0.2901607E-01
   0.7666783     -0.2837718E-01
   0.7742226     -0.2772257E-01
   0.7817555     -0.2705147E-01
   0.7892783     -0.2636309E-01
   0.7967922     -0.2565663E-01
   0.8042989     -0.2493128E-01
   0.8118001     -0.2418690E-01
   0.8192974     -0.2342397E-01
   0.8267922     -0.2264295E-01
   0.8342858     -0.2184435E-01
   0.8417792     -0.2102866E-01
   0.8492730     -0.2019642E-01
   0.8567680     -0.1934815E-01
   0.8642643     -0.1848442E-01
   0.8717623     -0.1760581E-01
   0.8792618     -0.1671295E-01
   0.8867624     -0.1580646E-01
   0.8942638     -0.1488702E-01
   0.9017651     -0.1395533E-01
   0.9092637     -0.1301156E-01
   0.9167464     -0.1205574E-01
   0.9241843     -0.1108981E-01
   0.9315353     -0.1011782E-01
   0.9387479     -0.9145607E-02
   0.9457678     -0.8180113E-02
   0.9525443     -0.7228568E-02
   0.9590378     -0.6297936E-02
   0.9652265     -0.5393769E-02
   0.9711050     -0.4519346E-02
   0.9766794     -0.3676108E-02
   0.9819634     -0.2864193E-02
   0.9869742     -0.2082873E-02
   0.9917312     -0.1330902E-02
   0.9962535     -0.6067517E-03
    1.000000     -0.1016438E-17
