GOE 675 AIRFOIL
   0.9999924      0.1749364E-02
   0.9960244      0.3063423E-02
   0.9912432      0.4641944E-02
   0.9862234      0.6293518E-02
   0.9809450      0.8023935E-02
   0.9753870      0.9839028E-02
   0.9695292      0.1174432E-01
   0.9633534      0.1374449E-01
   0.9568461      0.1584252E-01
   0.9500021      0.1803859E-01
   0.9428292      0.2032893E-01
   0.9353494      0.2270656E-01
   0.9275970      0.2516167E-01
   0.9196149      0.2768229E-01
   0.9114506      0.3025557E-01
   0.9031506      0.3286952E-01
   0.8947546      0.3551442E-01
   0.8862928      0.3818074E-01
   0.8777906      0.4085699E-01
   0.8692718      0.4353208E-01
   0.8607568      0.4619587E-01
   0.8522632      0.4883934E-01
   0.8438046      0.5145479E-01
   0.8353910      0.5403589E-01
   0.8270289      0.5657759E-01
   0.8187213      0.5907609E-01
   0.8104681      0.6152868E-01
   0.8022668      0.6393359E-01
   0.7941120      0.6628991E-01
   0.7859972      0.6859802E-01
   0.7779160      0.7085920E-01
   0.7698628      0.7307458E-01
   0.7618322      0.7524507E-01
   0.7538195      0.7737140E-01
   0.7458201      0.7945410E-01
   0.7378300      0.8149357E-01
   0.7298454      0.8349004E-01
   0.7218627      0.8544362E-01
   0.7138787      0.8735428E-01
   0.7058903      0.8922186E-01
   0.6978949      0.9104611E-01
   0.6898898      0.9282674E-01
   0.6818731      0.9456406E-01
   0.6738434      0.9625852E-01
   0.6657999      0.9791040E-01
   0.6577423      0.9951988E-01
   0.6496708      0.1010870    
   0.6415863      0.1026117    
   0.6334903      0.1040937    
   0.6253848      0.1055330    
   0.6172724      0.1069291    
   0.6091563      0.1082819    
   0.6010404      0.1095908    
   0.5929288      0.1108555    
   0.5848263      0.1120753    
   0.5767365      0.1132494    
   0.5686620      0.1143769    
   0.5606039      0.1154574    
   0.5525623      0.1164905    
   0.5445359      0.1174761    
   0.5365224      0.1184141    
   0.5285182      0.1193045    
   0.5205189      0.1201474    
   0.5125187      0.1209427    
   0.5045108      0.1216906    
   0.4964872      0.1223908    
   0.4884387      0.1230435    
   0.4803560      0.1236503    
   0.4722316      0.1242129    
   0.4640600      0.1247331    
   0.4558380      0.1252122    
   0.4475646      0.1256516    
   0.4392414      0.1260525    
   0.4308730      0.1264160    
   0.4224667      0.1267434    
   0.4140333      0.1270361    
   0.4055866      0.1272954    
   0.3971434      0.1275230    
   0.3887231      0.1277200    
   0.3803459      0.1278840    
   0.3720288      0.1280105    
   0.3637857      0.1280959    
   0.3556272      0.1281367    
   0.3475606      0.1281303    
   0.3395908      0.1280741    
   0.3317199      0.1279662    
   0.3239482      0.1278046    
   0.3162740      0.1275878    
   0.3086944      0.1273144    
   0.3012052      0.1269828    
   0.2938011      0.1265919    
   0.2864767      0.1261404    
   0.2792273      0.1256279    
   0.2720490      0.1250542    
   0.2649383      0.1244187    
   0.2578923      0.1237210    
   0.2509084      0.1229607    
   0.2439845      0.1221372    
   0.2371186      0.1212501    
   0.2303094      0.1202989    
   0.2235556      0.1192830    
   0.2168560      0.1182019    
   0.2102100      0.1170553    
   0.2036170      0.1158426    
   0.1970765      0.1145634    
   0.1905884      0.1132174    
   0.1841535      0.1118054    
   0.1777757      0.1103292    
   0.1714613      0.1087913    
   0.1652191      0.1071954    
   0.1590599      0.1055458    
   0.1529956      0.1038481    
   0.1470390      0.1021082    
   0.1412028      0.1003327    
   0.1354995      0.9852529E-01
   0.1299380      0.9668829E-01
   0.1245232      0.9482367E-01
   0.1192571      0.9293292E-01
   0.1141389      0.9101714E-01
   0.1091665      0.8907707E-01
   0.1043359      0.8711316E-01
   0.9964272E-01  0.8512556E-01
   0.9508164E-01  0.8311431E-01
   0.9064756E-01  0.8108231E-01
   0.8634013E-01  0.7903811E-01
   0.8216513E-01  0.7699312E-01
   0.7813189E-01  0.7496038E-01
   0.7425079E-01  0.7295346E-01
   0.7053129E-01  0.7098505E-01
   0.6698136E-01  0.6906105E-01
   0.6360290E-01  0.6717948E-01
   0.6039063E-01  0.6533593E-01
   0.5733524E-01  0.6352490E-01
   0.5442561E-01  0.6174049E-01
   0.5165008E-01  0.5997676E-01
   0.4899729E-01  0.5822799E-01
   0.4645641E-01  0.5648895E-01
   0.4401642E-01  0.5475898E-01
   0.4166832E-01  0.5304160E-01
   0.3940609E-01  0.5134128E-01
   0.3722574E-01  0.4966298E-01
   0.3512458E-01  0.4801182E-01
   0.3310073E-01  0.4639278E-01
   0.3115265E-01  0.4481047E-01
   0.2927892E-01  0.4326894E-01
   0.2747802E-01  0.4177153E-01
   0.2574820E-01  0.4032082E-01
   0.2408746E-01  0.3891859E-01
   0.2249388E-01  0.3756518E-01
   0.2096790E-01  0.3625426E-01
   0.1951021E-01  0.3497719E-01
   0.1812039E-01  0.3372652E-01
   0.1679722E-01  0.3249592E-01
   0.1553893E-01  0.3128004E-01
   0.1434340E-01  0.3007437E-01
   0.1320832E-01  0.2887517E-01
   0.1213126E-01  0.2767927E-01
   0.1110982E-01  0.2648419E-01
   0.1014233E-01  0.2529041E-01
   0.9227640E-02  0.2410052E-01
   0.8364380E-02  0.2291650E-01
   0.7551064E-02  0.2173985E-01
   0.6786169E-02  0.2057160E-01
   0.6068193E-02  0.1941248E-01
   0.5395687E-02  0.1826297E-01
   0.4767286E-02  0.1712335E-01
   0.4181717E-02  0.1599373E-01
   0.3637812E-02  0.1487413E-01
   0.3134512E-02  0.1376446E-01
   0.2670865E-02  0.1266458E-01
   0.2246030E-02  0.1157426E-01
   0.1859274E-02  0.1049328E-01
   0.1509972E-02  0.9421340E-02
   0.1197603E-02  0.8358142E-02
   0.9217519E-03  0.7303359E-02
   0.6821057E-03  0.6256649E-02
   0.4784560E-03  0.5217658E-02
   0.3106988E-03  0.4186020E-02
   0.1788360E-03  0.3161358E-02
   0.8297823E-04  0.2143286E-02
   0.2334887E-04  0.1131407E-02
   0.2893180E-06  0.1253131E-03
   0.1426597E-04 -0.8754164E-03
   0.6587902E-04 -0.1871216E-02
   0.1558736E-03 -0.2862538E-02
   0.2851535E-03 -0.3849855E-02
   0.4547532E-03 -0.4833652E-02
   0.6649051E-03 -0.5814219E-02
   0.9150465E-03 -0.6791595E-02
   0.1204729E-02 -0.7765743E-02
   0.1533645E-02 -0.8736557E-02
   0.1901620E-02 -0.9703856E-02
   0.2308601E-02 -0.1066738E-01
   0.2754655E-02 -0.1162679E-01
   0.3239956E-02 -0.1258165E-01
   0.3764789E-02 -0.1353142E-01
   0.4329538E-02 -0.1447545E-01
   0.4934690E-02 -0.1541297E-01
   0.5580825E-02 -0.1634303E-01
   0.6268613E-02 -0.1726455E-01
   0.6998812E-02 -0.1817624E-01
   0.7772255E-02 -0.1907659E-01
   0.8589847E-02 -0.1996383E-01
   0.9452545E-02 -0.2083590E-01
   0.1036135E-01 -0.2169040E-01
   0.1131726E-01 -0.2252452E-01
   0.1232127E-01 -0.2333500E-01
   0.1337429E-01 -0.2411804E-01
   0.1447716E-01 -0.2486967E-01
   0.1563091E-01 -0.2558930E-01
   0.1683668E-01 -0.2627836E-01
   0.1809552E-01 -0.2693866E-01
   0.1940832E-01 -0.2757236E-01
   0.2077577E-01 -0.2818206E-01
   0.2219823E-01 -0.2877093E-01
   0.2367564E-01 -0.2934276E-01
   0.2520738E-01 -0.2990210E-01
   0.2679209E-01 -0.3045435E-01
   0.2842880E-01 -0.3100305E-01
   0.3011855E-01 -0.3154688E-01
   0.3186258E-01 -0.3208372E-01
   0.3366213E-01 -0.3261127E-01
   0.3551846E-01 -0.3312700E-01
   0.3743296E-01 -0.3362818E-01
   0.3940720E-01 -0.3411184E-01
   0.4144307E-01 -0.3457478E-01
   0.4354297E-01 -0.3501356E-01
   0.4571000E-01 -0.3542443E-01
   0.4794833E-01 -0.3580329E-01
   0.5026354E-01 -0.3614556E-01
   0.5266334E-01 -0.3644613E-01
   0.5515792E-01 -0.3670209E-01
   0.5775943E-01 -0.3691374E-01
   0.6048176E-01 -0.3708177E-01
   0.6334069E-01 -0.3720726E-01
   0.6635388E-01 -0.3729199E-01
   0.6954055E-01 -0.3733893E-01
   0.7292034E-01 -0.3735299E-01
   0.7651080E-01 -0.3734211E-01
   0.8032340E-01 -0.3731561E-01
   0.8436409E-01 -0.3727274E-01
   0.8863519E-01 -0.3720877E-01
   0.9313613E-01 -0.3711814E-01
   0.9786588E-01 -0.3699434E-01
   0.1028277     -0.3682972E-01
   0.1080342     -0.3661765E-01
   0.1135031     -0.3635622E-01
   0.1192514     -0.3604493E-01
   0.1252945     -0.3568453E-01
   0.1316443     -0.3527763E-01
   0.1383067     -0.3482932E-01
   0.1452788     -0.3434788E-01
   0.1525456     -0.3384544E-01
   0.1600775     -0.3333318E-01
   0.1678340     -0.3281107E-01
   0.1757695     -0.3227636E-01
   0.1838396     -0.3172542E-01
   0.1920062     -0.3115363E-01
   0.2002419     -0.3055533E-01
   0.2085331     -0.2992497E-01
   0.2168757     -0.2926381E-01
   0.2252671     -0.2857596E-01
   0.2337048     -0.2786573E-01
   0.2421867     -0.2713754E-01
   0.2507110     -0.2639600E-01
   0.2592762     -0.2564579E-01
   0.2678811     -0.2489173E-01
   0.2765250     -0.2413872E-01
   0.2852075     -0.2339177E-01
   0.2939288     -0.2265596E-01
   0.3026896     -0.2193646E-01
   0.3114907     -0.2123674E-01
   0.3203328     -0.2055629E-01
   0.3292159     -0.1989402E-01
   0.3381396     -0.1924887E-01
   0.3471030     -0.1861975E-01
   0.3561045     -0.1800559E-01
   0.3651420     -0.1740530E-01
   0.3742129     -0.1681779E-01
   0.3833138     -0.1624195E-01
   0.3924406     -0.1567668E-01
   0.4015885     -0.1512086E-01
   0.4107525     -0.1457377E-01
   0.4199272     -0.1403585E-01
   0.4291080     -0.1350772E-01
   0.4382908     -0.1298993E-01
   0.4474722     -0.1248299E-01
   0.4566493     -0.1198736E-01
   0.4658198     -0.1150346E-01
   0.4749821     -0.1103166E-01
   0.4841351     -0.1057229E-01
   0.4932783     -0.1012564E-01
   0.5024121     -0.9691964E-02
   0.5115369     -0.9271455E-02
   0.5206539     -0.8864167E-02
   0.5297642     -0.8470140E-02
   0.5388691     -0.8089414E-02
   0.5479700     -0.7722030E-02
   0.5570687     -0.7368031E-02
   0.5661669     -0.7027464E-02
   0.5752665     -0.6700379E-02
   0.5843698     -0.6386834E-02
   0.5934791     -0.6086895E-02
   0.6025968     -0.5800632E-02
   0.6117255     -0.5527877E-02
   0.6208677     -0.5267994E-02
   0.6300249     -0.5020315E-02
   0.6391982     -0.4784189E-02
   0.6483882     -0.4558980E-02
   0.6575947     -0.4344061E-02
   0.6668169     -0.4138812E-02
   0.6760533     -0.3942615E-02
   0.6853017     -0.3754855E-02
   0.6945593     -0.3574917E-02
   0.7038226     -0.3402193E-02
   0.7130876     -0.3236458E-02
   0.7223505     -0.3077989E-02
   0.7316084     -0.2927074E-02
   0.7408587     -0.2783980E-02
   0.7500998     -0.2648959E-02
   0.7593306     -0.2522243E-02
   0.7685506     -0.2404052E-02
   0.7777599     -0.2294597E-02
   0.7869595     -0.2194079E-02
   0.7961506     -0.2102697E-02
   0.8053354     -0.2020631E-02
   0.8145156     -0.1947780E-02
   0.8236914     -0.1883821E-02
   0.8328606     -0.1828436E-02
   0.8420186     -0.1781312E-02
   0.8511588     -0.1742133E-02
   0.8602723     -0.1710565E-02
   0.8693484     -0.1686261E-02
   0.8783746     -0.1668847E-02
   0.8873370     -0.1657925E-02
   0.8962208     -0.1653070E-02
   0.9050104     -0.1653809E-02
   0.9136852     -0.1659178E-02
   0.9222095     -0.1667829E-02
   0.9305341     -0.1678446E-02
   0.9386050     -0.1689809E-02
   0.9463711     -0.1700858E-02
   0.9537914     -0.1710759E-02
   0.9608411     -0.1719228E-02
   0.9675148     -0.1726389E-02
   0.9738225     -0.1732392E-02
   0.9797830     -0.1737381E-02
   0.9854195     -0.1741489E-02
   0.9907571     -0.1744832E-02
   0.9958204     -0.1747511E-02
    1.000008     -0.1749364E-02
