GOE 646 AIRFOIL
    1.000000      0.1043540E-17
   0.9955219      0.1803434E-02
   0.9902158      0.3898169E-02
   0.9847496      0.6008616E-02
   0.9791134      0.8134621E-02
   0.9732965      0.1027591E-01
   0.9672872      0.1243208E-01
   0.9610729      0.1460252E-01
   0.9546397      0.1678643E-01
   0.9479728      0.1898269E-01
   0.9410567      0.2119167E-01
   0.9338782      0.2341948E-01
   0.9264270      0.2567394E-01
   0.9186973      0.2796343E-01
   0.9106900      0.3029659E-01
   0.9024162      0.3268190E-01
   0.8939004      0.3512677E-01
   0.8851789      0.3762934E-01
   0.8762934      0.4017577E-01
   0.8672882      0.4275039E-01
   0.8582074      0.4533744E-01
   0.8490925      0.4792206E-01
   0.8399791      0.5049110E-01
   0.8308958      0.5303364E-01
   0.8218635      0.5554122E-01
   0.8128954      0.5800780E-01
   0.8039970      0.6042961E-01
   0.7951676      0.6280484E-01
   0.7864008      0.6513337E-01
   0.7776879      0.6741607E-01
   0.7690206      0.6965376E-01
   0.7603912      0.7184714E-01
   0.7517920      0.7399674E-01
   0.7432158      0.7610296E-01
   0.7346555      0.7816605E-01
   0.7261042      0.8018614E-01
   0.7175551      0.8216323E-01
   0.7090014      0.8409721E-01
   0.7004363      0.8598781E-01
   0.6918528      0.8783466E-01
   0.6832443      0.8963811E-01
   0.6746049      0.9140064E-01
   0.6659302      0.9312491E-01
   0.6572166      0.9481324E-01
   0.6484616      0.9646776E-01
   0.6396640      0.9809032E-01
   0.6308240      0.9968261E-01
   0.6219428      0.1012461    
   0.6130234      0.1027821    
   0.6040701      0.1042917    
   0.5950889      0.1057759    
   0.5860871      0.1072353    
   0.5770731      0.1086686    
   0.5680553      0.1100725    
   0.5590422      0.1114441    
   0.5500425      0.1127803    
   0.5410646      0.1140784    
   0.5321172      0.1153358    
   0.5232086      0.1165501    
   0.5143468      0.1177190    
   0.5055396      0.1188408    
   0.4967943      0.1199136    
   0.4881177      0.1209360    
   0.4795163      0.1219062    
   0.4709944      0.1228213    
   0.4625536      0.1236788    
   0.4541931      0.1244767    
   0.4459098      0.1252133    
   0.4376989      0.1258872    
   0.4295539      0.1264972    
   0.4214668      0.1270420    
   0.4134284      0.1275203    
   0.4054283      0.1279308    
   0.3974547      0.1282718    
   0.3894948      0.1285415    
   0.3815343      0.1287383    
   0.3735596      0.1288640    
   0.3655598      0.1289206    
   0.3575271      0.1289097    
   0.3494564      0.1288330    
   0.3413456      0.1286919    
   0.3331961      0.1284879    
   0.3250129      0.1282229    
   0.3168045      0.1278991    
   0.3085835      0.1275190    
   0.3003662      0.1270858    
   0.2921724      0.1266034    
   0.2840249      0.1260759    
   0.2759473      0.1255028    
   0.2679598      0.1248817    
   0.2600779      0.1242102    
   0.2523127      0.1234865    
   0.2446711      0.1227090    
   0.2371568      0.1218763    
   0.2297705      0.1209872    
   0.2225108      0.1200405    
   0.2153743      0.1190350    
   0.2083562      0.1179695    
   0.2014507      0.1168427    
   0.1946512      0.1156530    
   0.1879503      0.1143989    
   0.1813415      0.1130803    
   0.1748228      0.1117001    
   0.1683978      0.1102627    
   0.1620752      0.1087736    
   0.1558672      0.1072396    
   0.1497881      0.1056684    
   0.1438532      0.1040687    
   0.1380778      0.1024492    
   0.1324765      0.1008136    
   0.1270585      0.9916115E-01
   0.1218270      0.9749082E-01
   0.1167803      0.9580129E-01
   0.1119133      0.9409108E-01
   0.1072190      0.9235860E-01
   0.1026893      0.9060221E-01
   0.9831546E-01  0.8882023E-01
   0.9408850E-01  0.8701097E-01
   0.8999950E-01  0.8517347E-01
   0.8603869E-01  0.8331420E-01
   0.8219914E-01  0.8144413E-01
   0.7847743E-01  0.7957451E-01
   0.7487245E-01  0.7771648E-01
   0.7138442E-01  0.7588078E-01
   0.6801407E-01  0.7407728E-01
   0.6476307E-01  0.7231127E-01
   0.6163366E-01  0.7058094E-01
   0.5862628E-01  0.6888380E-01
   0.5573972E-01  0.6721749E-01
   0.5297142E-01  0.6557982E-01
   0.5031790E-01  0.6396871E-01
   0.4777500E-01  0.6238228E-01
   0.4533812E-01  0.6081877E-01
   0.4300284E-01  0.5927665E-01
   0.4076668E-01  0.5775479E-01
   0.3862714E-01  0.5625194E-01
   0.3658106E-01  0.5476672E-01
   0.3462489E-01  0.5329766E-01
   0.3275492E-01  0.5184328E-01
   0.3096745E-01  0.5040211E-01
   0.2925882E-01  0.4897274E-01
   0.2762555E-01  0.4755381E-01
   0.2606429E-01  0.4614402E-01
   0.2457192E-01  0.4474215E-01
   0.2314549E-01  0.4334704E-01
   0.2178226E-01  0.4195759E-01
   0.2047940E-01  0.4057275E-01
   0.1923261E-01  0.3919146E-01
   0.1803759E-01  0.3781315E-01
   0.1689077E-01  0.3643773E-01
   0.1578912E-01  0.3506554E-01
   0.1473004E-01  0.3369722E-01
   0.1371125E-01  0.3233369E-01
   0.1273072E-01  0.3097602E-01
   0.1178659E-01  0.2962542E-01
   0.1087715E-01  0.2828313E-01
   0.1000078E-01  0.2695043E-01
   0.9157329E-02  0.2562905E-01
   0.8348877E-02  0.2432128E-01
   0.7577063E-02  0.2302882E-01
   0.6842920E-02  0.2175275E-01
   0.6147017E-02  0.2049364E-01
   0.5489584E-02  0.1925173E-01
   0.4870608E-02  0.1802694E-01
   0.4289916E-02  0.1681900E-01
   0.3747228E-02  0.1562749E-01
   0.3242212E-02  0.1445184E-01
   0.2774514E-02  0.1329144E-01
   0.2343786E-02  0.1214561E-01
   0.1949711E-02  0.1101361E-01
   0.1592016E-02  0.9894703E-02
   0.1270485E-02  0.8788126E-02
   0.9849754E-03  0.7693106E-02
   0.7354192E-03  0.6608863E-02
   0.5218379E-03  0.5534612E-02
   0.3443477E-03  0.4469567E-02
   0.2031693E-03  0.3412933E-02
   0.9863658E-04  0.2363910E-02
   0.3120691E-04  0.1321688E-02
   0.1473308E-05  0.2854416E-03
   0.1017848E-04 -0.7456770E-03
   0.5823188E-04 -0.1772541E-02
   0.1467303E-03 -0.2796060E-02
   0.2767968E-03 -0.3817169E-02
   0.4482753E-03 -0.4836682E-02
   0.6604862E-03 -0.5855286E-02
   0.9129292E-03 -0.6873603E-02
   0.1205272E-02 -0.7892192E-02
   0.1537336E-02 -0.8911552E-02
   0.1909087E-02 -0.9932127E-02
   0.2320624E-02 -0.1095430E-01
   0.2772173E-02 -0.1197841E-01
   0.3264082E-02 -0.1300471E-01
   0.3796809E-02 -0.1403340E-01
   0.4370923E-02 -0.1506459E-01
   0.4987089E-02 -0.1609831E-01
   0.5646064E-02 -0.1713448E-01
   0.6348679E-02 -0.1817288E-01
   0.7095828E-02 -0.1921315E-01
   0.7888443E-02 -0.2025474E-01
   0.8727463E-02 -0.2129689E-01
   0.9613790E-02 -0.2233855E-01
   0.1054824E-01 -0.2337835E-01
   0.1153145E-01 -0.2441452E-01
   0.1256380E-01 -0.2544483E-01
   0.1364529E-01 -0.2646647E-01
   0.1477532E-01 -0.2747596E-01
   0.1595322E-01 -0.2847013E-01
   0.1717951E-01 -0.2944838E-01
   0.1845487E-01 -0.3041083E-01
   0.1977988E-01 -0.3135789E-01
   0.2115503E-01 -0.3229033E-01
   0.2258077E-01 -0.3320931E-01
   0.2405750E-01 -0.3411647E-01
   0.2558569E-01 -0.3501396E-01
   0.2716593E-01 -0.3590452E-01
   0.2879906E-01 -0.3679144E-01
   0.3048677E-01 -0.3767623E-01
   0.3223140E-01 -0.3855847E-01
   0.3403547E-01 -0.3943764E-01
   0.3590164E-01 -0.4031316E-01
   0.3783272E-01 -0.4118439E-01
   0.3983168E-01 -0.4205059E-01
   0.4190168E-01 -0.4291095E-01
   0.4404608E-01 -0.4376456E-01
   0.4626842E-01 -0.4461042E-01
   0.4857247E-01 -0.4544736E-01
   0.5096219E-01 -0.4627410E-01
   0.5344176E-01 -0.4708918E-01
   0.5601572E-01 -0.4789118E-01
   0.5868963E-01 -0.4868000E-01
   0.6146964E-01 -0.4945617E-01
   0.6436216E-01 -0.5022050E-01
   0.6737373E-01 -0.5097409E-01
   0.7051093E-01 -0.5171848E-01
   0.7378009E-01 -0.5245567E-01
   0.7718696E-01 -0.5318831E-01
   0.8073623E-01 -0.5391967E-01
   0.8443187E-01 -0.5465050E-01
   0.8827788E-01 -0.5537727E-01
   0.9227782E-01 -0.5609565E-01
   0.9643503E-01 -0.5680072E-01
   0.1007529     -0.5748706E-01
   0.1052355     -0.5814869E-01
   0.1098882     -0.5878015E-01
   0.1147165     -0.5937830E-01
   0.1197253     -0.5994039E-01
   0.1249183     -0.6046377E-01
   0.1302981     -0.6094590E-01
   0.1358657     -0.6138453E-01
   0.1416205     -0.6177782E-01
   0.1475600     -0.6212444E-01
   0.1536800     -0.6242373E-01
   0.1599750     -0.6267543E-01
   0.1664385     -0.6287697E-01
   0.1730635     -0.6302465E-01
   0.1798423     -0.6311504E-01
   0.1867669     -0.6314502E-01
   0.1938303     -0.6311177E-01
   0.2010266     -0.6301275E-01
   0.2083527     -0.6284563E-01
   0.2158081     -0.6260909E-01
   0.2233930     -0.6230309E-01
   0.2311072     -0.6192797E-01
   0.2389502     -0.6148442E-01
   0.2469209     -0.6097353E-01
   0.2550175     -0.6039681E-01
   0.2632378     -0.5975625E-01
   0.2715789     -0.5905433E-01
   0.2800372     -0.5829403E-01
   0.2886086     -0.5747892E-01
   0.2972882     -0.5661306E-01
   0.3060704     -0.5570112E-01
   0.3149495     -0.5474769E-01
   0.3239194     -0.5375641E-01
   0.3329739     -0.5273109E-01
   0.3421064     -0.5167589E-01
   0.3513101     -0.5059524E-01
   0.3605782     -0.4949386E-01
   0.3699037     -0.4837671E-01
   0.3792797     -0.4724892E-01
   0.3886995     -0.4611576E-01
   0.3981565     -0.4498263E-01
   0.4076446     -0.4385486E-01
   0.4171576     -0.4273487E-01
   0.4266897     -0.4162147E-01
   0.4362364     -0.4051309E-01
   0.4457942     -0.3940798E-01
   0.4553608     -0.3830423E-01
   0.4649352     -0.3719979E-01
   0.4745179     -0.3609244E-01
   0.4841102     -0.3497979E-01
   0.4937152     -0.3385931E-01
   0.5033369     -0.3272825E-01
   0.5129808     -0.3158440E-01
   0.5226518     -0.3042789E-01
   0.5323521     -0.2925962E-01
   0.5420809     -0.2808088E-01
   0.5518341     -0.2689337E-01
   0.5616045     -0.2569921E-01
   0.5713815     -0.2450097E-01
   0.5811512     -0.2330163E-01
   0.5908968     -0.2210456E-01
   0.6005988     -0.2091342E-01
   0.6102356     -0.1973262E-01
   0.6197882     -0.1856902E-01
   0.6292443     -0.1742941E-01
   0.6385979     -0.1631937E-01
   0.6478486     -0.1524348E-01
   0.6570011     -0.1420542E-01
   0.6660638     -0.1320816E-01
   0.6750489     -0.1225415E-01
   0.6839716     -0.1134546E-01
   0.6928497     -0.1048397E-01
   0.7017043     -0.9671479E-02
   0.7105588     -0.8908175E-02
   0.7194350     -0.8189662E-02
   0.7283509     -0.7511319E-02
   0.7373205     -0.6869074E-02
   0.7463536     -0.6259255E-02
   0.7554557     -0.5678485E-02
   0.7646274     -0.5123600E-02
   0.7738641     -0.4591588E-02
   0.7831550     -0.4079549E-02
   0.7924830     -0.3584680E-02
   0.8018245     -0.3104280E-02
   0.8111508     -0.2637881E-02
   0.8204339     -0.2190018E-02
   0.8296513     -0.1765479E-02
   0.8387854     -0.1368458E-02
   0.8478241     -0.1002560E-02
   0.8567599     -0.6708476E-03
   0.8655895     -0.3759094E-03
   0.8743133     -0.1199488E-03
   0.8829345      0.9512654E-04
   0.8914590      0.2676128E-03
   0.8998947      0.3959231E-03
   0.9082505      0.4799650E-03
   0.9165279      0.5254505E-03
   0.9247142      0.5392939E-03
   0.9327843      0.5282334E-03
   0.9407038      0.4988591E-03
   0.9484335      0.4574897E-03
   0.9559343      0.4095820E-03
   0.9631741      0.3573193E-03
   0.9701341      0.3015061E-03
   0.9768066      0.2428700E-03
   0.9831930      0.1820467E-03
   0.9893007      0.1195756E-03
   0.9951410      0.5590383E-04
    1.000000      0.1043540E-17
