Gottingen 765 airfoil (recovered). Thick: .144 L
    1.000000     -0.7589365E-18
   0.9960534      0.2405789E-03
   0.9912386      0.5530954E-03
   0.9861325      0.9073261E-03
   0.9807361      0.1306796E-02
   0.9750550      0.1754491E-02
   0.9690982      0.2253017E-02
   0.9628800      0.2804225E-02
   0.9564193      0.3408965E-02
   0.9497377      0.4067489E-02
   0.9428584      0.4779610E-02
   0.9358038      0.5544676E-02
   0.9285951      0.6361151E-02
   0.9212530      0.7226951E-02
   0.9137951      0.8140680E-02
   0.9062361      0.9099976E-02
   0.8985898      0.1010240E-01
   0.8908677      0.1114630E-01
   0.8830775      0.1223013E-01
   0.8752260      0.1335106E-01
   0.8673206      0.1450711E-01
   0.8593651      0.1569689E-01
   0.8513638      0.1691824E-01
   0.8433187      0.1817021E-01
   0.8352316      0.1944974E-01
   0.8271073      0.2075567E-01
   0.8189438      0.2208692E-01
   0.8107451      0.2344003E-01
   0.8025126      0.2481496E-01
   0.7942464      0.2620909E-01
   0.7859492      0.2762143E-01
   0.7776198      0.2904998E-01
   0.7692624      0.3049195E-01
   0.7608790      0.3194637E-01
   0.7524717      0.3341098E-01
   0.7440447      0.3488364E-01
   0.7356019      0.3636269E-01
   0.7271482      0.3784540E-01
   0.7186913      0.3932818E-01
   0.7102375      0.4080858E-01
   0.7017924      0.4228507E-01
   0.6933616      0.4375553E-01
   0.6849479      0.4521717E-01
   0.6765516      0.4666858E-01
   0.6681733      0.4810934E-01
   0.6598158      0.4953776E-01
   0.6514784      0.5095202E-01
   0.6431600      0.5235158E-01
   0.6348617      0.5373585E-01
   0.6265832      0.5510277E-01
   0.6183225      0.5645232E-01
   0.6100808      0.5778353E-01
   0.6018564      0.5909584E-01
   0.5936517      0.6038832E-01
   0.5854641      0.6165869E-01
   0.5772919      0.6290856E-01
   0.5691383      0.6413582E-01
   0.5610001      0.6533933E-01
   0.5528766      0.6651938E-01
   0.5447685      0.6767525E-01
   0.5366753      0.6880601E-01
   0.5285967      0.6991150E-01
   0.5205340      0.7099047E-01
   0.5124854      0.7204196E-01
   0.5044508      0.7306587E-01
   0.4964300      0.7406113E-01
   0.4884220      0.7502764E-01
   0.4804273      0.7596516E-01
   0.4724469      0.7687276E-01
   0.4644803      0.7774932E-01
   0.4565267      0.7859460E-01
   0.4485864      0.7940790E-01
   0.4406589      0.8018875E-01
   0.4327440      0.8093707E-01
   0.4248437      0.8165240E-01
   0.4169577      0.8233266E-01
   0.4090836      0.8297843E-01
   0.4012240      0.8358980E-01
   0.3933796      0.8416519E-01
   0.3855497      0.8470396E-01
   0.3777345      0.8520607E-01
   0.3699352      0.8567097E-01
   0.3621523      0.8609805E-01
   0.3543873      0.8648728E-01
   0.3466423      0.8683758E-01
   0.3389182      0.8714798E-01
   0.3312157      0.8741845E-01
   0.3235384      0.8764950E-01
   0.3158909      0.8784002E-01
   0.3082766      0.8798976E-01
   0.3007018      0.8809808E-01
   0.2931723      0.8816212E-01
   0.2856892      0.8817787E-01
   0.2782494      0.8814358E-01
   0.2708521      0.8805937E-01
   0.2634997      0.8792499E-01
   0.2561936      0.8773820E-01
   0.2489317      0.8749794E-01
   0.2417163      0.8720494E-01
   0.2345502      0.8685731E-01
   0.2274330      0.8645407E-01
   0.2203667      0.8599530E-01
   0.2133541      0.8548020E-01
   0.2063974      0.8490806E-01
   0.1994990      0.8427851E-01
   0.1926619      0.8359145E-01
   0.1858897      0.8284690E-01
   0.1791871      0.8204484E-01
   0.1725582      0.8118498E-01
   0.1660071      0.8026757E-01
   0.1595389      0.7929344E-01
   0.1531594      0.7826389E-01
   0.1468757      0.7718011E-01
   0.1406944      0.7604313E-01
   0.1346221      0.7485509E-01
   0.1286666      0.7361891E-01
   0.1228367      0.7233750E-01
   0.1171408      0.7101402E-01
   0.1115872      0.6965188E-01
   0.1061836      0.6825524E-01
   0.1009375      0.6682899E-01
   0.9585631E-01  0.6537817E-01
   0.9094680E-01  0.6390798E-01
   0.8621443E-01  0.6242319E-01
   0.8166272E-01  0.6092832E-01
   0.7729340E-01  0.5942824E-01
   0.7310734E-01  0.5792822E-01
   0.6910441E-01  0.5643293E-01
   0.6528327E-01  0.5494598E-01
   0.6164080E-01  0.5347057E-01
   0.5817256E-01  0.5200942E-01
   0.5487305E-01  0.5056488E-01
   0.5173588E-01  0.4913888E-01
   0.4875465E-01  0.4773282E-01
   0.4592310E-01  0.4634796E-01
   0.4323481E-01  0.4498544E-01
   0.4068318E-01  0.4364591E-01
   0.3826125E-01  0.4232924E-01
   0.3596183E-01  0.4103505E-01
   0.3377802E-01  0.3976298E-01
   0.3170342E-01  0.3851246E-01
   0.2973203E-01  0.3728261E-01
   0.2785797E-01  0.3607255E-01
   0.2607570E-01  0.3488161E-01
   0.2438000E-01  0.3370925E-01
   0.2276623E-01  0.3255469E-01
   0.2123031E-01  0.3141672E-01
   0.1976824E-01  0.3029420E-01
   0.1837622E-01  0.2918614E-01
   0.1705081E-01  0.2809184E-01
   0.1578877E-01  0.2701073E-01
   0.1458714E-01  0.2594224E-01
   0.1344364E-01  0.2488526E-01
   0.1235619E-01  0.2383851E-01
   0.1132264E-01  0.2280079E-01
   0.1034084E-01  0.2177107E-01
   0.9408951E-02  0.2074911E-01
   0.8525350E-02  0.1973511E-01
   0.7688511E-02  0.1872930E-01
   0.6896962E-02  0.1773190E-01
   0.6149429E-02  0.1674296E-01
   0.5445877E-02  0.1576100E-01
   0.4786639E-02  0.1478388E-01
   0.4171759E-02  0.1380963E-01
   0.3601073E-02  0.1283641E-01
   0.3074274E-02  0.1186256E-01
   0.2590958E-02  0.1088650E-01
   0.2150640E-02  0.9907906E-02
   0.1752735E-02  0.8928822E-02
   0.1396625E-02  0.7951200E-02
   0.1081720E-02  0.6976581E-02
   0.8074929E-03  0.6006164E-02
   0.5735183E-03  0.5040868E-02
   0.3794923E-03  0.4081381E-02
   0.2252562E-03  0.3128197E-02
   0.1108153E-03  0.2181656E-02
   0.3635949E-04  0.1241961E-02
   0.2284028E-05  0.3092033E-03
   0.9215191E-05 -0.6166219E-03
   0.5804055E-04 -0.1535607E-02
   0.1499473E-03 -0.2447925E-02
   0.2864711E-03 -0.3353822E-02
   0.4693758E-03 -0.4253672E-02
   0.6988963E-03 -0.5148384E-02
   0.9744331E-03 -0.6039047E-02
   0.1295671E-02 -0.6926582E-02
   0.1662560E-02 -0.7811744E-02
   0.2075279E-02 -0.8695123E-02
   0.2534205E-02 -0.9577131E-02
   0.3039877E-02 -0.1045798E-01
   0.3592955E-02 -0.1133765E-01
   0.4194162E-02 -0.1221584E-01
   0.4844215E-02 -0.1309191E-01
   0.5543720E-02 -0.1396480E-01
   0.6293036E-02 -0.1483294E-01
   0.7092089E-02 -0.1569408E-01
   0.7940120E-02 -0.1654523E-01
   0.8835849E-02 -0.1738310E-01
   0.9779334E-02 -0.1820707E-01
   0.1077113E-01 -0.1901779E-01
   0.1181182E-01 -0.1981652E-01
   0.1290217E-01 -0.2060515E-01
   0.1404330E-01 -0.2138642E-01
   0.1523697E-01 -0.2216310E-01
   0.1648558E-01 -0.2293583E-01
   0.1779164E-01 -0.2370462E-01
   0.1915751E-01 -0.2446934E-01
   0.2058531E-01 -0.2522971E-01
   0.2207777E-01 -0.2598593E-01
   0.2363820E-01 -0.2673878E-01
   0.2527018E-01 -0.2748935E-01
   0.2697768E-01 -0.2823875E-01
   0.2876532E-01 -0.2898743E-01
   0.3063804E-01 -0.2973581E-01
   0.3260115E-01 -0.3048438E-01
   0.3466066E-01 -0.3123362E-01
   0.3682306E-01 -0.3198417E-01
   0.3909545E-01 -0.3273654E-01
   0.4148563E-01 -0.3349105E-01
   0.4400204E-01 -0.3424816E-01
   0.4665370E-01 -0.3500849E-01
   0.4945015E-01 -0.3577246E-01
   0.5240181E-01 -0.3653977E-01
   0.5551993E-01 -0.3731028E-01
   0.5881559E-01 -0.3808399E-01
   0.6229937E-01 -0.3886015E-01
   0.6598184E-01 -0.3963766E-01
   0.6987402E-01 -0.4041567E-01
   0.7398709E-01 -0.4119317E-01
   0.7833070E-01 -0.4196904E-01
   0.8291223E-01 -0.4274135E-01
   0.8773743E-01 -0.4350715E-01
   0.9281065E-01 -0.4426382E-01
   0.9813328E-01 -0.4500928E-01
   0.1037026     -0.4574099E-01
   0.1095131     -0.4645559E-01
   0.1155571     -0.4715012E-01
   0.1218243     -0.4782216E-01
   0.1283021     -0.4846978E-01
   0.1349754     -0.4909113E-01
   0.1418288     -0.4968429E-01
   0.1488470     -0.5024783E-01
   0.1560152     -0.5078098E-01
   0.1633193     -0.5128361E-01
   0.1707454     -0.5175597E-01
   0.1782808     -0.5219814E-01
   0.1859147     -0.5261066E-01
   0.1936371     -0.5299459E-01
   0.2014379     -0.5335079E-01
   0.2093098     -0.5367934E-01
   0.2172477     -0.5398186E-01
   0.2252450     -0.5426016E-01
   0.2332954     -0.5451514E-01
   0.2413953     -0.5474733E-01
   0.2495414     -0.5495811E-01
   0.2577313     -0.5514876E-01
   0.2659620     -0.5532120E-01
   0.2742298     -0.5547521E-01
   0.2825380     -0.5561204E-01
   0.2908826     -0.5573426E-01
   0.2992650     -0.5584131E-01
   0.3076868     -0.5593861E-01
   0.3161370     -0.5603072E-01
   0.3246039     -0.5611673E-01
   0.3330829     -0.5619600E-01
   0.3415667     -0.5626779E-01
   0.3500554     -0.5633150E-01
   0.3585420     -0.5638843E-01
   0.3670256     -0.5643526E-01
   0.3755065     -0.5647396E-01
   0.3839806     -0.5650252E-01
   0.3924511     -0.5652154E-01
   0.4009130     -0.5653103E-01
   0.4093676     -0.5652901E-01
   0.4178163     -0.5651610E-01
   0.4262569     -0.5649229E-01
   0.4346899     -0.5645610E-01
   0.4431169     -0.5640813E-01
   0.4515358     -0.5634856E-01
   0.4599457     -0.5627604E-01
   0.4683488     -0.5618997E-01
   0.4767448     -0.5609122E-01
   0.4851317     -0.5597921E-01
   0.4935104     -0.5585245E-01
   0.5018827     -0.5571146E-01
   0.5102469     -0.5555646E-01
   0.5186024     -0.5538658E-01
   0.5269500     -0.5520151E-01
   0.5352885     -0.5500149E-01
   0.5436175     -0.5478520E-01
   0.5519382     -0.5455262E-01
   0.5602498     -0.5430354E-01
   0.5685529     -0.5403756E-01
   0.5768467     -0.5375490E-01
   0.5851299     -0.5345504E-01
   0.5934024     -0.5313682E-01
   0.6016656     -0.5280003E-01
   0.6099190     -0.5244508E-01
   0.6181608     -0.5207172E-01
   0.6263907     -0.5167880E-01
   0.6346089     -0.5126609E-01
   0.6428152     -0.5083299E-01
   0.6510100     -0.5037959E-01
   0.6591915     -0.4990580E-01
   0.6673585     -0.4941042E-01
   0.6755128     -0.4889238E-01
   0.6836545     -0.4835265E-01
   0.6917809     -0.4779099E-01
   0.6998911     -0.4720615E-01
   0.7079857     -0.4659738E-01
   0.7160645     -0.4596452E-01
   0.7241265     -0.4530736E-01
   0.7321708     -0.4462513E-01
   0.7401975     -0.4391727E-01
   0.7482054     -0.4318349E-01
   0.7561944     -0.4242297E-01
   0.7641636     -0.4163564E-01
   0.7721116     -0.4082047E-01
   0.7800394     -0.3997665E-01
   0.7879460     -0.3910463E-01
   0.7958290     -0.3820403E-01
   0.8036870     -0.3727368E-01
   0.8115200     -0.3631259E-01
   0.8193277     -0.3532048E-01
   0.8271087     -0.3429743E-01
   0.8348603     -0.3324331E-01
   0.8425801     -0.3215671E-01
   0.8502691     -0.3103698E-01
   0.8579233     -0.2988548E-01
   0.8655390     -0.2870058E-01
   0.8731153     -0.2748270E-01
   0.8806458     -0.2623264E-01
   0.8881265     -0.2494943E-01
   0.8955528     -0.2363457E-01
   0.9029161     -0.2228963E-01
   0.9102068     -0.2091554E-01
   0.9174160     -0.1951348E-01
   0.9245325     -0.1808701E-01
   0.9315404     -0.1664015E-01
   0.9384227     -0.1517681E-01
   0.9451614     -0.1370169E-01
   0.9517372     -0.1222095E-01
   0.9581289     -0.1074194E-01
   0.9643147     -0.9272351E-02
   0.9702741     -0.7819605E-02
   0.9759897     -0.6390866E-02
   0.9814481     -0.4994108E-02
   0.9866388     -0.3636277E-02
   0.9915547     -0.2322499E-02
   0.9961942     -0.1056908E-02
    1.000000     -0.7589365E-18
