HQ 2.5/8 AIRFOIL
    1.000000     -0.3269547E-18
   0.9970736      0.4393856E-03
   0.9933608      0.1002300E-02
   0.9892127      0.1638473E-02
   0.9845491      0.2362831E-02
   0.9793098      0.3188168E-02
   0.9735163      0.4115043E-02
   0.9675459      0.5084351E-02
   0.9616818      0.6046081E-02
   0.9557685      0.7020982E-02
   0.9497385      0.8015550E-02
   0.9437225      0.9003863E-02
   0.9377422      0.9979911E-02
   0.9317535      0.1094885E-01
   0.9257342      0.1191205E-01
   0.9196841      0.1286800E-01
   0.9136160      0.1381731E-01
   0.9075410      0.1476248E-01
   0.9014670      0.1570659E-01
   0.8953977      0.1665284E-01
   0.8893333      0.1760044E-01
   0.8832725      0.1854662E-01
   0.8772127      0.1948875E-01
   0.8711507      0.2042456E-01
   0.8650831      0.2135440E-01
   0.8590084      0.2228022E-01
   0.8529266      0.2320375E-01
   0.8468397      0.2412643E-01
   0.8407506      0.2504832E-01
   0.8346623      0.2596844E-01
   0.8285770      0.2688583E-01
   0.8224965      0.2779960E-01
   0.8164218      0.2870842E-01
   0.8103531      0.2961041E-01
   0.8042898      0.3050377E-01
   0.7982303      0.3138687E-01
   0.7921727      0.3225885E-01
   0.7861150      0.3312008E-01
   0.7800558      0.3397097E-01
   0.7739940      0.3481186E-01
   0.7679289      0.3564305E-01
   0.7618604      0.3646475E-01
   0.7557887      0.3727715E-01
   0.7497142      0.3808035E-01
   0.7436379      0.3887431E-01
   0.7375609      0.3965860E-01
   0.7314838      0.4043274E-01
   0.7254070      0.4119626E-01
   0.7193310      0.4194876E-01
   0.7132555      0.4268985E-01
   0.7071805      0.4341917E-01
   0.7011053      0.4413640E-01
   0.6950293      0.4484129E-01
   0.6889517      0.4553402E-01
   0.6828720      0.4621491E-01
   0.6767898      0.4688425E-01
   0.6707049      0.4754232E-01
   0.6646173      0.4818936E-01
   0.6585275      0.4882561E-01
   0.6524357      0.4945126E-01
   0.6463427      0.5006650E-01
   0.6402492      0.5067107E-01
   0.6341558      0.5126445E-01
   0.6280630      0.5184613E-01
   0.6219710      0.5241561E-01
   0.6158799      0.5297241E-01
   0.6097898      0.5351607E-01
   0.6037003      0.5404614E-01
   0.5976112      0.5456219E-01
   0.5915220      0.5506399E-01
   0.5854323      0.5555155E-01
   0.5793417      0.5602487E-01
   0.5732500      0.5648397E-01
   0.5671570      0.5692884E-01
   0.5610627      0.5735946E-01
   0.5549670      0.5777583E-01
   0.5488700      0.5817792E-01
   0.5427718      0.5856569E-01
   0.5366727      0.5893909E-01
   0.5305728      0.5929806E-01
   0.5244722      0.5964254E-01
   0.5183711      0.5997249E-01
   0.5122694      0.6028785E-01
   0.5061673      0.6058857E-01
   0.5000648      0.6087461E-01
   0.4939620      0.6114593E-01
   0.4878589      0.6140259E-01
   0.4817554      0.6164464E-01
   0.4756514      0.6187216E-01
   0.4695468      0.6208521E-01
   0.4634414      0.6228386E-01
   0.4573351      0.6246817E-01
   0.4512275      0.6263821E-01
   0.4451183      0.6279405E-01
   0.4390074      0.6293587E-01
   0.4328945      0.6306386E-01
   0.4267798      0.6317824E-01
   0.4206635      0.6327921E-01
   0.4145461      0.6336696E-01
   0.4084283      0.6344170E-01
   0.4023108      0.6350363E-01
   0.3961948      0.6355293E-01
   0.3900811      0.6358934E-01
   0.3839699      0.6361226E-01
   0.3778608      0.6362111E-01
   0.3717523      0.6361532E-01
   0.3656428      0.6359475E-01
   0.3595316      0.6355968E-01
   0.3534192      0.6351040E-01
   0.3473076      0.6344721E-01
   0.3411996      0.6336963E-01
   0.3350971      0.6327630E-01
   0.3290007      0.6316581E-01
   0.3229091      0.6303672E-01
   0.3168202      0.6288826E-01
   0.3107316      0.6272065E-01
   0.3046416      0.6253418E-01
   0.2985490      0.6232915E-01
   0.2924533      0.6210604E-01
   0.2863543      0.6186573E-01
   0.2802526      0.6160915E-01
   0.2741495      0.6133727E-01
   0.2680467      0.6105074E-01
   0.2619459      0.6074916E-01
   0.2558483      0.6043200E-01
   0.2497548      0.6009867E-01
   0.2436655      0.5974853E-01
   0.2375805      0.5938066E-01
   0.2315001      0.5899408E-01
   0.2254245      0.5858785E-01
   0.2193541      0.5816098E-01
   0.2132894      0.5771229E-01
   0.2072310      0.5724054E-01
   0.2011792      0.5674450E-01
   0.1951346      0.5622297E-01
   0.1890975      0.5567475E-01
   0.1830679      0.5509864E-01
   0.1770451      0.5449336E-01
   0.1710280      0.5385762E-01
   0.1650159      0.5319027E-01
   0.1590093      0.5249045E-01
   0.1530102      0.5175751E-01
   0.1470227      0.5099099E-01
   0.1410514      0.5018940E-01
   0.1350994      0.4934982E-01
   0.1291667      0.4846893E-01
   0.1232506      0.4754303E-01
   0.1173464      0.4656868E-01
   0.1114521      0.4554385E-01
   0.1055705      0.4446747E-01
   0.9970896E-01  0.4333946E-01
   0.9387943E-01  0.4215973E-01
   0.8809217E-01  0.4092434E-01
   0.8234990E-01  0.3962732E-01
   0.7664774E-01  0.3826108E-01
   0.7097407E-01  0.3681617E-01
   0.6531916E-01  0.3528384E-01
   0.5968914E-01  0.3365971E-01
   0.5410811E-01  0.3194533E-01
   0.4861614E-01  0.3014923E-01
   0.4325915E-01  0.2827669E-01
   0.3804634E-01  0.2630789E-01
   0.3293739E-01  0.2420549E-01
   0.2791782E-01  0.2195194E-01
   0.2307413E-01  0.1958123E-01
   0.1854822E-01  0.1713492E-01
   0.1441027E-01  0.1461430E-01
   0.1066425E-01  0.1203480E-01
   0.7579163E-02  0.9632396E-02
   0.5433765E-02  0.7700270E-02
   0.3811276E-02  0.5947644E-02
   0.2505376E-02  0.4404830E-02
   0.1556498E-02  0.3253672E-02
   0.9038420E-03  0.2360235E-02
   0.4578176E-03  0.1610267E-02
   0.1710685E-03  0.9466443E-03
   0.2347936E-04  0.3376740E-03
   0.1256103E-04 -0.2377069E-03
   0.1521944E-03 -0.7970486E-03
   0.4559131E-03 -0.1358032E-02
   0.9359767E-03 -0.1937991E-02
   0.1629883E-02 -0.2555943E-02
   0.2606870E-02 -0.3229058E-02
   0.3942076E-02 -0.3943991E-02
   0.5761680E-02 -0.4734947E-02
   0.8248654E-02 -0.5707933E-02
   0.1159223E-01 -0.6793086E-02
   0.1582435E-01 -0.7898167E-02
   0.2052968E-01 -0.8847302E-02
   0.2578959E-01 -0.9642431E-02
   0.3156172E-01 -0.1037785E-01
   0.3736566E-01 -0.1100579E-01
   0.4312866E-01 -0.1152766E-01
   0.4900641E-01 -0.1198267E-01
   0.5503252E-01 -0.1239897E-01
   0.6113358E-01 -0.1278088E-01
   0.6724222E-01 -0.1312745E-01
   0.7332521E-01 -0.1344100E-01
   0.7938474E-01 -0.1372595E-01
   0.8544303E-01 -0.1398723E-01
   0.9151707E-01 -0.1422904E-01
   0.9761361E-01 -0.1445506E-01
   0.1037290     -0.1466847E-01
   0.1098525     -0.1487023E-01
   0.1159755     -0.1505988E-01
   0.1220939     -0.1523708E-01
   0.1282084     -0.1540168E-01
   0.1343228     -0.1555408E-01
   0.1404400     -0.1569502E-01
   0.1465614     -0.1582525E-01
   0.1526861     -0.1594544E-01
   0.1588121     -0.1605592E-01
   0.1649377     -0.1615666E-01
   0.1710627     -0.1624762E-01
   0.1771883     -0.1632881E-01
   0.1833166     -0.1640067E-01
   0.1894493     -0.1646432E-01
   0.1955866     -0.1652089E-01
   0.2017275     -0.1657153E-01
   0.2078699     -0.1661692E-01
   0.2140120     -0.1665695E-01
   0.2201528     -0.1669143E-01
   0.2262927     -0.1672019E-01
   0.2324326     -0.1674323E-01
   0.2385737     -0.1676096E-01
   0.2447167     -0.1677385E-01
   0.2508619     -0.1678234E-01
   0.2570089     -0.1678683E-01
   0.2631572     -0.1678744E-01
   0.2693059     -0.1678430E-01
   0.2754538     -0.1677750E-01
   0.2815997     -0.1676697E-01
   0.2877424     -0.1675194E-01
   0.2938816     -0.1673152E-01
   0.3000179     -0.1670482E-01
   0.3061524     -0.1667108E-01
   0.3122864     -0.1663009E-01
   0.3184203     -0.1658178E-01
   0.3245543     -0.1652609E-01
   0.3306874     -0.1646288E-01
   0.3368189     -0.1639168E-01
   0.3429481     -0.1631189E-01
   0.3490748     -0.1622291E-01
   0.3551990     -0.1612419E-01
   0.3613212     -0.1601547E-01
   0.3674424     -0.1589659E-01
   0.3735637     -0.1576739E-01
   0.3796868     -0.1562777E-01
   0.3858133     -0.1547846E-01
   0.3919440     -0.1532061E-01
   0.3980788     -0.1515542E-01
   0.4042169     -0.1498403E-01
   0.4103566     -0.1480675E-01
   0.4164965     -0.1462341E-01
   0.4226356     -0.1443379E-01
   0.4287731     -0.1423771E-01
   0.4349085     -0.1403493E-01
   0.4410417     -0.1382524E-01
   0.4471729     -0.1360841E-01
   0.4533027     -0.1338419E-01
   0.4594317     -0.1315258E-01
   0.4655606     -0.1291379E-01
   0.4716899     -0.1266802E-01
   0.4778200     -0.1241550E-01
   0.4839512     -0.1215646E-01
   0.4900835     -0.1189112E-01
   0.4962167     -0.1161972E-01
   0.5023507     -0.1134251E-01
   0.5084851     -0.1105966E-01
   0.5146196     -0.1077126E-01
   0.5207539     -0.1047738E-01
   0.5268879     -0.1017810E-01
   0.5330216     -0.9873464E-02
   0.5391551     -0.9563543E-02
   0.5452885     -0.9248387E-02
   0.5514221     -0.8928044E-02
   0.5575563     -0.8602658E-02
   0.5636915     -0.8272584E-02
   0.5698279     -0.7938209E-02
   0.5759657     -0.7599922E-02
   0.5821049     -0.7258123E-02
   0.5882456     -0.6913215E-02
   0.5943875     -0.6565608E-02
   0.6005304     -0.6215717E-02
   0.6066741     -0.5863997E-02
   0.6128181     -0.5510994E-02
   0.6189621     -0.5157271E-02
   0.6251060     -0.4803390E-02
   0.6312494     -0.4449910E-02
   0.6373923     -0.4097386E-02
   0.6435345     -0.3746372E-02
   0.6496759     -0.3397417E-02
   0.6558165     -0.3051034E-02
   0.6619563     -0.2707574E-02
   0.6680952     -0.2367342E-02
   0.6742333     -0.2030639E-02
   0.6803706     -0.1697767E-02
   0.6865070     -0.1369027E-02
   0.6926425     -0.1044720E-02
   0.6987773     -0.7251444E-03
   0.7049113     -0.4106230E-03
   0.7110445     -0.1016489E-03
   0.7171769      0.2012039E-03
   0.7233083      0.4973580E-03
   0.7294384      0.7862331E-03
   0.7355669      0.1067247E-02
   0.7416933      0.1339817E-02
   0.7478172      0.1603359E-02
   0.7539378      0.1857285E-02
   0.7600547      0.2100923E-02
   0.7661676      0.2333556E-02
   0.7722765      0.2554485E-02
   0.7783819      0.2763025E-02
   0.7844848      0.2958503E-02
   0.7905865      0.3140251E-02
   0.7966884      0.3307599E-02
   0.8027928      0.3459888E-02
   0.8089013      0.3596866E-02
   0.8150138      0.3718716E-02
   0.8211274      0.3825600E-02
   0.8272363      0.3917650E-02
   0.8333335      0.3993804E-02
   0.8394159      0.4051378E-02
   0.8454872      0.4087652E-02
   0.8515571      0.4099913E-02
   0.8576402      0.4087848E-02
   0.8637461      0.4055911E-02
   0.8698745      0.4009189E-02
   0.8760137      0.3952986E-02
   0.8821426      0.3889647E-02
   0.8882444      0.3813741E-02
   0.8943162      0.3718721E-02
   0.9003684      0.3597969E-02
   0.9064227      0.3448050E-02
   0.9124983      0.3277174E-02
   0.9185983      0.3096488E-02
   0.9247087      0.2917901E-02
   0.9307989      0.2750783E-02
   0.9368464      0.2590077E-02
   0.9428612      0.2426045E-02
   0.9488857      0.2248206E-02
   0.9549890      0.2045793E-02
   0.9610482      0.1822158E-02
   0.9670223      0.1582258E-02
   0.9730668      0.1322686E-02
   0.9789683      0.1055433E-02
   0.9843143      0.8023996E-03
   0.9890657      0.5687895E-03
   0.9932805      0.3546874E-03
   0.9970422      0.1581500E-03
    1.000000     -0.3269547E-18
