HQ 3.0/12 AIRFOIL
    1.000000     -0.4497743E-18
   0.9966110      0.6561663E-03
   0.9923810      0.1486138E-02
   0.9877589      0.2407011E-02
   0.9827028      0.3431104E-02
   0.9771936      0.4566920E-02
   0.9712633      0.5812625E-02
   0.9650112      0.7148193E-02
   0.9585698      0.8541377E-02
   0.9520564      0.9960678E-02
   0.9455360      0.1138472E-01
   0.9390251      0.1280300E-01
   0.9325250      0.1420871E-01
   0.9260294      0.1559668E-01
   0.9195257      0.1696467E-01
   0.9130018      0.1832033E-01
   0.9064530      0.1967386E-01
   0.8998830      0.2103394E-01
   0.8933023      0.2240513E-01
   0.8867201      0.2378161E-01
   0.8801386      0.2515642E-01
   0.8735527      0.2652413E-01
   0.8669521      0.2788323E-01
   0.8603291      0.2923772E-01
   0.8536828      0.3059104E-01
   0.8470189      0.3194525E-01
   0.8403484      0.3329943E-01
   0.8336812      0.3465060E-01
   0.8270244      0.3599622E-01
   0.8203823      0.3733431E-01
   0.8137562      0.3866273E-01
   0.8071450      0.3997937E-01
   0.8005456      0.4128255E-01
   0.7939530      0.4257135E-01
   0.7873617      0.4384658E-01
   0.7807679      0.4510937E-01
   0.7741687      0.4636053E-01
   0.7675629      0.4760065E-01
   0.7609503      0.4883002E-01
   0.7543324      0.5004870E-01
   0.7477117      0.5125652E-01
   0.7410918      0.5245265E-01
   0.7344759      0.5363562E-01
   0.7278659      0.5480414E-01
   0.7212629      0.5595712E-01
   0.7146666      0.5709366E-01
   0.7080760      0.5821307E-01
   0.7014888      0.5931480E-01
   0.6949019      0.6039856E-01
   0.6883120      0.6146492E-01
   0.6817166      0.6251468E-01
   0.6751142      0.6354848E-01
   0.6685044      0.6456679E-01
   0.6618878      0.6556992E-01
   0.6552659      0.6655804E-01
   0.6486412      0.6753117E-01
   0.6420172      0.6848882E-01
   0.6353970      0.6942954E-01
   0.6287829      0.7035193E-01
   0.6221762      0.7125471E-01
   0.6155774      0.7213676E-01
   0.6089863      0.7299708E-01
   0.6024018      0.7383478E-01
   0.5958220      0.7464910E-01
   0.5892448      0.7543984E-01
   0.5826681      0.7620710E-01
   0.5760905      0.7695094E-01
   0.5695111      0.7767133E-01
   0.5629291      0.7836818E-01
   0.5563445      0.7904136E-01
   0.5497575      0.7969068E-01
   0.5431688      0.8031592E-01
   0.5365792      0.8091682E-01
   0.5299891      0.8149314E-01
   0.5233989      0.8204469E-01
   0.5168087      0.8257126E-01
   0.5102184      0.8307270E-01
   0.5036276      0.8354884E-01
   0.4970356      0.8399956E-01
   0.4904418      0.8442490E-01
   0.4838454      0.8482519E-01
   0.4772459      0.8520071E-01
   0.4706428      0.8555174E-01
   0.4640358      0.8587855E-01
   0.4574247      0.8618139E-01
   0.4508093      0.8646050E-01
   0.4441899      0.8671613E-01
   0.4375664      0.8694849E-01
   0.4309392      0.8715780E-01
   0.4243087      0.8734428E-01
   0.4176756      0.8750814E-01
   0.4110404      0.8764961E-01
   0.4044041      0.8776891E-01
   0.3977675      0.8786629E-01
   0.3911319      0.8794177E-01
   0.3844982      0.8799512E-01
   0.3778676      0.8802604E-01
   0.3712411      0.8803428E-01
   0.3646197      0.8801923E-01
   0.3580049      0.8798001E-01
   0.3513987      0.8791579E-01
   0.3448031      0.8782570E-01
   0.3382195      0.8770859E-01
   0.3316470      0.8756310E-01
   0.3250820      0.8738780E-01
   0.3185182      0.8718156E-01
   0.3119497      0.8694504E-01
   0.3053731      0.8667938E-01
   0.2987882      0.8638585E-01
   0.2921974      0.8606556E-01
   0.2856039      0.8571910E-01
   0.2790105      0.8534696E-01
   0.2724187      0.8494961E-01
   0.2658300      0.8452710E-01
   0.2592468      0.8407900E-01
   0.2526734      0.8360498E-01
   0.2461152      0.8310483E-01
   0.2395783      0.8257721E-01
   0.2330659      0.8201972E-01
   0.2265777      0.8142969E-01
   0.2201099      0.8080428E-01
   0.2136577      0.8014169E-01
   0.2072187      0.7944084E-01
   0.2007935      0.7870099E-01
   0.1943854      0.7792164E-01
   0.1879983      0.7710184E-01
   0.1816325      0.7624011E-01
   0.1752852      0.7533446E-01
   0.1689501      0.7438267E-01
   0.1626227      0.7338394E-01
   0.1563051      0.7233886E-01
   0.1500066      0.7124938E-01
   0.1437430      0.7011776E-01
   0.1375301      0.6894227E-01
   0.1313757      0.6771915E-01
   0.1252798      0.6644350E-01
   0.1192359      0.6510954E-01
   0.1132374      0.6371322E-01
   0.1072838      0.6225229E-01
   0.1013810      0.6072616E-01
   0.9554029E-01  0.5913579E-01
   0.8977538E-01  0.5748070E-01
   0.8409554E-01  0.5575866E-01
   0.7850472E-01  0.5396659E-01
   0.7300243E-01  0.5210041E-01
   0.6758791E-01  0.5015550E-01
   0.6227025E-01  0.4813031E-01
   0.5706924E-01  0.4602861E-01
   0.5201215E-01  0.4385962E-01
   0.4712980E-01  0.4163724E-01
   0.4245159E-01  0.3937568E-01
   0.3799768E-01  0.3708673E-01
   0.3377990E-01  0.3478107E-01
   0.2982648E-01  0.3247889E-01
   0.2618470E-01  0.3021840E-01
   0.2289091E-01  0.2804024E-01
   0.1995364E-01  0.2596328E-01
   0.1734896E-01  0.2398542E-01
   0.1504214E-01  0.2210686E-01
   0.1300534E-01  0.2033591E-01
   0.1121291E-01  0.1867671E-01
   0.9643865E-02  0.1711858E-01
   0.8277273E-02  0.1564912E-01
   0.7093899E-02  0.1426163E-01
   0.6074116E-02  0.1294773E-01
   0.5196597E-02  0.1169447E-01
   0.4439687E-02  0.1048872E-01
   0.3768286E-02  0.9322735E-02
   0.3154128E-02  0.8200491E-02
   0.2579839E-02  0.7131507E-02
   0.2040710E-02  0.6124789E-02
   0.1554137E-02  0.5183602E-02
   0.1130889E-02  0.4302309E-02
   0.7741709E-03  0.3471963E-02
   0.4843637E-03  0.2683473E-02
   0.2613143E-03  0.1928542E-02
   0.1054361E-03  0.1199762E-02
   0.1834070E-04  0.4903899E-03
   0.3367002E-05 -0.2059902E-03
   0.6625163E-04 -0.8958924E-03
   0.2140882E-03 -0.1585950E-02
   0.4469888E-03 -0.2280332E-02
   0.7645642E-03 -0.2981209E-02
   0.1168713E-02 -0.3689142E-02
   0.1662763E-02 -0.4402233E-02
   0.2249919E-02 -0.5114383E-02
   0.2930209E-02 -0.5812858E-02
   0.3702034E-02 -0.6491440E-02
   0.4564688E-02 -0.7160775E-02
   0.5515450E-02 -0.7840746E-02
   0.6557670E-02 -0.8546236E-02
   0.7704221E-02 -0.9277063E-02
   0.8970893E-02 -0.1003052E-01
   0.1037628E-01 -0.1080363E-01
   0.1194118E-01 -0.1159822E-01
   0.1368650E-01 -0.1241676E-01
   0.1563401E-01 -0.1325422E-01
   0.1781061E-01 -0.1409754E-01
   0.2025876E-01 -0.1493229E-01
   0.2304712E-01 -0.1576277E-01
   0.2624661E-01 -0.1661592E-01
   0.2988447E-01 -0.1750447E-01
   0.3393395E-01 -0.1840152E-01
   0.3834617E-01 -0.1927617E-01
   0.4312920E-01 -0.2011684E-01
   0.4832936E-01 -0.2093259E-01
   0.5393851E-01 -0.2173298E-01
   0.5986298E-01 -0.2250859E-01
   0.6597747E-01 -0.2324214E-01
   0.7217939E-01 -0.2392518E-01
   0.7842468E-01 -0.2455951E-01
   0.8472457E-01 -0.2515208E-01
   0.9109568E-01 -0.2570877E-01
   0.9754206E-01 -0.2623431E-01
   0.1040528     -0.2673238E-01
   0.1106062     -0.2720400E-01
   0.1171820     -0.2764894E-01
   0.1237663     -0.2806767E-01
   0.1303515     -0.2846107E-01
   0.1369354     -0.2882894E-01
   0.1435192     -0.2917060E-01
   0.1501069     -0.2948547E-01
   0.1567051     -0.2977359E-01
   0.1633201     -0.3003702E-01
   0.1699543     -0.3027819E-01
   0.1766062     -0.3049940E-01
   0.1832711     -0.3070233E-01
   0.1899442     -0.3088762E-01
   0.1966240     -0.3105587E-01
   0.2033116     -0.3120779E-01
   0.2100099     -0.3134444E-01
   0.2167201     -0.3146718E-01
   0.2234401     -0.3157733E-01
   0.2301645     -0.3167604E-01
   0.2368876     -0.3176323E-01
   0.2436076     -0.3183826E-01
   0.2503278     -0.3190051E-01
   0.2570558     -0.3194994E-01
   0.2637986     -0.3198842E-01
   0.2705580     -0.3201823E-01
   0.2773300     -0.3204165E-01
   0.2841061     -0.3205992E-01
   0.2908798     -0.3207270E-01
   0.2976498     -0.3207952E-01
   0.3044202     -0.3207998E-01
   0.3111964     -0.3207430E-01
   0.3179767     -0.3206316E-01
   0.3247502     -0.3204729E-01
   0.3314979     -0.3202635E-01
   0.3382029     -0.3199499E-01
   0.3448609     -0.3194665E-01
   0.3514805     -0.3187491E-01
   0.3580800     -0.3177559E-01
   0.3646779     -0.3164924E-01
   0.3712865     -0.3149690E-01
   0.3779122     -0.3131963E-01
   0.3845561     -0.3111901E-01
   0.3912169     -0.3089724E-01
   0.3978917     -0.3065668E-01
   0.4045764     -0.3039964E-01
   0.4112657     -0.3012700E-01
   0.4179554     -0.2983863E-01
   0.4246426     -0.2953439E-01
   0.4313254     -0.2921409E-01
   0.4380033     -0.2887750E-01
   0.4446769     -0.2852433E-01
   0.4513481     -0.2815423E-01
   0.4580198     -0.2776705E-01
   0.4646951     -0.2736340E-01
   0.4713762     -0.2694397E-01
   0.4780644     -0.2650952E-01
   0.4847605     -0.2606083E-01
   0.4914643     -0.2559875E-01
   0.4981747     -0.2512422E-01
   0.5048899     -0.2463816E-01
   0.5116077     -0.2414107E-01
   0.5183264     -0.2363315E-01
   0.5250446     -0.2311455E-01
   0.5317616     -0.2258540E-01
   0.5384776     -0.2204576E-01
   0.5451930     -0.2149568E-01
   0.5519090     -0.2093511E-01
   0.5586272     -0.2036421E-01
   0.5653493     -0.1978351E-01
   0.5720763     -0.1919363E-01
   0.5788091     -0.1859520E-01
   0.5855480     -0.1798893E-01
   0.5922928     -0.1737553E-01
   0.5990430     -0.1675580E-01
   0.6057975     -0.1613059E-01
   0.6125552     -0.1550116E-01
   0.6193149     -0.1486883E-01
   0.6260757     -0.1423496E-01
   0.6328370     -0.1360088E-01
   0.6395981     -0.1296789E-01
   0.6463585     -0.1233730E-01
   0.6531180     -0.1171038E-01
   0.6598764     -0.1108796E-01
   0.6666333     -0.1047038E-01
   0.6733886     -0.9857986E-02
   0.6801419     -0.9251108E-02
   0.6868928     -0.8650079E-02
   0.6936410     -0.8055235E-02
   0.7003859     -0.7466913E-02
   0.7071272     -0.6885599E-02
   0.7138641     -0.6312286E-02
   0.7205959     -0.5748090E-02
   0.7273215     -0.5194136E-02
   0.7340395     -0.4651557E-02
   0.7407484     -0.4121487E-02
   0.7474462     -0.3605056E-02
   0.7541310     -0.3103397E-02
   0.7608010     -0.2617749E-02
   0.7674556     -0.2149343E-02
   0.7740956     -0.1699295E-02
   0.7807233     -0.1268617E-02
   0.7873424     -0.8582516E-03
   0.7939579     -0.4690925E-03
   0.8005763     -0.1020187E-03
   0.8072048      0.2425629E-03
   0.8138460      0.5655501E-03
   0.8204934      0.8677294E-03
   0.8271311      0.1149549E-02
   0.8337381      0.1409041E-02
   0.8403054      0.1641152E-02
   0.8468436      0.1841358E-02
   0.8533818      0.2005793E-02
   0.8599580      0.2136718E-02
   0.8665902      0.2241863E-02
   0.8732646      0.2328950E-02
   0.8799340      0.2404353E-02
   0.8865424      0.2461832E-02
   0.8930676      0.2489518E-02
   0.8995240      0.2476580E-02
   0.9059558      0.2416325E-02
   0.9124105      0.2322027E-02
   0.9189097      0.2213464E-02
   0.9254446      0.2111517E-02
   0.9319766      0.2030054E-02
   0.9384688      0.1956920E-02
   0.9449119      0.1874752E-02
   0.9513251      0.1766499E-02
   0.9577433      0.1621095E-02
   0.9641570      0.1441914E-02
   0.9704755      0.1237127E-02
   0.9765496      0.1018265E-02
   0.9822330      0.7965933E-03
   0.9874535      0.5788255E-03
   0.9922115      0.3685409E-03
   0.9965450      0.1672103E-03
    1.000000     -0.4497743E-18
