KENNEDY AND MARSDEN AIRFOIL
    1.000000     -0.1033380E-18
   0.9972937      0.4730816E-02
   0.9929266      0.8696004E-02
   0.9883163      0.1201468E-01
   0.9834228      0.1501843E-01
   0.9783563      0.1792891E-01
   0.9731407      0.2074321E-01
   0.9677219      0.2347733E-01
   0.9620691      0.2618313E-01
   0.9561813      0.2888811E-01
   0.9500529      0.3159936E-01
   0.9436665      0.3432788E-01
   0.9370017      0.3708553E-01
   0.9300440      0.3988201E-01
   0.9227812      0.4272331E-01
   0.9152005      0.4561581E-01
   0.9072895      0.4856567E-01
   0.8990400      0.5157790E-01
   0.8904490      0.5465407E-01
   0.8815118      0.5779385E-01
   0.8722202      0.6100024E-01
   0.8625719      0.6427865E-01
   0.8525793      0.6763033E-01
   0.8422605      0.7104894E-01
   0.8316274      0.7452924E-01
   0.8206881      0.7807022E-01
   0.8094553      0.8167125E-01
   0.7979479      0.8533000E-01
   0.7861898      0.8904303E-01
   0.7742071      0.9280499E-01
   0.7620248      0.9660918E-01
   0.7496640      0.1004502    
   0.7371413      0.1043243    
   0.7244682      0.1082305    
   0.7116611      0.1121690    
   0.6987498      0.1161365    
   0.6857699      0.1201248    
   0.6727498      0.1241265    
   0.6597118      0.1281353    
   0.6466812      0.1321433    
   0.6336870      0.1361433    
   0.6207514      0.1401325    
   0.6078848      0.1441115    
   0.5950932      0.1480787    
   0.5823884      0.1520298    
   0.5697894      0.1559579    
   0.5573247      0.1598527    
   0.5450305      0.1637018    
   0.5329437      0.1674938    
   0.5210951      0.1712192    
   0.5095160      0.1748675    
   0.4982572      0.1784209    
   0.4873851      0.1818562    
   0.4769489      0.1851490    
   0.4669516      0.1882872    
   0.4573641      0.1912723    
   0.4481633      0.1941137    
   0.4393736      0.1968125    
   0.4310468      0.1993598    
   0.4232248      0.2017361    
   0.4158882      0.2039040    
   0.4089677      0.2058491    
   0.4023802      0.2075730    
   0.3960444      0.2090831    
   0.3898937      0.2103964    
   0.3838783      0.2115306    
   0.3779573      0.2124974    
   0.3720955      0.2133038    
   0.3662603      0.2139534    
   0.3604224      0.2144558    
   0.3545611      0.2148262    
   0.3486659      0.2150780    
   0.3427364      0.2152237    
   0.3367836      0.2152756    
   0.3308262      0.2152389    
   0.3248796      0.2151083    
   0.3189503      0.2148782    
   0.3130370      0.2145430    
   0.3071300      0.2140964    
   0.3012137      0.2135357    
   0.2952742      0.2128642    
   0.2893033      0.2120854    
   0.2832984      0.2112035    
   0.2772637      0.2102234    
   0.2712079      0.2091480    
   0.2651394      0.2079780    
   0.2590645      0.2067141    
   0.2529873      0.2053568    
   0.2469101      0.2039063    
   0.2408344      0.2023634    
   0.2347630      0.2007294    
   0.2287002      0.1990062    
   0.2226521      0.1971963    
   0.2166255      0.1953020    
   0.2106271      0.1933250    
   0.2046627      0.1912672    
   0.1987374      0.1891304    
   0.1928553      0.1869165    
   0.1870207      0.1846283    
   0.1812386      0.1822693    
   0.1755147      0.1798433    
   0.1698553      0.1773545    
   0.1642668      0.1748066    
   0.1587550      0.1722028    
   0.1533249      0.1695468    
   0.1479808      0.1668419    
   0.1427265      0.1640919    
   0.1375657      0.1613009    
   0.1325021      0.1584731    
   0.1275390      0.1556129    
   0.1226797      0.1527246    
   0.1179272      0.1498130    
   0.1132844      0.1468824    
   0.1087536      0.1439374    
   0.1043369      0.1409825    
   0.1000363      0.1380214    
   0.9585304E-01  0.1350576    
   0.9178753E-01  0.1320946    
   0.8783977E-01  0.1291354    
   0.8400933E-01  0.1261833    
   0.8029561E-01  0.1232417    
   0.7669778E-01  0.1203137    
   0.7321476E-01  0.1174023    
   0.6984541E-01  0.1145105    
   0.6658853E-01  0.1116403    
   0.6344257E-01  0.1087939    
   0.6040563E-01  0.1059731    
   0.5747551E-01  0.1031793    
   0.5464991E-01  0.1004140    
   0.5192648E-01  0.9767820E-01
   0.4930276E-01  0.9497307E-01
   0.4677614E-01  0.9229942E-01
   0.4434391E-01  0.8965796E-01
   0.4200338E-01  0.8704921E-01
   0.3975209E-01  0.8447352E-01
   0.3758752E-01  0.8193114E-01
   0.3550709E-01  0.7942223E-01
   0.3350821E-01  0.7694687E-01
   0.3158830E-01  0.7450502E-01
   0.2974516E-01  0.7209645E-01
   0.2797679E-01  0.6972069E-01
   0.2628111E-01  0.6737721E-01
   0.2465593E-01  0.6506540E-01
   0.2309908E-01  0.6278461E-01
   0.2160833E-01  0.6053416E-01
   0.2018134E-01  0.5831361E-01
   0.1881574E-01  0.5612270E-01
   0.1750927E-01  0.5396113E-01
   0.1625974E-01  0.5182859E-01
   0.1506503E-01  0.4972473E-01
   0.1392313E-01  0.4764919E-01
   0.1283246E-01  0.4560147E-01
   0.1179214E-01  0.4358086E-01
   0.1080133E-01  0.4158669E-01
   0.9859139E-02  0.3961839E-01
   0.8964661E-02  0.3767545E-01
   0.8116943E-02  0.3575737E-01
   0.7315061E-02  0.3386373E-01
   0.6558805E-02  0.3199411E-01
   0.5848312E-02  0.3014790E-01
   0.5183496E-02  0.2832423E-01
   0.4564109E-02  0.2652198E-01
   0.3989797E-02  0.2473989E-01
   0.3460150E-02  0.2297661E-01
   0.2974666E-02  0.2123071E-01
   0.2531797E-02  0.1950130E-01
   0.2129414E-02  0.1778831E-01
   0.1765632E-02  0.1609215E-01
   0.1438744E-02  0.1441367E-01
   0.1147164E-02  0.1275400E-01
   0.8893725E-03  0.1111457E-01
   0.6638833E-03  0.9496913E-02
   0.4698738E-03  0.7902599E-02
   0.3081817E-03  0.6332229E-02
   0.1796566E-03  0.4784838E-02
   0.8500895E-04  0.3258175E-02
   0.2498657E-04  0.1748956E-02
   0.5333024E-06  0.2530261E-03
   0.1280904E-04 -0.1234596E-02
   0.6114483E-04 -0.2719410E-02
   0.1434317E-03 -0.4206360E-02
   0.2578806E-03 -0.5699561E-02
   0.4029338E-03 -0.7202369E-02
   0.5771347E-03 -0.8717390E-02
   0.7790034E-03 -0.1024642E-01
   0.1006914E-02 -0.1179033E-01
   0.1258972E-02 -0.1334893E-01
   0.1532945E-02 -0.1492073E-01
   0.1827690E-02 -0.1650328E-01
   0.2143564E-02 -0.1809401E-01
   0.2480950E-02 -0.1969050E-01
   0.2840190E-02 -0.2129057E-01
   0.3221595E-02 -0.2289226E-01
   0.3625474E-02 -0.2449396E-01
   0.4052153E-02 -0.2609434E-01
   0.4501999E-02 -0.2769245E-01
   0.4975469E-02 -0.2928769E-01
   0.5474117E-02 -0.3087894E-01
   0.6000898E-02 -0.3246417E-01
   0.6558905E-02 -0.3404132E-01
   0.7151285E-02 -0.3560833E-01
   0.7781245E-02 -0.3716320E-01
   0.8452061E-02 -0.3870391E-01
   0.9167091E-02 -0.4022852E-01
   0.9929787E-02 -0.4173505E-01
   0.1074357E-01 -0.4322140E-01
   0.1161082E-01 -0.4468418E-01
   0.1253352E-01 -0.4611939E-01
   0.1351386E-01 -0.4752303E-01
   0.1455424E-01 -0.4889107E-01
   0.1565737E-01 -0.5021939E-01
   0.1682629E-01 -0.5150380E-01
   0.1806419E-01 -0.5273996E-01
   0.1937185E-01 -0.5392398E-01
   0.2074848E-01 -0.5505211E-01
   0.2219362E-01 -0.5612033E-01
   0.2370730E-01 -0.5712416E-01
   0.2529004E-01 -0.5805860E-01
   0.2694301E-01 -0.5891814E-01
   0.2866717E-01 -0.5970304E-01
   0.3046250E-01 -0.6042112E-01
   0.3232839E-01 -0.6108102E-01
   0.3426327E-01 -0.6169207E-01
   0.3626427E-01 -0.6226462E-01
   0.3832699E-01 -0.6280978E-01
   0.4045051E-01 -0.6333257E-01
   0.4263725E-01 -0.6383362E-01
   0.4489001E-01 -0.6431378E-01
   0.4721207E-01 -0.6477430E-01
   0.4960739E-01 -0.6521682E-01
   0.5208062E-01 -0.6564327E-01
   0.5463680E-01 -0.6605515E-01
   0.5728106E-01 -0.6645405E-01
   0.6001850E-01 -0.6684197E-01
   0.6285402E-01 -0.6722133E-01
   0.6579202E-01 -0.6759489E-01
   0.6883717E-01 -0.6796302E-01
   0.7199489E-01 -0.6832418E-01
   0.7527123E-01 -0.6867661E-01
   0.7867313E-01 -0.6901834E-01
   0.8220873E-01 -0.6934725E-01
   0.8588732E-01 -0.6966188E-01
   0.8971888E-01 -0.6996125E-01
   0.9371399E-01 -0.7024438E-01
   0.9788371E-01 -0.7051029E-01
   0.1022396     -0.7075795E-01
   0.1067937     -0.7098619E-01
   0.1115589     -0.7119388E-01
   0.1165485     -0.7138005E-01
   0.1217765     -0.7154376E-01
   0.1272570     -0.7168332E-01
   0.1330042     -0.7179678E-01
   0.1390312     -0.7188233E-01
   0.1453505     -0.7193768E-01
   0.1519734     -0.7195909E-01
   0.1589107     -0.7194243E-01
   0.1661738     -0.7188352E-01
   0.1737734     -0.7177916E-01
   0.1817168     -0.7162689E-01
   0.1900068     -0.7142464E-01
   0.1986420     -0.7116916E-01
   0.2076205     -0.7085659E-01
   0.2169429     -0.7048381E-01
   0.2266087     -0.7005122E-01
   0.2366067     -0.6956186E-01
   0.2469128     -0.6901851E-01
   0.2574986     -0.6842014E-01
   0.2683418     -0.6776537E-01
   0.2794258     -0.6705528E-01
   0.2907281     -0.6629360E-01
   0.3022175     -0.6548476E-01
   0.3138581     -0.6463214E-01
   0.3256140     -0.6373924E-01
   0.3374503     -0.6280874E-01
   0.3493319     -0.6184293E-01
   0.3612243     -0.6084362E-01
   0.3730956     -0.5981094E-01
   0.3849180     -0.5874468E-01
   0.3966689     -0.5764340E-01
   0.4083323     -0.5650473E-01
   0.4198984     -0.5532613E-01
   0.4313604     -0.5410552E-01
   0.4427119     -0.5284116E-01
   0.4539473     -0.5153068E-01
   0.4650659     -0.5017021E-01
   0.4760730     -0.4875534E-01
   0.4869784     -0.4728222E-01
   0.4977915     -0.4574783E-01
   0.5085213     -0.4414921E-01
   0.5191767     -0.4248328E-01
   0.5297696     -0.4074638E-01
   0.5403152     -0.3893414E-01
   0.5508302     -0.3704328E-01
   0.5613288     -0.3507136E-01
   0.5718225     -0.3301605E-01
   0.5823236     -0.3087457E-01
   0.5928500     -0.2864251E-01
   0.6034266     -0.2631436E-01
   0.6140795     -0.2389100E-01
   0.6248226     -0.2137882E-01
   0.6356536     -0.1878843E-01
   0.6465532     -0.1613504E-01
   0.6574837     -0.1343913E-01
   0.6683919     -0.1072840E-01
   0.6792186     -0.8037224E-02
   0.6899059     -0.5399311E-02
   0.7004040     -0.2842680E-02
   0.7106834     -0.3864480E-03
   0.7207351      0.1957523E-02
   0.7305614      0.4183057E-02
   0.7401680      0.6286618E-02
   0.7495621      0.8266220E-02
   0.7587523      0.1012147E-01
   0.7677491      0.1185307E-01
   0.7765634      0.1346269E-01
   0.7852043      0.1495343E-01
   0.7936777      0.1632825E-01
   0.8019873      0.1758964E-01
   0.8101357      0.1873944E-01
   0.8181263      0.1977965E-01
   0.8259626      0.2071259E-01
   0.8336470      0.2154098E-01
   0.8411804      0.2226758E-01
   0.8485625      0.2289485E-01
   0.8557932      0.2342377E-01
   0.8628739      0.2385536E-01
   0.8698072      0.2419098E-01
   0.8765960      0.2443209E-01
   0.8832436      0.2458027E-01
   0.8897534      0.2463732E-01
   0.8961286      0.2460562E-01
   0.9023720      0.2448771E-01
   0.9084866      0.2428613E-01
   0.9144746      0.2400312E-01
   0.9203373      0.2364082E-01
   0.9260754      0.2320090E-01
   0.9316900      0.2268022E-01
   0.9371848      0.2207395E-01
   0.9425659      0.2137744E-01
   0.9478406      0.2058547E-01
   0.9530181      0.1969233E-01
   0.9581085      0.1869106E-01
   0.9631200      0.1757327E-01
   0.9680572      0.1632966E-01
   0.9729238      0.1494082E-01
   0.9777415      0.1337568E-01
   0.9825506      0.1161262E-01
   0.9873434      0.9641400E-02
   0.9920120      0.7250051E-02
   0.9967553      0.4152161E-02
    1.000000     -0.1033380E-18
