LNV109A
    1.000000     -0.1376429E-19
   0.9959243      0.3793372E-03
   0.9909990      0.7655721E-03
   0.9857984      0.1127754E-02
   0.9803079      0.1520233E-02
   0.9745270      0.1952865E-02
   0.9684549      0.2426273E-02
   0.9620939      0.2943593E-02
   0.9554514      0.3507540E-02
   0.9485385      0.4120064E-02
   0.9413692      0.4782394E-02
   0.9339608      0.5494935E-02
   0.9263331      0.6257554E-02
   0.9185078      0.7069604E-02
   0.9105069      0.7930258E-02
   0.9023522      0.8838642E-02
   0.8940635      0.9793721E-02
   0.8856592      0.1079430E-01
   0.8771558      0.1183910E-01
   0.8685676      0.1292682E-01
   0.8599072      0.1405614E-01
   0.8511853      0.1522575E-01
   0.8424116      0.1643430E-01
   0.8335948      0.1768060E-01
   0.8247420      0.1896383E-01
   0.8158585      0.2028337E-01
   0.8069482      0.2163853E-01
   0.7980144      0.2302853E-01
   0.7890603      0.2445259E-01
   0.7800888      0.2591005E-01
   0.7711024      0.2740026E-01
   0.7621035      0.2892267E-01
   0.7530934      0.3047699E-01
   0.7440727      0.3206309E-01
   0.7350413      0.3368074E-01
   0.7259994      0.3532942E-01
   0.7169479      0.3700846E-01
   0.7078882      0.3871728E-01
   0.6988215      0.4045564E-01
   0.6897477      0.4222343E-01
   0.6806664      0.4402059E-01
   0.6715769      0.4584688E-01
   0.6624791      0.4770201E-01
   0.6533729      0.4958566E-01
   0.6442581      0.5149762E-01
   0.6351342      0.5343771E-01
   0.6260002      0.5540580E-01
   0.6168553      0.5740163E-01
   0.6076989      0.5942486E-01
   0.5985308      0.6147511E-01
   0.5893505      0.6355205E-01
   0.5801569      0.6565553E-01
   0.5709484      0.6778544E-01
   0.5617233      0.6994114E-01
   0.5524814      0.7212157E-01
   0.5432234      0.7432529E-01
   0.5339519      0.7655048E-01
   0.5246703      0.7879493E-01
   0.5153835      0.8105606E-01
   0.5060981      0.8333073E-01
   0.4968238      0.8561484E-01
   0.4875742      0.8790327E-01
   0.4783667      0.9019002E-01
   0.4692218      0.9246820E-01
   0.4601638      0.9473011E-01
   0.4512190      0.9696717E-01
   0.4424200      0.9916800E-01
   0.4338078      0.1013191    
   0.4254270      0.1034060    
   0.4173126      0.1054083    
   0.4094773      0.1073069    
   0.4019158      0.1090906    
   0.3946118      0.1107538    
   0.3875398      0.1122926    
   0.3806648      0.1137063    
   0.3739462      0.1149962    
   0.3673405      0.1161644    
   0.3608080      0.1172199    
   0.3543215      0.1181731    
   0.3478641      0.1190309    
   0.3414282      0.1197986    
   0.3350130      0.1204788    
   0.3286190      0.1210727    
   0.3222448      0.1215813    
   0.3158873      0.1220054    
   0.3095420      0.1223460    
   0.3032045      0.1226045    
   0.2968721      0.1227824    
   0.2905442      0.1228806    
   0.2842221      0.1229003    
   0.2779084      0.1228418    
   0.2716055      0.1227053    
   0.2653151      0.1224907    
   0.2590380      0.1221982    
   0.2527748      0.1218280    
   0.2465261      0.1213806    
   0.2402930      0.1208564    
   0.2340773      0.1202562    
   0.2278811      0.1195808    
   0.2217071      0.1188310    
   0.2155585      0.1180080    
   0.2094391      0.1171133    
   0.2033531      0.1161482    
   0.1973052      0.1151140    
   0.1913001      0.1140122    
   0.1853426      0.1128443    
   0.1794378      0.1116122    
   0.1735907      0.1103174    
   0.1678063      0.1089620    
   0.1620894      0.1075479    
   0.1564448      0.1060775    
   0.1508773      0.1045535    
   0.1453921      0.1029788    
   0.1399939      0.1013568    
   0.1346877      0.9969103E-01
   0.1294789      0.9798579E-01
   0.1243731      0.9624572E-01
   0.1193761      0.9447574E-01
   0.1144935      0.9268065E-01
   0.1097307      0.9086513E-01
   0.1050923      0.8903399E-01
   0.1005822      0.8719196E-01
   0.9620369E-01  0.8534338E-01
   0.9195918E-01  0.8349234E-01
   0.8785030E-01  0.8164279E-01
   0.8387769E-01  0.7979845E-01
   0.8004129E-01  0.7796261E-01
   0.7634050E-01  0.7613825E-01
   0.7277401E-01  0.7432814E-01
   0.6933981E-01  0.7253477E-01
   0.6603541E-01  0.7076018E-01
   0.6285806E-01  0.6900586E-01
   0.5980457E-01  0.6727311E-01
   0.5687131E-01  0.6556296E-01
   0.5405432E-01  0.6387625E-01
   0.5134967E-01  0.6221342E-01
   0.4875345E-01  0.6057468E-01
   0.4626160E-01  0.5896013E-01
   0.4387003E-01  0.5736981E-01
   0.4157456E-01  0.5580362E-01
   0.3937135E-01  0.5426120E-01
   0.3725674E-01  0.5274198E-01
   0.3522707E-01  0.5124542E-01
   0.3327872E-01  0.4977093E-01
   0.3140812E-01  0.4831793E-01
   0.2961191E-01  0.4688577E-01
   0.2788724E-01  0.4547356E-01
   0.2623136E-01  0.4408042E-01
   0.2464156E-01  0.4270557E-01
   0.2311515E-01  0.4134825E-01
   0.2164956E-01  0.4000777E-01
   0.2024257E-01  0.3868331E-01
   0.1889254E-01  0.3737376E-01
   0.1759784E-01  0.3607805E-01
   0.1635676E-01  0.3479518E-01
   0.1516757E-01  0.3352422E-01
   0.1402856E-01  0.3226429E-01
   0.1293838E-01  0.3101447E-01
   0.1189662E-01  0.2977363E-01
   0.1090295E-01  0.2854068E-01
   0.9956907E-02  0.2731465E-01
   0.9057963E-02  0.2609467E-01
   0.8205500E-02  0.2487996E-01
   0.7398908E-02  0.2366984E-01
   0.6638002E-02  0.2246414E-01
   0.5922706E-02  0.2126274E-01
   0.5252787E-02  0.2006537E-01
   0.4627913E-02  0.1887161E-01
   0.4047701E-02  0.1768093E-01
   0.3511759E-02  0.1649269E-01
   0.3019383E-02  0.1530646E-01
   0.2568950E-02  0.1412270E-01
   0.2158895E-02  0.1294236E-01
   0.1787863E-02  0.1176662E-01
   0.1454633E-02  0.1059688E-01
   0.1158061E-02  0.9434722E-02
   0.8970296E-03  0.8281825E-02
   0.6705334E-03  0.7139911E-02
   0.4779919E-03  0.6010200E-02
   0.3188032E-03  0.4893006E-02
   0.1923107E-03  0.3787864E-02
   0.9791678E-04  0.2693674E-02
   0.3517380E-04  0.1608805E-02
   0.3860682E-05  0.5311597E-03
   0.4027142E-05 -0.5417763E-03
   0.3575077E-04 -0.1612419E-02
   0.9924031E-04 -0.2682561E-02
   0.1949822E-03 -0.3753425E-02
   0.3236722E-03 -0.4825683E-02
   0.4861427E-03 -0.5899444E-02
   0.6832833E-03 -0.6974227E-02
   0.9159493E-03 -0.8048913E-02
   0.1184774E-02 -0.9121778E-02
   0.1490008E-02 -0.1019089E-01
   0.1831807E-02 -0.1125443E-01
   0.2210310E-02 -0.1231071E-01
   0.2625667E-02 -0.1335819E-01
   0.3078078E-02 -0.1439547E-01
   0.3567817E-02 -0.1542129E-01
   0.4095337E-02 -0.1643440E-01
   0.4661405E-02 -0.1743306E-01
   0.5266913E-02 -0.1841534E-01
   0.5912828E-02 -0.1937924E-01
   0.6600204E-02 -0.2032263E-01
   0.7330185E-02 -0.2124331E-01
   0.8104009E-02 -0.2213892E-01
   0.8922571E-02 -0.2300703E-01
   0.9785804E-02 -0.2384516E-01
   0.1069358E-01 -0.2465072E-01
   0.1164589E-01 -0.2542096E-01
   0.1264282E-01 -0.2615296E-01
   0.1368463E-01 -0.2684355E-01
   0.1477169E-01 -0.2748941E-01
   0.1590372E-01 -0.2808856E-01
   0.1707994E-01 -0.2864009E-01
   0.1829952E-01 -0.2914293E-01
   0.1956168E-01 -0.2959576E-01
   0.2086562E-01 -0.2999700E-01
   0.2221055E-01 -0.3034473E-01
   0.2359629E-01 -0.3063794E-01
   0.2502434E-01 -0.3087865E-01
   0.2649645E-01 -0.3106960E-01
   0.2801433E-01 -0.3121389E-01
   0.2957952E-01 -0.3131514E-01
   0.3119326E-01 -0.3137768E-01
   0.3285656E-01 -0.3140635E-01
   0.3457213E-01 -0.3140337E-01
   0.3634397E-01 -0.3136962E-01
   0.3817644E-01 -0.3130638E-01
   0.4007433E-01 -0.3121548E-01
   0.4204283E-01 -0.3109948E-01
   0.4408755E-01 -0.3096162E-01
   0.4621443E-01 -0.3080322E-01
   0.4842987E-01 -0.3062374E-01
   0.5074096E-01 -0.3042272E-01
   0.5315548E-01 -0.3019991E-01
   0.5568202E-01 -0.2995533E-01
   0.5833004E-01 -0.2968904E-01
   0.6110997E-01 -0.2939990E-01
   0.6403332E-01 -0.2908642E-01
   0.6711283E-01 -0.2874711E-01
   0.7036258E-01 -0.2838052E-01
   0.7379817E-01 -0.2798517E-01
   0.7743661E-01 -0.2755913E-01
   0.8129619E-01 -0.2710042E-01
   0.8539640E-01 -0.2660728E-01
   0.8975772E-01 -0.2607817E-01
   0.9440099E-01 -0.2551115E-01
   0.9934615E-01 -0.2490441E-01
   0.1046110     -0.2425681E-01
   0.1102101     -0.2356791E-01
   0.1161530     -0.2283776E-01
   0.1224435     -0.2206750E-01
   0.1290803     -0.2125926E-01
   0.1360561     -0.2041590E-01
   0.1433560     -0.1954142E-01
   0.1509596     -0.1864058E-01
   0.1588419     -0.1771838E-01
   0.1669736     -0.1678022E-01
   0.1753247     -0.1583141E-01
   0.1838650     -0.1487701E-01
   0.1925660     -0.1392174E-01
   0.2014020     -0.1296961E-01
   0.2103489     -0.1202413E-01
   0.2193855     -0.1108844E-01
   0.2284936     -0.1016547E-01
   0.2376599     -0.9257664E-02
   0.2468752     -0.8366554E-02
   0.2561313     -0.7492703E-02
   0.2654192     -0.6636603E-02
   0.2747296     -0.5799234E-02
   0.2840556     -0.4981920E-02
   0.2933929     -0.4185680E-02
   0.3027397     -0.3410954E-02
   0.3120941     -0.2657885E-02
   0.3214536     -0.1926643E-02
   0.3308155     -0.1217487E-02
   0.3401773     -0.5306959E-03
   0.3495370      0.1334919E-03
   0.3588925      0.7747720E-03
   0.3682418      0.1392789E-02
   0.3775823      0.1987180E-02
   0.3869118      0.2557459E-02
   0.3962287      0.3103094E-02
   0.4055321      0.3623627E-02
   0.4148215      0.4118758E-02
   0.4240947      0.4588247E-02
   0.4333476      0.5031771E-02
   0.4425745      0.5448076E-02
   0.4517725      0.5834685E-02
   0.4609427      0.6189238E-02
   0.4700900      0.6509788E-02
   0.4792230      0.6795168E-02
   0.4883535      0.7044309E-02
   0.4974970      0.7256491E-02
   0.5066690      0.7433709E-02
   0.5158804      0.7578865E-02
   0.5251370      0.7694695E-02
   0.5344402      0.7783499E-02
   0.5437898      0.7847303E-02
   0.5531842      0.7888180E-02
   0.5626210      0.7907760E-02
   0.5720979      0.7907042E-02
   0.5816128      0.7887029E-02
   0.5911640      0.7848693E-02
   0.6007499      0.7792905E-02
   0.6103685      0.7720554E-02
   0.6200181      0.7632485E-02
   0.6296970      0.7529384E-02
   0.6394041      0.7411931E-02
   0.6491388      0.7280852E-02
   0.6589005      0.7136970E-02
   0.6686879      0.6981147E-02
   0.6784997      0.6814177E-02
   0.6883343      0.6636692E-02
   0.6981908      0.6449310E-02
   0.7080685      0.6252688E-02
   0.7179667      0.6047548E-02
   0.7278838      0.5834627E-02
   0.7378182      0.5614590E-02
   0.7477685      0.5388041E-02
   0.7577334      0.5155627E-02
   0.7677109      0.4918187E-02
   0.7776977      0.4676648E-02
   0.7876888      0.4431783E-02
   0.7976794      0.4184123E-02
   0.8076644      0.3934261E-02
   0.8176372      0.3683274E-02
   0.8275875      0.3432451E-02
   0.8375017      0.3182824E-02
   0.8473649      0.2935144E-02
   0.8571615      0.2690250E-02
   0.8668740      0.2449182E-02
   0.8764826      0.2213050E-02
   0.8859647      0.1983082E-02
   0.8952953      0.1760487E-02
   0.9044470      0.1546372E-02
   0.9133896      0.1341753E-02
   0.9220918      0.1147504E-02
   0.9305215      0.9644345E-03
   0.9386486      0.7935025E-03
   0.9464469      0.6354363E-03
   0.9538959      0.4905711E-03
   0.9609821      0.3590337E-03
   0.9676967      0.2409792E-03
   0.9740377      0.1370276E-03
   0.9800168      0.4804792E-04
   0.9856482     -0.2905613E-04
   0.9909346     -0.8913048E-04
   0.9959028     -0.8170850E-04
    1.000000     -0.1376429E-19
