NASA/LANGLEY LS(1)-0417MOD AIRFOIL
   0.9999932      0.3659867E-02
   0.9954039      0.4962171E-02
   0.9899181      0.6481158E-02
   0.9842110      0.8018086E-02
   0.9782665      0.9572228E-02
   0.9720674      0.1114269E-01
   0.9655971      0.1273188E-01
   0.9588402      0.1434549E-01
   0.9517827      0.1599030E-01
   0.9444134      0.1767424E-01
   0.9367267      0.1940605E-01
   0.9287270      0.2119475E-01
   0.9204343      0.2304835E-01
   0.9118796      0.2496107E-01
   0.9030831      0.2691462E-01
   0.8940433      0.2889613E-01
   0.8847535      0.3090999E-01
   0.8752291      0.3296252E-01
   0.8655156      0.3505234E-01
   0.8556667      0.3716445E-01
   0.8457160      0.3928455E-01
   0.8356758      0.4140599E-01
   0.8255537      0.4352690E-01
   0.8153597      0.4564570E-01
   0.8051128      0.4776231E-01
   0.7948477      0.4987370E-01
   0.7845996      0.5196894E-01
   0.7743824      0.5403801E-01
   0.7641907      0.5607805E-01
   0.7540249      0.5809173E-01
   0.7439035      0.6007860E-01
   0.7338533      0.6203117E-01
   0.7238872      0.6394035E-01
   0.7140022      0.6580156E-01
   0.7041935      0.6761350E-01
   0.6944605      0.6937432E-01
   0.6848032      0.7108115E-01
   0.6752160      0.7273173E-01
   0.6656888      0.7432512E-01
   0.6562109      0.7586187E-01
   0.6467746      0.7734227E-01
   0.6373736      0.7876584E-01
   0.6279980      0.8013186E-01
   0.6186315      0.8144043E-01
   0.6092559      0.8269504E-01
   0.5998611      0.8390064E-01
   0.5904462      0.8505929E-01
   0.5810088      0.8616998E-01
   0.5715394      0.8723207E-01
   0.5620227      0.8824695E-01
   0.5524446      0.8921864E-01
   0.5427963      0.9015071E-01
   0.5330722      0.9104583E-01
   0.5232689      0.9190643E-01
   0.5133840      0.9273475E-01
   0.5034142      0.9353276E-01
   0.4933532      0.9430287E-01
   0.4831955      0.9505012E-01
   0.4729478      0.9578091E-01
   0.4626314      0.9649925E-01
   0.4522698      0.9720403E-01
   0.4418804      0.9789409E-01
   0.4314780      0.9856943E-01
   0.4210809      0.9923024E-01
   0.4107113      0.9987653E-01
   0.4003949      0.1005082    
   0.3901595      0.1011238    
   0.3800326      0.1017195    
   0.3700392      0.1022919    
   0.3602004      0.1028358    
   0.3505312      0.1033462    
   0.3410413      0.1038187    
   0.3317367      0.1042492    
   0.3226223      0.1046345    
   0.3137012      0.1049719    
   0.3049754      0.1052595    
   0.2964457      0.1054957    
   0.2881114      0.1056788    
   0.2799704      0.1058068    
   0.2720187      0.1058785    
   0.2642516      0.1058931    
   0.2566644      0.1058502    
   0.2492523      0.1057498    
   0.2420110      0.1055920    
   0.2349364      0.1053773    
   0.2280247      0.1051062    
   0.2212719      0.1047795    
   0.2146745      0.1043982    
   0.2082294      0.1039637    
   0.2019337      0.1034772    
   0.1957851      0.1029404    
   0.1897812      0.1023545    
   0.1839196      0.1017208    
   0.1781978      0.1010408    
   0.1726129      0.1003159    
   0.1671624      0.9954793E-01
   0.1618440      0.9873910E-01
   0.1566556      0.9789159E-01
   0.1515956      0.9700764E-01
   0.1466622      0.9608945E-01
   0.1418540      0.9513894E-01
   0.1371692      0.9415797E-01
   0.1326061      0.9314845E-01
   0.1281626      0.9211227E-01
   0.1238364      0.9105130E-01
   0.1196253      0.8996737E-01
   0.1155272      0.8886232E-01
   0.1115398      0.8773794E-01
   0.1076608      0.8659603E-01
   0.1038881      0.8543832E-01
   0.1002190      0.8426647E-01
   0.9665128E-01  0.8308204E-01
   0.9318273E-01  0.8188623E-01
   0.8981132E-01  0.8068012E-01
   0.8653495E-01  0.7946479E-01
   0.8335144E-01  0.7824133E-01
   0.8025855E-01  0.7701077E-01
   0.7725399E-01  0.7577412E-01
   0.7433541E-01  0.7453236E-01
   0.7150045E-01  0.7328641E-01
   0.6874675E-01  0.7203711E-01
   0.6607227E-01  0.7078505E-01
   0.6347506E-01  0.6953074E-01
   0.6095313E-01  0.6827465E-01
   0.5850447E-01  0.6701724E-01
   0.5612701E-01  0.6575895E-01
   0.5381870E-01  0.6450019E-01
   0.5157749E-01  0.6324135E-01
   0.4940135E-01  0.6198280E-01
   0.4728843E-01  0.6072475E-01
   0.4523699E-01  0.5946728E-01
   0.4324524E-01  0.5821049E-01
   0.4131144E-01  0.5695443E-01
   0.3943387E-01  0.5569916E-01
   0.3761105E-01  0.5444467E-01
   0.3584158E-01  0.5319096E-01
   0.3412405E-01  0.5193804E-01
   0.3245709E-01  0.5068593E-01
   0.3083934E-01  0.4943466E-01
   0.2926966E-01  0.4818419E-01
   0.2774722E-01  0.4693437E-01
   0.2627119E-01  0.4568501E-01
   0.2484068E-01  0.4443595E-01
   0.2345479E-01  0.4318702E-01
   0.2211260E-01  0.4193805E-01
   0.2081319E-01  0.4068890E-01
   0.1955564E-01  0.3943950E-01
   0.1833906E-01  0.3819015E-01
   0.1716259E-01  0.3694118E-01
   0.1602535E-01  0.3569287E-01
   0.1492651E-01  0.3444550E-01
   0.1386523E-01  0.3319930E-01
   0.1284070E-01  0.3195445E-01
   0.1185220E-01  0.3071101E-01
   0.1089925E-01  0.2946866E-01
   0.9981410E-02  0.2822711E-01
   0.9098301E-02  0.2698617E-01
   0.8249542E-02  0.2574570E-01
   0.7434767E-02  0.2450563E-01
   0.6654150E-02  0.2326594E-01
   0.5910222E-02  0.2202639E-01
   0.5205854E-02  0.2078659E-01
   0.4543565E-02  0.1954597E-01
   0.3925579E-02  0.1830385E-01
   0.3353899E-02  0.1705944E-01
   0.2830352E-02  0.1581184E-01
   0.2356651E-02  0.1456006E-01
   0.1933491E-02  0.1330366E-01
   0.1558728E-02  0.1204416E-01
   0.1229914E-02  0.1078357E-01
   0.9447994E-03  0.9523691E-02
   0.7012379E-03  0.8265411E-02
   0.4971795E-03  0.7009314E-02
   0.3306861E-03  0.5755846E-02
   0.1999347E-03  0.4505337E-02
   0.1032203E-03  0.3258004E-02
   0.3895627E-04  0.2013964E-02
   0.5674010E-05  0.7732386E-03
   0.2021615E-05 -0.4642359E-03
   0.2676254E-04 -0.1698608E-02
   0.7949166E-04 -0.2929905E-02
   0.1658059E-03 -0.4156570E-02
   0.2942754E-03 -0.5376251E-02
   0.4736152E-03 -0.6586577E-02
   0.7127436E-03 -0.7785141E-02
   0.1020865E-02 -0.8969480E-02
   0.1406820E-02 -0.1013679E-01
   0.1873448E-02 -0.1128188E-01
   0.2420679E-02 -0.1239830E-01
   0.3048379E-02 -0.1348015E-01
   0.3753172E-02 -0.1452657E-01
   0.4530140E-02 -0.1553877E-01
   0.5374223E-02 -0.1651763E-01
   0.6280078E-02 -0.1746377E-01
   0.7241925E-02 -0.1837757E-01
   0.8253546E-02 -0.1925914E-01
   0.9311275E-02 -0.2010936E-01
   0.1041420E-01 -0.2092996E-01
   0.1156146E-01 -0.2172290E-01
   0.1275215E-01 -0.2249032E-01
   0.1398531E-01 -0.2323461E-01
   0.1526021E-01 -0.2395854E-01
   0.1657638E-01 -0.2466538E-01
   0.1793309E-01 -0.2535868E-01
   0.1932921E-01 -0.2604232E-01
   0.2076323E-01 -0.2672044E-01
   0.2223485E-01 -0.2739516E-01
   0.2374524E-01 -0.2806659E-01
   0.2529566E-01 -0.2873478E-01
   0.2688747E-01 -0.2939982E-01
   0.2852212E-01 -0.3006187E-01
   0.3020119E-01 -0.3072114E-01
   0.3192638E-01 -0.3137791E-01
   0.3369957E-01 -0.3203256E-01
   0.3552288E-01 -0.3268546E-01
   0.3739855E-01 -0.3333701E-01
   0.3932889E-01 -0.3398770E-01
   0.4131630E-01 -0.3463807E-01
   0.4336323E-01 -0.3528872E-01
   0.4547238E-01 -0.3594004E-01
   0.4764673E-01 -0.3659229E-01
   0.4988940E-01 -0.3724577E-01
   0.5220364E-01 -0.3790084E-01
   0.5459299E-01 -0.3855778E-01
   0.5706125E-01 -0.3921666E-01
   0.5961241E-01 -0.3987758E-01
   0.6225068E-01 -0.4054065E-01
   0.6498046E-01 -0.4120606E-01
   0.6780633E-01 -0.4187403E-01
   0.7073308E-01 -0.4254483E-01
   0.7376566E-01 -0.4321884E-01
   0.7690940E-01 -0.4389611E-01
   0.8017000E-01 -0.4457638E-01
   0.8355348E-01 -0.4525933E-01
   0.8706609E-01 -0.4594466E-01
   0.9071445E-01 -0.4663206E-01
   0.9450557E-01 -0.4732126E-01
   0.9844698E-01 -0.4801204E-01
   0.1025469     -0.4870432E-01
   0.1068145     -0.4939815E-01
   0.1112593     -0.5009368E-01
   0.1158906     -0.5079115E-01
   0.1207174     -0.5149084E-01
   0.1257472     -0.5219314E-01
   0.1309864     -0.5289814E-01
   0.1364395     -0.5360455E-01
   0.1421099     -0.5431065E-01
   0.1479988     -0.5501460E-01
   0.1541064     -0.5571449E-01
   0.1604314     -0.5640747E-01
   0.1669724     -0.5708923E-01
   0.1737287     -0.5775515E-01
   0.1807014     -0.5840079E-01
   0.1878930     -0.5902488E-01
   0.1953022     -0.5962856E-01
   0.2029213     -0.6021334E-01
   0.2107352     -0.6077936E-01
   0.2187247     -0.6132263E-01
   0.2268692     -0.6183863E-01
   0.2351496     -0.6232230E-01
   0.2435528     -0.6276732E-01
   0.2520774     -0.6316757E-01
   0.2607348     -0.6351917E-01
   0.2695372     -0.6382728E-01
   0.2784796     -0.6409980E-01
   0.2875374     -0.6434151E-01
   0.2966841     -0.6454903E-01
   0.3059070     -0.6471826E-01
   0.3152055     -0.6484785E-01
   0.3245765     -0.6493961E-01
   0.3340080     -0.6499491E-01
   0.3434859     -0.6501336E-01
   0.3529994     -0.6499439E-01
   0.3625419     -0.6493774E-01
   0.3721071     -0.6484387E-01
   0.3816861     -0.6471338E-01
   0.3912688     -0.6454598E-01
   0.4008461     -0.6434094E-01
   0.4104111     -0.6409768E-01
   0.4199587     -0.6381586E-01
   0.4294853     -0.6349520E-01
   0.4389879     -0.6313628E-01
   0.4484591     -0.6274109E-01
   0.4578853     -0.6231172E-01
   0.4672511     -0.6184656E-01
   0.4765491     -0.6134141E-01
   0.4857798     -0.6079293E-01
   0.4949457     -0.6019942E-01
   0.5040483     -0.5955937E-01
   0.5130892     -0.5887095E-01
   0.5220714     -0.5813142E-01
   0.5310011     -0.5733777E-01
   0.5398869     -0.5648689E-01
   0.5487389     -0.5557550E-01
   0.5575689     -0.5459994E-01
   0.5663912     -0.5355632E-01
   0.5752262     -0.5243987E-01
   0.5841012     -0.5124583E-01
   0.5930429     -0.4997482E-01
   0.6020691     -0.4862984E-01
   0.6111878     -0.4721452E-01
   0.6204049     -0.4573053E-01
   0.6297323     -0.4417845E-01
   0.6391845     -0.4256147E-01
   0.6487659     -0.4088713E-01
   0.6584654     -0.3916600E-01
   0.6682582     -0.3740651E-01
   0.6781164     -0.3561569E-01
   0.6880124     -0.3379846E-01
   0.6979274     -0.3195490E-01
   0.7078551     -0.3008376E-01
   0.7177904     -0.2819114E-01
   0.7277099     -0.2628941E-01
   0.7375733     -0.2439425E-01
   0.7473384     -0.2252157E-01
   0.7569688     -0.2068578E-01
   0.7664374     -0.1890034E-01
   0.7757298     -0.1717601E-01
   0.7848421     -0.1552037E-01
   0.7937761     -0.1393862E-01
   0.8025357     -0.1243461E-01
   0.8111263     -0.1101076E-01
   0.8195557     -0.9667246E-02
   0.8278356     -0.8403199E-02
   0.8359772     -0.7214879E-02
   0.8439808     -0.6096383E-02
   0.8518345     -0.5043545E-02
   0.8595199     -0.4057201E-02
   0.8670259     -0.3145458E-02
   0.8743527     -0.2314656E-02
   0.8815085     -0.1568627E-02
   0.8885054     -0.9087863E-03
   0.8953572     -0.3357025E-03
   0.9020789      0.1503040E-03
   0.9086849      0.5516268E-03
   0.9151840      0.8746138E-03
   0.9215790      0.1125147E-02
   0.9278679      0.1308279E-02
   0.9340465      0.1424568E-02
   0.9401117      0.1471657E-02
   0.9460620      0.1447783E-02
   0.9518972      0.1351744E-02
   0.9576177      0.1179924E-02
   0.9632274      0.9242805E-03
   0.9687364      0.5767218E-03
   0.9741595      0.1289686E-03
   0.9795155     -0.4275545E-03
   0.9848267     -0.1096552E-02
   0.9901160     -0.1879610E-02
   0.9954052     -0.2780152E-02
    1.000007     -0.3659867E-02
