NACA M6 AIRFOIL
   0.9999991      0.2599986E-02
   0.9963355      0.3038150E-02
   0.9919027      0.3571443E-02
   0.9872267      0.4137687E-02
   0.9822861      0.4740110E-02
   0.9770595      0.5382025E-02
   0.9715277      0.6066604E-02
   0.9656764      0.6796511E-02
   0.9595009      0.7573332E-02
   0.9530114      0.8396804E-02
   0.9462394      0.9263971E-02
   0.9392390      0.1016938E-01
   0.9320761      0.1110633E-01
   0.9248176      0.1206782E-01
   0.9175215      0.1304768E-01
   0.9102304      0.1404149E-01
   0.9029678      0.1504713E-01
   0.8957383      0.1606489E-01
   0.8885327      0.1709556E-01
   0.8813400      0.1813919E-01
   0.8741504      0.1919570E-01
   0.8669555      0.2026491E-01
   0.8597481      0.2134650E-01
   0.8525218      0.2244001E-01
   0.8452716      0.2354485E-01
   0.8379934      0.2466021E-01
   0.8306841      0.2578511E-01
   0.8233422      0.2691836E-01
   0.8159672      0.2805850E-01
   0.8085600      0.2920384E-01
   0.8011230      0.3035243E-01
   0.7936601      0.3150220E-01
   0.7861762      0.3265201E-01
   0.7786762      0.3380119E-01
   0.7711695      0.3494836E-01
   0.7636686      0.3609168E-01
   0.7561708      0.3723165E-01
   0.7486729      0.3836883E-01
   0.7411723      0.3950372E-01
   0.7336667      0.4063672E-01
   0.7261566      0.4176785E-01
   0.7186525      0.4289559E-01
   0.7111569      0.4401966E-01
   0.7036702      0.4514009E-01
   0.6961926      0.4625694E-01
   0.6887236      0.4736995E-01
   0.6812628      0.4847852E-01
   0.6738099      0.4958201E-01
   0.6663647      0.5067977E-01
   0.6589270      0.5177115E-01
   0.6514969      0.5285548E-01
   0.6440744      0.5393209E-01
   0.6366596      0.5500029E-01
   0.6292529      0.5605940E-01
   0.6218544      0.5710872E-01
   0.6144648      0.5814755E-01
   0.6070844      0.5917518E-01
   0.5997138      0.6019092E-01
   0.5923538      0.6119399E-01
   0.5850048      0.6218340E-01
   0.5776676      0.6315812E-01
   0.5703423      0.6411716E-01
   0.5630292      0.6505959E-01
   0.5557286      0.6598446E-01
   0.5484402      0.6689089E-01
   0.5411641      0.6777800E-01
   0.5338999      0.6864495E-01
   0.5266474      0.6949091E-01
   0.5194059      0.7031509E-01
   0.5121750      0.7111669E-01
   0.5049540      0.7189496E-01
   0.4977421      0.7264913E-01
   0.4905384      0.7337858E-01
   0.4833422      0.7408287E-01
   0.4761531      0.7476160E-01
   0.4689705      0.7541430E-01
   0.4617939      0.7604054E-01
   0.4546232      0.7663985E-01
   0.4474580      0.7721176E-01
   0.4402984      0.7775580E-01
   0.4331442      0.7827148E-01
   0.4259955      0.7875832E-01
   0.4188526      0.7921583E-01
   0.4117156      0.7964351E-01
   0.4045848      0.8004089E-01
   0.3974607      0.8040747E-01
   0.3903438      0.8074268E-01
   0.3832347      0.8104574E-01
   0.3761339      0.8131592E-01
   0.3690421      0.8155247E-01
   0.3619598      0.8175468E-01
   0.3548877      0.8192184E-01
   0.3478262      0.8205327E-01
   0.3407759      0.8214828E-01
   0.3337374      0.8220623E-01
   0.3267113      0.8222647E-01
   0.3196980      0.8220838E-01
   0.3126981      0.8215136E-01
   0.3057122      0.8205482E-01
   0.2987407      0.8191820E-01
   0.2917842      0.8174095E-01
   0.2848433      0.8152265E-01
   0.2779185      0.8126284E-01
   0.2710101      0.8096109E-01
   0.2641180      0.8061696E-01
   0.2572423      0.8023001E-01
   0.2503827      0.7979977E-01
   0.2435387      0.7932575E-01
   0.2367098      0.7880745E-01
   0.2298953      0.7824433E-01
   0.2230943      0.7763580E-01
   0.2163056      0.7698124E-01
   0.2095283      0.7627999E-01
   0.2027609      0.7553131E-01
   0.1960020      0.7473438E-01
   0.1892509      0.7388812E-01
   0.1825100      0.7299152E-01
   0.1757852      0.7204417E-01
   0.1690855      0.7104635E-01
   0.1624236      0.6999915E-01
   0.1558144      0.6890456E-01
   0.1492752      0.6776548E-01
   0.1428245      0.6658443E-01
   0.1364770      0.6536040E-01
   0.1302392      0.6409102E-01
   0.1241110      0.6277313E-01
   0.1180860      0.6140268E-01
   0.1121540      0.5997461E-01
   0.1063009      0.5848268E-01
   0.1005096      0.5691923E-01
   0.9476064E-01  0.5527713E-01
   0.8904471E-01  0.5356227E-01
   0.8338057E-01  0.5179252E-01
   0.7781443E-01  0.4999540E-01
   0.7241130E-01  0.4820513E-01
   0.6723799E-01  0.4644303E-01
   0.6233836E-01  0.4471207E-01
   0.5772899E-01  0.4301163E-01
   0.5340716E-01  0.4133936E-01
   0.4935871E-01  0.3969212E-01
   0.4556631E-01  0.3806958E-01
   0.4201787E-01  0.3647852E-01
   0.3870273E-01  0.3492573E-01
   0.3560959E-01  0.3341641E-01
   0.3272616E-01  0.3195414E-01
   0.3003932E-01  0.3054095E-01
   0.2753551E-01  0.2917761E-01
   0.2520116E-01  0.2786386E-01
   0.2302251E-01  0.2659635E-01
   0.2098649E-01  0.2536221E-01
   0.1908572E-01  0.2415247E-01
   0.1731540E-01  0.2296384E-01
   0.1567025E-01  0.2179615E-01
   0.1414345E-01  0.2065047E-01
   0.1272669E-01  0.1952808E-01
   0.1141203E-01  0.1843062E-01
   0.1019769E-01  0.1736251E-01
   0.9080421E-02  0.1632609E-01
   0.8054347E-02  0.1532096E-01
   0.7112824E-02  0.1434547E-01
   0.6249378E-02  0.1339738E-01
   0.5458087E-02  0.1247431E-01
   0.4733712E-02  0.1157391E-01
   0.4071699E-02  0.1069394E-01
   0.3468141E-02  0.9832340E-02
   0.2919711E-02  0.8987187E-02
   0.2423604E-02  0.8156723E-02
   0.1977477E-02  0.7339325E-02
   0.1579401E-02  0.6533485E-02
   0.1227819E-02  0.5737798E-02
   0.9215144E-03  0.4950942E-02
   0.6595874E-03  0.4171658E-02
   0.4414376E-03  0.3398738E-02
   0.2667546E-03  0.2631006E-02
   0.1355167E-03  0.1867302E-02
   0.4799577E-04  0.1106466E-02
   0.4771179E-05  0.3473210E-03
   0.6752998E-05 -0.4113491E-03
   0.5459515E-04 -0.1170676E-02
   0.1472888E-03 -0.1931335E-02
   0.2837693E-03 -0.2693847E-02
   0.4633000E-03 -0.3458669E-02
   0.6854423E-03 -0.4226204E-02
   0.9500350E-03 -0.4996800E-02
   0.1257181E-02 -0.5770753E-02
   0.1607244E-02 -0.6548301E-02
   0.2000844E-02 -0.7329619E-02
   0.2438868E-02 -0.8114806E-02
   0.2922478E-02 -0.8903873E-02
   0.3453128E-02 -0.9696721E-02
   0.4032586E-02 -0.1049310E-01
   0.4662959E-02 -0.1129259E-01
   0.5346725E-02 -0.1209452E-01
   0.6086761E-02 -0.1289787E-01
   0.6886378E-02 -0.1370122E-01
   0.7749337E-02 -0.1450251E-01
   0.8679855E-02 -0.1529888E-01
   0.9682549E-02 -0.1608631E-01
   0.1076230E-01 -0.1685917E-01
   0.1192396E-01 -0.1760960E-01
   0.1317185E-01 -0.1832696E-01
   0.1451243E-01 -0.1900442E-01
   0.1595560E-01 -0.1964150E-01
   0.1751243E-01 -0.2023946E-01
   0.1919505E-01 -0.2080195E-01
   0.2101639E-01 -0.2133636E-01
   0.2298964E-01 -0.2185576E-01
   0.2512725E-01 -0.2238168E-01
   0.2744085E-01 -0.2293930E-01
   0.2994385E-01 -0.2353332E-01
   0.3264713E-01 -0.2416116E-01
   0.3555610E-01 -0.2481727E-01
   0.3866944E-01 -0.2549270E-01
   0.4198000E-01 -0.2617530E-01
   0.4547916E-01 -0.2685067E-01
   0.4916542E-01 -0.2750371E-01
   0.5305722E-01 -0.2812128E-01
   0.5719631E-01 -0.2870315E-01
   0.6163422E-01 -0.2925592E-01
   0.6642587E-01 -0.2978817E-01
   0.7161766E-01 -0.3031160E-01
   0.7721761E-01 -0.3084163E-01
   0.8316022E-01 -0.3138092E-01
   0.8933693E-01 -0.3191018E-01
   0.9564815E-01 -0.3240977E-01
   0.1020410     -0.3286475E-01
   0.1085209     -0.3327043E-01
   0.1151125     -0.3363246E-01
   0.1218370     -0.3395710E-01
   0.1287098     -0.3425069E-01
   0.1357387     -0.3451997E-01
   0.1429207     -0.3477230E-01
   0.1502381     -0.3501579E-01
   0.1576561     -0.3525698E-01
   0.1651337     -0.3549476E-01
   0.1726344     -0.3572643E-01
   0.1801303     -0.3594962E-01
   0.1876030     -0.3616237E-01
   0.1950441     -0.3636310E-01
   0.2024542     -0.3655057E-01
   0.2098418     -0.3672456E-01
   0.2172167     -0.3688622E-01
   0.2245875     -0.3703670E-01
   0.2319617     -0.3717706E-01
   0.2393456     -0.3730832E-01
   0.2467447     -0.3743147E-01
   0.2541632     -0.3754743E-01
   0.2616044     -0.3765714E-01
   0.2690706     -0.3776152E-01
   0.2765629     -0.3786147E-01
   0.2840811     -0.3795793E-01
   0.2916240     -0.3805180E-01
   0.2991889     -0.3814402E-01
   0.3067721     -0.3823537E-01
   0.3143654     -0.3832583E-01
   0.3219520     -0.3841501E-01
   0.3295331     -0.3850274E-01
   0.3371121     -0.3858887E-01
   0.3446921     -0.3867325E-01
   0.3522758     -0.3875570E-01
   0.3598653     -0.3883607E-01
   0.3674593     -0.3891414E-01
   0.3750458     -0.3898959E-01
   0.3826223     -0.3906223E-01
   0.3901882     -0.3913188E-01
   0.3977436     -0.3919834E-01
   0.4052887     -0.3926144E-01
   0.4128241     -0.3932081E-01
   0.4203504     -0.3937598E-01
   0.4278681     -0.3942648E-01
   0.4353780     -0.3947184E-01
   0.4428804     -0.3951161E-01
   0.4503759     -0.3954531E-01
   0.4578650     -0.3957247E-01
   0.4653483     -0.3959265E-01
   0.4728262     -0.3960538E-01
   0.4802991     -0.3961019E-01
   0.4877676     -0.3960662E-01
   0.4952319     -0.3959422E-01
   0.5026927     -0.3957251E-01
   0.5101502     -0.3954116E-01
   0.5176047     -0.3950001E-01
   0.5250567     -0.3944891E-01
   0.5325062     -0.3938771E-01
   0.5399534     -0.3931626E-01
   0.5473984     -0.3923441E-01
   0.5548412     -0.3914200E-01
   0.5622818     -0.3903889E-01
   0.5697201     -0.3892493E-01
   0.5771560     -0.3879998E-01
   0.5845892     -0.3866389E-01
   0.5920195     -0.3851652E-01
   0.5994464     -0.3835773E-01
   0.6068698     -0.3818737E-01
   0.6142890     -0.3800512E-01
   0.6217038     -0.3781065E-01
   0.6291138     -0.3760362E-01
   0.6365186     -0.3738369E-01
   0.6439179     -0.3715054E-01
   0.6513116     -0.3690381E-01
   0.6586993     -0.3664319E-01
   0.6660809     -0.3636835E-01
   0.6734562     -0.3607897E-01
   0.6808252     -0.3577470E-01
   0.6881876     -0.3545524E-01
   0.6955434     -0.3512025E-01
   0.7028927     -0.3476942E-01
   0.7102353     -0.3440235E-01
   0.7175712     -0.3401857E-01
   0.7249002     -0.3361761E-01
   0.7322221     -0.3319900E-01
   0.7395368     -0.3276228E-01
   0.7468439     -0.3230699E-01
   0.7541431     -0.3183269E-01
   0.7614341     -0.3133893E-01
   0.7687164     -0.3082529E-01
   0.7759897     -0.3029134E-01
   0.7832535     -0.2973667E-01
   0.7905072     -0.2916089E-01
   0.7977503     -0.2856360E-01
   0.8049823     -0.2794446E-01
   0.8122025     -0.2730352E-01
   0.8194110     -0.2664104E-01
   0.8266078     -0.2595724E-01
   0.8337934     -0.2525232E-01
   0.8409687     -0.2452642E-01
   0.8481347     -0.2377965E-01
   0.8552930     -0.2301208E-01
   0.8624452     -0.2222369E-01
   0.8695935     -0.2141444E-01
   0.8767401     -0.2058420E-01
   0.8838879     -0.1973280E-01
   0.8910399     -0.1885997E-01
   0.8981994     -0.1796537E-01
   0.9053700     -0.1704853E-01
   0.9125504     -0.1610888E-01
   0.9197259     -0.1514730E-01
   0.9268673     -0.1416689E-01
   0.9339326     -0.1317298E-01
   0.9408709     -0.1217279E-01
   0.9476283     -0.1117477E-01
   0.9541550     -0.1018764E-01
   0.9604128     -0.9219489E-02
   0.9663810     -0.8276297E-02
   0.9720544     -0.7361731E-02
   0.9774383     -0.6477590E-02
   0.9825451     -0.5624320E-02
   0.9873911     -0.4801451E-02
   0.9919942     -0.4007936E-02
   0.9963724     -0.3242402E-02
    1.000001     -0.2599986E-02
