NACA M9 AIRFOIL
    1.000000      0.4011493E-17
   0.9964620      0.3123860E-03
   0.9922692      0.6920683E-03
   0.9879490      0.1094039E-02
   0.9834937      0.1520022E-02
   0.9788952      0.1971908E-02
   0.9741447      0.2451766E-02
   0.9692329      0.2961858E-02
   0.9641502      0.3504650E-02
   0.9588863      0.4082816E-02
   0.9534312      0.4699242E-02
   0.9477744      0.5357009E-02
   0.9419061      0.6059373E-02
   0.9358172      0.6809711E-02
   0.9294998      0.7611440E-02
   0.9229485      0.8467895E-02
   0.9161610      0.9382160E-02
   0.9091396      0.1035684E-01
   0.9018921      0.1139376E-01
   0.8944335      0.1249353E-01
   0.8867853      0.1365392E-01
   0.8789740      0.1487058E-01
   0.8710296      0.1613783E-01
   0.8629968      0.1744684E-01
   0.8550023      0.1877426E-01
   0.8470518      0.2011578E-01
   0.8391201      0.2147249E-01
   0.8311864      0.2284491E-01
   0.8232343      0.2423299E-01
   0.8152516      0.2563600E-01
   0.8072305      0.2705239E-01
   0.7992123      0.2847185E-01
   0.7912360      0.2988559E-01
   0.7832987      0.3129556E-01
   0.7753972      0.3270426E-01
   0.7675287      0.3411413E-01
   0.7596907      0.3552752E-01
   0.7518806      0.3694672E-01
   0.7440963      0.3837395E-01
   0.7363357      0.3981139E-01
   0.7285970      0.4126117E-01
   0.7208785      0.4272536E-01
   0.7131787      0.4420604E-01
   0.7054961      0.4570521E-01
   0.6978295      0.4722485E-01
   0.6901774      0.4876496E-01
   0.6825377      0.5032228E-01
   0.6749083      0.5189331E-01
   0.6672870      0.5347454E-01
   0.6596719      0.5506250E-01
   0.6520608      0.5665375E-01
   0.6444518      0.5824485E-01
   0.6368427      0.5983234E-01
   0.6292316      0.6141280E-01
   0.6216163      0.6298277E-01
   0.6139950      0.6453880E-01
   0.6063656      0.6607740E-01
   0.5987259      0.6759508E-01
   0.5910743      0.6908949E-01
   0.5834097      0.7056094E-01
   0.5757315      0.7201005E-01
   0.5680393      0.7343736E-01
   0.5603329      0.7484338E-01
   0.5526127      0.7622856E-01
   0.5448791      0.7759329E-01
   0.5371330      0.7893793E-01
   0.5293755      0.8026279E-01
   0.5216082      0.8156813E-01
   0.5138328      0.8285420E-01
   0.5060516      0.8412118E-01
   0.4982669      0.8536926E-01
   0.4904814      0.8659808E-01
   0.4826976      0.8780641E-01
   0.4749176      0.8899295E-01
   0.4671436      0.9015646E-01
   0.4593774      0.9129577E-01
   0.4516207      0.9240976E-01
   0.4438750      0.9349737E-01
   0.4361416      0.9455758E-01
   0.4284217      0.9558946E-01
   0.4207162      0.9659211E-01
   0.4130258      0.9756468E-01
   0.4053512      0.9850637E-01
   0.3976927      0.9941640E-01
   0.3900509      0.1002932    
   0.3824267      0.1011337    
   0.3748220      0.1019349    
   0.3672390      0.1026937    
   0.3596808      0.1034071    
   0.3521509      0.1040723    
   0.3446535      0.1046863    
   0.3371932      0.1052467    
   0.3297747      0.1057509    
   0.3224034      0.1061966    
   0.3150848      0.1065820    
   0.3078245      0.1069053    
   0.3006280      0.1071651    
   0.2935009      0.1073602    
   0.2864457      0.1074888    
   0.2794588      0.1075493    
   0.2725305      0.1075400    
   0.2656463      0.1074589    
   0.2587865      0.1073033    
   0.2519265      0.1070695    
   0.2450360      0.1067531    
   0.2380832      0.1063551    
   0.2310444      0.1058791    
   0.2239068      0.1053288    
   0.2166709      0.1047098    
   0.2093534      0.1040295    
   0.2019901      0.1032985    
   0.1946354      0.1025288    
   0.1873507      0.1017206    
   0.1801847      0.1008687    
   0.1731693      0.9996823E-01
   0.1663214      0.9901473E-01
   0.1596461      0.9800377E-01
   0.1531393      0.9693098E-01
   0.1467909      0.9579170E-01
   0.1405908      0.9458035E-01
   0.1345319      0.9329135E-01
   0.1286097      0.9191998E-01
   0.1228212      0.9046236E-01
   0.1171645      0.8891533E-01
   0.1116390      0.8727653E-01
   0.1062444      0.8554427E-01
   0.1009811      0.8371758E-01
   0.9584940E-01  0.8179727E-01
   0.9084314E-01  0.7978687E-01
   0.8594170E-01  0.7768386E-01
   0.8111137E-01  0.7547668E-01
   0.7630499E-01  0.7314267E-01
   0.7145651E-01  0.7064519E-01
   0.6649895E-01  0.6795223E-01
   0.6143471E-01  0.6507305E-01
   0.5637802E-01  0.6208942E-01
   0.5153846E-01  0.5915353E-01
   0.4711781E-01  0.5641351E-01
   0.4320323E-01  0.5390965E-01
   0.3974825E-01  0.5160306E-01
   0.3667074E-01  0.4944159E-01
   0.3389638E-01  0.4737903E-01
   0.3136640E-01  0.4537706E-01
   0.2903578E-01  0.4340312E-01
   0.2686951E-01  0.4142706E-01
   0.2483786E-01  0.3941786E-01
   0.2289849E-01  0.3734383E-01
   0.2101634E-01  0.3519072E-01
   0.1917926E-01  0.3297216E-01
   0.1739417E-01  0.3072937E-01
   0.1567882E-01  0.2851924E-01
   0.1405052E-01  0.2639422E-01
   0.1252174E-01  0.2438908E-01
   0.1111331E-01  0.2252241E-01
   0.9831798E-02  0.2079178E-01
   0.8670490E-02  0.1918395E-01
   0.7618685E-02  0.1768362E-01
   0.6665464E-02  0.1627663E-01
   0.5800976E-02  0.1495077E-01
   0.5016751E-02  0.1369576E-01
   0.4305653E-02  0.1250304E-01
   0.3661724E-02  0.1136548E-01
   0.3080009E-02  0.1027708E-01
   0.2556394E-02  0.9232793E-02
   0.2087477E-02  0.8228335E-02
   0.1670453E-02  0.7260032E-02
   0.1303033E-02  0.6324719E-02
   0.9833714E-03  0.5419648E-02
   0.7100151E-03  0.4542420E-02
   0.4818630E-03  0.3690925E-02
   0.2981366E-03  0.2863298E-02
   0.1583603E-03  0.2057879E-02
   0.6234966E-04  0.1273182E-02
   0.1020838E-04  0.5078726E-03
   0.2332208E-05 -0.2392575E-03
   0.3942183E-04 -0.9693071E-03
   0.1225049E-03 -0.1683282E-02
   0.2529688E-03 -0.2382108E-02
   0.4326071E-03 -0.3066645E-02
   0.6636830E-03 -0.3737696E-02
   0.9490152E-03 -0.4396022E-02
   0.1292095E-02 -0.5042350E-02
   0.1696953E-02 -0.5677424E-02
   0.2165314E-02 -0.6302341E-02
   0.2697587E-02 -0.6918311E-02
   0.3294703E-02 -0.7526393E-02
   0.3958137E-02 -0.8127505E-02
   0.4689910E-02 -0.8722425E-02
   0.5492598E-02 -0.9311777E-02
   0.6369322E-02 -0.9896006E-02
   0.7323727E-02 -0.1047532E-01
   0.8359891E-02 -0.1104961E-01
   0.9482118E-02 -0.1161830E-01
   0.1069449E-01 -0.1218010E-01
   0.1199999E-01 -0.1273267E-01
   0.1339879E-01 -0.1327203E-01
   0.1488619E-01 -0.1379197E-01
   0.1646273E-01 -0.1428648E-01
   0.1813595E-01 -0.1475075E-01
   0.1991383E-01 -0.1518031E-01
   0.2180497E-01 -0.1557171E-01
   0.2381969E-01 -0.1592342E-01
   0.2597234E-01 -0.1623690E-01
   0.2828463E-01 -0.1651663E-01
   0.3077996E-01 -0.1676153E-01
   0.3348250E-01 -0.1696640E-01
   0.3641974E-01 -0.1712532E-01
   0.3962203E-01 -0.1723173E-01
   0.4312105E-01 -0.1727882E-01
   0.4694615E-01 -0.1726049E-01
   0.5111721E-01 -0.1717312E-01
   0.5563579E-01 -0.1701571E-01
   0.6048866E-01 -0.1677916E-01
   0.6564502E-01 -0.1645279E-01
   0.7106363E-01 -0.1602864E-01
   0.7671384E-01 -0.1550066E-01
   0.8259828E-01 -0.1486672E-01
   0.8873933E-01 -0.1414290E-01
   0.9515698E-01 -0.1335609E-01
   0.1018629     -0.1254360E-01
   0.1088536     -0.1174244E-01
   0.1161034     -0.1095626E-01
   0.1235586     -0.1018101E-01
   0.1311334     -0.9412650E-02
   0.1387145     -0.8647637E-02
   0.1461763     -0.7883490E-02
   0.1534016     -0.7118911E-02
   0.1603003     -0.6345190E-02
   0.1668310     -0.5541943E-02
   0.1729991     -0.4691726E-02
   0.1788340     -0.3780765E-02
   0.1843744     -0.2797695E-02
   0.1896608     -0.1732351E-02
   0.1947321     -0.5747755E-03
   0.1996244      0.6856488E-03
   0.2043723      0.2058936E-02
   0.2090128      0.3535605E-02
   0.2135807      0.5096092E-02
   0.2181055      0.6722880E-02
   0.2226137      0.8399610E-02
   0.2271295      0.1011024E-01
   0.2316763      0.1183835E-01
   0.2362772      0.1356639E-01
   0.2409558      0.1527504E-01
   0.2457367      0.1694233E-01
   0.2506461      0.1854276E-01
   0.2557107      0.2005177E-01
   0.2609511      0.2146794E-01
   0.2663861      0.2279705E-01
   0.2720344      0.2404484E-01
   0.2779140      0.2521730E-01
   0.2840396      0.2632104E-01
   0.2904204      0.2736372E-01
   0.2970550      0.2835454E-01
   0.3039262      0.2930420E-01
   0.3110008      0.3021453E-01
   0.3182393      0.3107593E-01
   0.3255977      0.3187908E-01
   0.3330314      0.3261627E-01
   0.3404985      0.3328175E-01
   0.3479630      0.3387187E-01
   0.3553964      0.3438488E-01
   0.3627789      0.3482063E-01
   0.3700989      0.3518008E-01
   0.3773527      0.3546490E-01
   0.3845431      0.3567705E-01
   0.3916792      0.3581840E-01
   0.3987751      0.3589052E-01
   0.4058501      0.3589473E-01
   0.4129260      0.3583490E-01
   0.4200228      0.3571599E-01
   0.4271583      0.3554242E-01
   0.4343483      0.3531834E-01
   0.4416064      0.3504781E-01
   0.4489444      0.3473495E-01
   0.4563715      0.3438410E-01
   0.4638945      0.3400003E-01
   0.4715166      0.3358806E-01
   0.4792370      0.3315421E-01
   0.4870500      0.3270530E-01
   0.4949444      0.3224904E-01
   0.5029023      0.3179391E-01
   0.5109002      0.3134483E-01
   0.5189141      0.3089971E-01
   0.5269227      0.3045547E-01
   0.5349083      0.3000886E-01
   0.5428569      0.2955650E-01
   0.5507588      0.2909493E-01
   0.5586076      0.2862069E-01
   0.5664008      0.2813027E-01
   0.5741388      0.2762015E-01
   0.5818249      0.2708675E-01
   0.5894653      0.2652637E-01
   0.5970682      0.2593517E-01
   0.6046443      0.2530927E-01
   0.6122060      0.2464841E-01
   0.6197648      0.2395553E-01
   0.6273309      0.2323361E-01
   0.6349128      0.2248565E-01
   0.6425183      0.2171476E-01
   0.6501535      0.2092414E-01
   0.6578232      0.2011719E-01
   0.6655311      0.1929754E-01
   0.6732793      0.1846910E-01
   0.6810682      0.1763605E-01
   0.6888968      0.1680291E-01
   0.6967621      0.1597451E-01
   0.7046591      0.1515584E-01
   0.7125813      0.1434948E-01
   0.7205225      0.1355562E-01
   0.7284773      0.1277423E-01
   0.7364412      0.1200515E-01
   0.7444107      0.1124808E-01
   0.7523834      0.1050262E-01
   0.7603579      0.9768246E-02
   0.7683340      0.9044323E-02
   0.7763123      0.8330135E-02
   0.7842946      0.7624869E-02
   0.7922838      0.6927628E-02
   0.8002838      0.6237431E-02
   0.8082995      0.5553996E-02
   0.8163340      0.4880215E-02
   0.8243863      0.4220128E-02
   0.8324508      0.3578173E-02
   0.8405171      0.2959118E-02
   0.8485703      0.2367942E-02
   0.8565912      0.1809670E-02
   0.8645573      0.1289164E-02
   0.8724431      0.8108990E-03
   0.8802220      0.3787282E-03
   0.8878674     -0.4309900E-05
   0.8953542     -0.3361350E-03
   0.9026599     -0.6157094E-03
   0.9097663     -0.8440344E-03
   0.9166608     -0.1024334E-02
   0.9233366     -0.1160251E-02
   0.9297917     -0.1255516E-02
   0.9360278     -0.1313803E-02
   0.9420495     -0.1338626E-02
   0.9478633     -0.1333276E-02
   0.9534770     -0.1300791E-02
   0.9588993     -0.1243940E-02
   0.9641392     -0.1165228E-02
   0.9692058     -0.1066905E-02
   0.9741081     -0.9509883E-03
   0.9788549     -0.8192782E-03
   0.9834547     -0.6733798E-03
   0.9879154     -0.5147227E-03
   0.9922446     -0.3445806E-03
   0.9964495     -0.1640881E-03
    1.000000      0.4011493E-17
