MARSKE PIONEER IID ROOT AIRFOIL (NACA 431012A/24
    1.000000     -0.1192601E-17
   0.9965347      0.4341922E-03
   0.9924188      0.9487812E-03
   0.9881673      0.1479078E-02
   0.9837710      0.2026079E-02
   0.9792202      0.2590854E-02
   0.9745046      0.3174543E-02
   0.9696130      0.3778352E-02
   0.9645335      0.4403547E-02
   0.9592540      0.5051435E-02
   0.9537616      0.5723344E-02
   0.9480437      0.6420574E-02
   0.9420878      0.7144350E-02
   0.9358829      0.7895728E-02
   0.9294196      0.8675488E-02
   0.9226920      0.9483989E-02
   0.9156991      0.1032098E-01
   0.9084465      0.1118540E-01
   0.9009485      0.1207515E-01
   0.8932296      0.1298693E-01
   0.8853242      0.1391613E-01
   0.8773671      0.1484644E-01
   0.8695027      0.1576072E-01
   0.8616947      0.1666309E-01
   0.8539094      0.1755726E-01
   0.8461190      0.1844619E-01
   0.8383002      0.1933223E-01
   0.8304343      0.2021715E-01
   0.8225064      0.2110221E-01
   0.8145153      0.2198712E-01
   0.8065632      0.2286027E-01
   0.7986819      0.2371802E-01
   0.7908637      0.2456200E-01
   0.7830997      0.2539579E-01
   0.7753818      0.2622301E-01
   0.7677030      0.2704709E-01
   0.7600568      0.2787132E-01
   0.7524375      0.2869884E-01
   0.7448397      0.2953273E-01
   0.7372588      0.3037595E-01
   0.7296906      0.3123146E-01
   0.7221311      0.3210214E-01
   0.7145770      0.3299087E-01
   0.7070252      0.3390049E-01
   0.6994731      0.3483386E-01
   0.6919181      0.3579259E-01
   0.6843576      0.3677470E-01
   0.6767892      0.3777749E-01
   0.6692108      0.3879821E-01
   0.6616206      0.3983409E-01
   0.6540172      0.4088225E-01
   0.6463993      0.4193976E-01
   0.6387661      0.4300362E-01
   0.6311170      0.4407072E-01
   0.6234519      0.4513788E-01
   0.6157710      0.4620183E-01
   0.6080748      0.4725921E-01
   0.6003642      0.4830658E-01
   0.5926405      0.4934097E-01
   0.5849056      0.5036174E-01
   0.5771611      0.5136881E-01
   0.5694085      0.5236217E-01
   0.5616492      0.5334184E-01
   0.5538843      0.5430787E-01
   0.5461148      0.5526034E-01
   0.5383414      0.5619938E-01
   0.5305648      0.5712511E-01
   0.5227852      0.5803771E-01
   0.5150029      0.5893738E-01
   0.5072179      0.5982434E-01
   0.4994299      0.6069881E-01
   0.4916385      0.6156099E-01
   0.4838434      0.6241082E-01
   0.4760444      0.6324819E-01
   0.4682419      0.6407296E-01
   0.4604361      0.6488495E-01
   0.4526280      0.6568397E-01
   0.4448184      0.6646980E-01
   0.4370089      0.6724218E-01
   0.4292008      0.6800087E-01
   0.4213962      0.6874558E-01
   0.4135972      0.6947604E-01
   0.4058061      0.7019194E-01
   0.3980256      0.7089298E-01
   0.3902586      0.7157857E-01
   0.3825073      0.7224768E-01
   0.3747735      0.7289933E-01
   0.3670582      0.7353263E-01
   0.3593619      0.7414673E-01
   0.3516843      0.7474087E-01
   0.3440248      0.7531435E-01
   0.3363820      0.7586649E-01
   0.3287540      0.7639667E-01
   0.3211384      0.7690428E-01
   0.3135323      0.7738873E-01
   0.3059324      0.7784944E-01
   0.2983345      0.7828582E-01
   0.2907348      0.7869750E-01
   0.2831322      0.7908438E-01
   0.2755297      0.7944621E-01
   0.2679346      0.7978259E-01
   0.2603586      0.8009306E-01
   0.2528168      0.8037717E-01
   0.2453278      0.8063420E-01
   0.2379103      0.8086015E-01
   0.2305779      0.8104962E-01
   0.2233387      0.8119795E-01
   0.2161959      0.8130111E-01
   0.2091487      0.8135558E-01
   0.2021929      0.8135822E-01
   0.1953218      0.8130600E-01
   0.1885295      0.8119542E-01
   0.1818151      0.8102296E-01
   0.1751823      0.8078558E-01
   0.1686387      0.8048095E-01
   0.1621947      0.8010756E-01
   0.1558628      0.7966493E-01
   0.1496564      0.7915366E-01
   0.1435892      0.7857411E-01
   0.1376708      0.7792448E-01
   0.1319028      0.7720292E-01
   0.1262808      0.7640758E-01
   0.1207964      0.7553643E-01
   0.1154382      0.7458696E-01
   0.1101931      0.7355603E-01
   0.1050467      0.7243968E-01
   0.9998365E-01  0.7123288E-01
   0.9498923E-01  0.6993240E-01
   0.9005820E-01  0.6854276E-01
   0.8519972E-01  0.6707312E-01
   0.8043519E-01  0.6553710E-01
   0.7579479E-01  0.6395271E-01
   0.7131204E-01  0.6233761E-01
   0.6701292E-01  0.6069782E-01
   0.6290949E-01  0.5903553E-01
   0.5900296E-01  0.5735184E-01
   0.5528731E-01  0.5564692E-01
   0.5175235E-01  0.5392030E-01
   0.4838661E-01  0.5217222E-01
   0.4518419E-01  0.5041055E-01
   0.4214273E-01  0.4864595E-01
   0.3926031E-01  0.4688818E-01
   0.3653472E-01  0.4514589E-01
   0.3396309E-01  0.4342656E-01
   0.3154173E-01  0.4173646E-01
   0.2926610E-01  0.4008067E-01
   0.2713092E-01  0.3846310E-01
   0.2512993E-01  0.3688603E-01
   0.2325093E-01  0.3534139E-01
   0.2148101E-01  0.3381760E-01
   0.1981147E-01  0.3230884E-01
   0.1823579E-01  0.3081343E-01
   0.1674819E-01  0.2933218E-01
   0.1534302E-01  0.2786710E-01
   0.1401445E-01  0.2642055E-01
   0.1275796E-01  0.2499583E-01
   0.1157607E-01  0.2360175E-01
   0.1047024E-01  0.2224495E-01
   0.9438871E-02  0.2092814E-01
   0.8478868E-02  0.1965179E-01
   0.7586530E-02  0.1841503E-01
   0.6758050E-02  0.1721632E-01
   0.5989775E-02  0.1605381E-01
   0.5278325E-02  0.1492552E-01
   0.4620644E-02  0.1382949E-01
   0.4014008E-02  0.1276383E-01
   0.3456016E-02  0.1172676E-01
   0.2944568E-02  0.1071662E-01
   0.2477847E-02  0.9731869E-02
   0.2054293E-02  0.8771095E-02
   0.1672584E-02  0.7832993E-02
   0.1331620E-02  0.6916369E-02
   0.1030505E-02  0.6020124E-02
   0.7685344E-03  0.5143250E-02
   0.5451892E-03  0.4284823E-02
   0.3601269E-03  0.3443991E-02
   0.2131788E-03  0.2619970E-02
   0.1043495E-03  0.1812040E-02
   0.3381906E-04  0.1019536E-02
   0.1949117E-05  0.2418435E-03
   0.9292100E-05 -0.5216030E-03
   0.5660486E-04 -0.1271328E-02
   0.1448672E-03 -0.2007814E-02
   0.2753062E-03 -0.2731511E-02
   0.4494281E-03 -0.3442831E-02
   0.6690594E-03 -0.4142158E-02
   0.9364000E-03 -0.4829845E-02
   0.1254093E-02 -0.5506220E-02
   0.1625305E-02 -0.6171584E-02
   0.2052491E-02 -0.6826415E-02
   0.2535878E-02 -0.7471523E-02
   0.3075721E-02 -0.8107640E-02
   0.3672620E-02 -0.8735375E-02
   0.4327512E-02 -0.9355208E-02
   0.5041663E-02 -0.9967486E-02
   0.5816663E-02 -0.1057240E-01
   0.6654407E-02 -0.1116997E-01
   0.7557073E-02 -0.1175997E-01
   0.8527059E-02 -0.1234190E-01
   0.9566874E-02 -0.1291489E-01
   0.1067894E-01 -0.1347750E-01
   0.1186522E-01 -0.1402761E-01
   0.1312661E-01 -0.1456206E-01
   0.1446190E-01 -0.1507630E-01
   0.1587161E-01 -0.1556646E-01
   0.1736407E-01 -0.1603244E-01
   0.1894990E-01 -0.1647571E-01
   0.2064150E-01 -0.1689954E-01
   0.2245341E-01 -0.1731000E-01
   0.2440257E-01 -0.1771735E-01
   0.2650895E-01 -0.1813808E-01
   0.2879519E-01 -0.1859303E-01
   0.3128239E-01 -0.1908986E-01
   0.3398998E-01 -0.1963087E-01
   0.3693410E-01 -0.2021672E-01
   0.4012536E-01 -0.2084561E-01
   0.4356733E-01 -0.2151266E-01
   0.4725724E-01 -0.2220975E-01
   0.5119212E-01 -0.2292639E-01
   0.5538212E-01 -0.2365304E-01
   0.5985639E-01 -0.2438867E-01
   0.6464807E-01 -0.2513495E-01
   0.6978649E-01 -0.2589325E-01
   0.7528742E-01 -0.2666405E-01
   0.8113808E-01 -0.2744528E-01
   0.8729115E-01 -0.2822700E-01
   0.9368682E-01 -0.2899642E-01
   0.1002748     -0.2974322E-01
   0.1070334     -0.3046176E-01
   0.1139659     -0.3115334E-01
   0.1210749     -0.3182142E-01
   0.1283550     -0.3246962E-01
   0.1357899     -0.3310172E-01
   0.1433507     -0.3372160E-01
   0.1509938     -0.3433311E-01
   0.1586621     -0.3493774E-01
   0.1663004     -0.3552702E-01
   0.1738710     -0.3609113E-01
   0.1813550     -0.3662237E-01
   0.1887509     -0.3711486E-01
   0.1960717     -0.3756410E-01
   0.2033425     -0.3796637E-01
   0.2105979     -0.3832334E-01
   0.2178702     -0.3864567E-01
   0.2251850     -0.3894431E-01
   0.2325611     -0.3922998E-01
   0.2400108     -0.3951345E-01
   0.2475384     -0.3980581E-01
   0.2551393     -0.4011812E-01
   0.2628015     -0.4045341E-01
   0.2705115     -0.4080623E-01
   0.2782565     -0.4117046E-01
   0.2860249     -0.4153980E-01
   0.2938060     -0.4190790E-01
   0.3015911     -0.4226841E-01
   0.3093726     -0.4261600E-01
   0.3171445     -0.4294868E-01
   0.3249019     -0.4326531E-01
   0.3326412     -0.4356484E-01
   0.3403601     -0.4384633E-01
   0.3480579     -0.4410890E-01
   0.3557345     -0.4435172E-01
   0.3633916     -0.4457404E-01
   0.3710316     -0.4477511E-01
   0.3786581     -0.4495420E-01
   0.3862759     -0.4511056E-01
   0.3938906     -0.4524341E-01
   0.4015092     -0.4535194E-01
   0.4091397     -0.4543580E-01
   0.4167898     -0.4549663E-01
   0.4244662     -0.4553643E-01
   0.4321741     -0.4555720E-01
   0.4399177     -0.4556090E-01
   0.4476994     -0.4554954E-01
   0.4555204     -0.4552518E-01
   0.4633799     -0.4548994E-01
   0.4712758     -0.4544604E-01
   0.4792037     -0.4539577E-01
   0.4871576     -0.4534150E-01
   0.4951291     -0.4528568E-01
   0.5031081     -0.4523081E-01
   0.5110828     -0.4517767E-01
   0.5190420     -0.4512382E-01
   0.5269760     -0.4506649E-01
   0.5348773     -0.4500295E-01
   0.5427401     -0.4493058E-01
   0.5505602     -0.4484680E-01
   0.5583353     -0.4474916E-01
   0.5660646     -0.4463527E-01
   0.5737486     -0.4450281E-01
   0.5813892     -0.4434954E-01
   0.5889897     -0.4417322E-01
   0.5965541     -0.4397163E-01
   0.6040877     -0.4374256E-01
   0.6115965     -0.4348477E-01
   0.6190861     -0.4319819E-01
   0.6265613     -0.4288275E-01
   0.6340267     -0.4253836E-01
   0.6414860     -0.4216485E-01
   0.6489425     -0.4176205E-01
   0.6563990     -0.4132973E-01
   0.6638580     -0.4086767E-01
   0.6713212     -0.4037564E-01
   0.6787900     -0.3985339E-01
   0.6862654     -0.3930072E-01
   0.6937478     -0.3871741E-01
   0.7012370     -0.3810329E-01
   0.7087326     -0.3745856E-01
   0.7162344     -0.3678435E-01
   0.7237429     -0.3608201E-01
   0.7312589     -0.3535279E-01
   0.7387841     -0.3459791E-01
   0.7463208     -0.3381849E-01
   0.7538718     -0.3301558E-01
   0.7614408     -0.3219015E-01
   0.7690321     -0.3134306E-01
   0.7766507     -0.3047507E-01
   0.7843026     -0.2958683E-01
   0.7919946     -0.2867888E-01
   0.7997346     -0.2775161E-01
   0.8075316     -0.2680512E-01
   0.8153932     -0.2583868E-01
   0.8233230     -0.2485172E-01
   0.8313049     -0.2384613E-01
   0.8392469     -0.2283364E-01
   0.8471433     -0.2181535E-01
   0.8550134     -0.2078909E-01
   0.8628813     -0.1975194E-01
   0.8707761     -0.1870019E-01
   0.8787303     -0.1762951E-01
   0.8866459     -0.1655321E-01
   0.8944152     -0.1548648E-01
   0.9020012     -0.1443519E-01
   0.9093728     -0.1340451E-01
   0.9165079     -0.1239839E-01
   0.9233933     -0.1141951E-01
   0.9300238     -0.1046947E-01
   0.9364004     -0.9548967E-02
   0.9425284     -0.8658024E-02
   0.9484163     -0.7796149E-02
   0.9540744     -0.6962507E-02
   0.9595142     -0.6156037E-02
   0.9647476     -0.5375547E-02
   0.9697866     -0.4619780E-02
   0.9746426     -0.3887463E-02
   0.9793270     -0.3177341E-02
   0.9838502     -0.2488196E-02
   0.9882222     -0.1818864E-02
   0.9924524     -0.1168239E-02
   0.9965493     -0.5352794E-03
    1.000000     -0.1192601E-17
