MH 108  11.98%
    1.000000     -0.1863472E-19
   0.9962859      0.1084406E-03
   0.9915710      0.3268447E-03
   0.9863951      0.6435536E-03
   0.9807933      0.1039997E-02
   0.9748277      0.1497954E-02
   0.9685840      0.1993116E-02
   0.9621457      0.2501062E-02
   0.9555848      0.3013380E-02
   0.9489586      0.3525752E-02
   0.9423006      0.4036077E-02
   0.9356245      0.4545626E-02
   0.9289386      0.5057070E-02
   0.9222487      0.5573305E-02
   0.9155584      0.6097326E-02
   0.9088688      0.6630672E-02
   0.9021804      0.7173583E-02
   0.8954933      0.7726280E-02
   0.8888073      0.8289016E-02
   0.8821219      0.8862049E-02
   0.8754363      0.9445381E-02
   0.8687498      0.1003880E-01
   0.8620621      0.1064208E-01
   0.8553730      0.1125497E-01
   0.8486824      0.1187720E-01
   0.8419906      0.1250849E-01
   0.8352979      0.1314862E-01
   0.8286044      0.1379738E-01
   0.8219102      0.1445458E-01
   0.8152155      0.1512002E-01
   0.8085201      0.1579352E-01
   0.8018239      0.1647491E-01
   0.7951267      0.1716397E-01
   0.7884283      0.1786046E-01
   0.7817286      0.1856414E-01
   0.7750275      0.1927475E-01
   0.7683249      0.1999203E-01
   0.7616209      0.2071574E-01
   0.7549153      0.2144560E-01
   0.7482083      0.2218137E-01
   0.7415000      0.2292280E-01
   0.7347903      0.2366966E-01
   0.7280793      0.2442169E-01
   0.7213670      0.2517866E-01
   0.7146534      0.2594033E-01
   0.7079385      0.2670645E-01
   0.7012223      0.2747677E-01
   0.6945048      0.2825105E-01
   0.6877858      0.2902906E-01
   0.6810654      0.2981054E-01
   0.6743433      0.3059527E-01
   0.6676194      0.3138302E-01
   0.6608936      0.3217354E-01
   0.6541655      0.3296661E-01
   0.6474351      0.3376198E-01
   0.6407023      0.3455937E-01
   0.6339673      0.3535850E-01
   0.6272303      0.3615906E-01
   0.6204917      0.3696072E-01
   0.6137519      0.3776316E-01
   0.6070116      0.3856602E-01
   0.6002716      0.3936891E-01
   0.5935324      0.4017145E-01
   0.5867946      0.4097326E-01
   0.5800587      0.4177396E-01
   0.5733250      0.4257322E-01
   0.5665937      0.4337068E-01
   0.5598648      0.4416603E-01
   0.5531385      0.4495895E-01
   0.5464146      0.4574911E-01
   0.5396930      0.4653615E-01
   0.5329737      0.4731973E-01
   0.5262568      0.4809950E-01
   0.5195422      0.4887509E-01
   0.5128299      0.4964615E-01
   0.5061199      0.5041232E-01
   0.4994125      0.5117323E-01
   0.4927075      0.5192846E-01
   0.4860052      0.5267757E-01
   0.4793055      0.5342011E-01
   0.4726085      0.5415564E-01
   0.4659143      0.5488373E-01
   0.4592229      0.5560395E-01
   0.4525344      0.5631587E-01
   0.4458487      0.5701903E-01
   0.4391659      0.5771292E-01
   0.4324860      0.5839702E-01
   0.4258092      0.5907079E-01
   0.4191356      0.5973373E-01
   0.4124652      0.6038529E-01
   0.4057982      0.6102496E-01
   0.3991348      0.6165221E-01
   0.3924752      0.6226641E-01
   0.3858196      0.6286683E-01
   0.3791681      0.6345276E-01
   0.3725211      0.6402345E-01
   0.3658787      0.6457820E-01
   0.3592412      0.6511629E-01
   0.3526088      0.6563701E-01
   0.3459818      0.6613962E-01
   0.3393604      0.6662328E-01
   0.3327447      0.6708711E-01
   0.3261351      0.6753027E-01
   0.3195314      0.6795192E-01
   0.3129337      0.6835122E-01
   0.3063420      0.6872737E-01
   0.2997562      0.6907947E-01
   0.2931766      0.6940637E-01
   0.2866038      0.6970684E-01
   0.2800391      0.6997963E-01
   0.2734843      0.7022353E-01
   0.2669418      0.7043734E-01
   0.2604144      0.7061989E-01
   0.2539052      0.7076942E-01
   0.2474173      0.7088293E-01
   0.2409530      0.7095740E-01
   0.2345141      0.7098993E-01
   0.2281017      0.7097773E-01
   0.2217163      0.7091813E-01
   0.2153579      0.7080855E-01
   0.2090263      0.7064667E-01
   0.2027205      0.7043028E-01
   0.1964392      0.7015715E-01
   0.1901800      0.6982499E-01
   0.1839401      0.6943138E-01
   0.1777163      0.6897400E-01
   0.1715054      0.6845191E-01
   0.1653058      0.6786478E-01
   0.1591173      0.6721236E-01
   0.1529413      0.6649455E-01
   0.1467807      0.6571148E-01
   0.1406399      0.6486299E-01
   0.1345238      0.6394793E-01
   0.1284376      0.6296520E-01
   0.1223863      0.6191390E-01
   0.1163747      0.6079335E-01
   0.1104077      0.5960272E-01
   0.1044912      0.5833991E-01
   0.9863138E-01  0.5700289E-01
   0.9283489E-01  0.5559012E-01
   0.8710841E-01  0.5410061E-01
   0.8145945E-01  0.5253323E-01
   0.7589857E-01  0.5088635E-01
   0.7043856E-01  0.4915978E-01
   0.6509358E-01  0.4735516E-01
   0.5987852E-01  0.4547567E-01
   0.5481198E-01  0.4352472E-01
   0.4991658E-01  0.4150843E-01
   0.4521526E-01  0.3943657E-01
   0.4072838E-01  0.3732153E-01
   0.3647869E-01  0.3517793E-01
   0.3249752E-01  0.3302743E-01
   0.2881255E-01  0.3089677E-01
   0.2543777E-01  0.2881135E-01
   0.2237400E-01  0.2679015E-01
   0.1961676E-01  0.2484708E-01
   0.1715233E-01  0.2299287E-01
   0.1495768E-01  0.2123271E-01
   0.1300445E-01  0.1956653E-01
   0.1126613E-01  0.1799030E-01
   0.9723874E-02  0.1649946E-01
   0.8359631E-02  0.1509048E-01
   0.7154802E-02  0.1375936E-01
   0.6090956E-02  0.1250130E-01
   0.5150691E-02  0.1131095E-01
   0.4318292E-02  0.1018274E-01
   0.3581830E-02  0.9111073E-02
   0.2932324E-02  0.8090782E-02
   0.2361357E-02  0.7117352E-02
   0.1861214E-02  0.6186733E-02
   0.1426368E-02  0.5294529E-02
   0.1052287E-02  0.4435369E-02
   0.7347096E-03  0.3603919E-02
   0.4722533E-03  0.2797866E-02
   0.2648917E-03  0.2018929E-02
   0.1131040E-03  0.1270037E-02
   0.2273069E-04  0.5461219E-03
   0.2397261E-05 -0.1688633E-03
   0.7290687E-04 -0.8842920E-03
   0.2550380E-03 -0.1602649E-02
   0.5371267E-03 -0.2325243E-02
   0.9018038E-03 -0.3050245E-02
   0.1338230E-02 -0.3781411E-02
   0.1841369E-02 -0.4523514E-02
   0.2413415E-02 -0.5279547E-02
   0.3056365E-02 -0.6052549E-02
   0.3774306E-02 -0.6845893E-02
   0.4573046E-02 -0.7663902E-02
   0.5459337E-02 -0.8511694E-02
   0.6444155E-02 -0.9393341E-02
   0.7540919E-02 -0.1031307E-01
   0.8764694E-02 -0.1127581E-01
   0.1013211E-01 -0.1228718E-01
   0.1166408E-01 -0.1335165E-01
   0.1338524E-01 -0.1447196E-01
   0.1532084E-01 -0.1564916E-01
   0.1749439E-01 -0.1688207E-01
   0.1992557E-01 -0.1816762E-01
   0.2263188E-01 -0.1950348E-01
   0.2563849E-01 -0.2088834E-01
   0.2897367E-01 -0.2231624E-01
   0.3265538E-01 -0.2377653E-01
   0.3668581E-01 -0.2525498E-01
   0.4105259E-01 -0.2673700E-01
   0.4573560E-01 -0.2820597E-01
   0.5070073E-01 -0.2964282E-01
   0.5590216E-01 -0.3103157E-01
   0.6129553E-01 -0.3236328E-01
   0.6685112E-01 -0.3363442E-01
   0.7254723E-01 -0.3484128E-01
   0.7836250E-01 -0.3598205E-01
   0.8427746E-01 -0.3705730E-01
   0.9027653E-01 -0.3806945E-01
   0.9634838E-01 -0.3902008E-01
   0.1024832     -0.3991071E-01
   0.1086721     -0.4074367E-01
   0.1149077     -0.4152199E-01
   0.1211843     -0.4224894E-01
   0.1274980     -0.4292672E-01
   0.1338451     -0.4355731E-01
   0.1402224     -0.4414291E-01
   0.1466270     -0.4468591E-01
   0.1530565     -0.4518879E-01
   0.1595088     -0.4565356E-01
   0.1659822     -0.4608180E-01
   0.1724751     -0.4647516E-01
   0.1789857     -0.4683536E-01
   0.1855124     -0.4716416E-01
   0.1920538     -0.4746333E-01
   0.1986085     -0.4773413E-01
   0.2051752     -0.4797757E-01
   0.2117529     -0.4819469E-01
   0.2183407     -0.4838656E-01
   0.2249376     -0.4855428E-01
   0.2315429     -0.4869897E-01
   0.2381561     -0.4882155E-01
   0.2447765     -0.4892271E-01
   0.2514038     -0.4900318E-01
   0.2580374     -0.4906366E-01
   0.2646771     -0.4910488E-01
   0.2713223     -0.4912756E-01
   0.2779728     -0.4913244E-01
   0.2846282     -0.4912009E-01
   0.2912884     -0.4909101E-01
   0.2979530     -0.4904574E-01
   0.3046217     -0.4898479E-01
   0.3112944     -0.4890868E-01
   0.3179708     -0.4881793E-01
   0.3246506     -0.4871308E-01
   0.3313337     -0.4859454E-01
   0.3380198     -0.4846268E-01
   0.3447088     -0.4831787E-01
   0.3514004     -0.4816046E-01
   0.3580947     -0.4799084E-01
   0.3647915     -0.4780936E-01
   0.3714907     -0.4761640E-01
   0.3781922     -0.4741231E-01
   0.3848960     -0.4719743E-01
   0.3916020     -0.4697208E-01
   0.3983104     -0.4673660E-01
   0.4050211     -0.4649131E-01
   0.4117342     -0.4623654E-01
   0.4184497     -0.4597263E-01
   0.4251677     -0.4569989E-01
   0.4318884     -0.4541867E-01
   0.4386117     -0.4512930E-01
   0.4453376     -0.4483211E-01
   0.4520661     -0.4452744E-01
   0.4587968     -0.4421565E-01
   0.4655295     -0.4389709E-01
   0.4722639     -0.4357211E-01
   0.4789994     -0.4324104E-01
   0.4857357     -0.4290395E-01
   0.4924723     -0.4256089E-01
   0.4992090     -0.4221187E-01
   0.5059453     -0.4185692E-01
   0.5126811     -0.4149606E-01
   0.5194162     -0.4112930E-01
   0.5261506     -0.4075668E-01
   0.5328841     -0.4037818E-01
   0.5396168     -0.3999378E-01
   0.5463487     -0.3960343E-01
   0.5530799     -0.3920710E-01
   0.5598104     -0.3880474E-01
   0.5665405     -0.3839631E-01
   0.5732702     -0.3798176E-01
   0.5799998     -0.3756103E-01
   0.5867295     -0.3713415E-01
   0.5934595     -0.3670120E-01
   0.6001899     -0.3626231E-01
   0.6069209     -0.3581757E-01
   0.6136526     -0.3536711E-01
   0.6203849     -0.3491105E-01
   0.6271178     -0.3444950E-01
   0.6338513     -0.3398259E-01
   0.6405852     -0.3351041E-01
   0.6473194     -0.3303304E-01
   0.6540539     -0.3255053E-01
   0.6607884     -0.3206298E-01
   0.6675230     -0.3157044E-01
   0.6742577     -0.3107299E-01
   0.6809922     -0.3057070E-01
   0.6877267     -0.3006361E-01
   0.6944610     -0.2955176E-01
   0.7011951     -0.2903515E-01
   0.7079290     -0.2851381E-01
   0.7146626     -0.2798775E-01
   0.7213959     -0.2745698E-01
   0.7281288     -0.2692152E-01
   0.7348613     -0.2638139E-01
   0.7415933     -0.2583658E-01
   0.7483248     -0.2528708E-01
   0.7550558     -0.2473288E-01
   0.7617863     -0.2417395E-01
   0.7685162     -0.2361029E-01
   0.7752457     -0.2304187E-01
   0.7819747     -0.2246868E-01
   0.7887033     -0.2189070E-01
   0.7954313     -0.2130791E-01
   0.8021588     -0.2072029E-01
   0.8088856     -0.2012784E-01
   0.8156115     -0.1953056E-01
   0.8223362     -0.1892843E-01
   0.8290595     -0.1832135E-01
   0.8357811     -0.1770920E-01
   0.8425009     -0.1709181E-01
   0.8492187     -0.1646903E-01
   0.8559345     -0.1584071E-01
   0.8626482     -0.1520669E-01
   0.8693597     -0.1456679E-01
   0.8760689     -0.1392087E-01
   0.8827753     -0.1326879E-01
   0.8894784     -0.1261044E-01
   0.8961775     -0.1194569E-01
   0.9028715     -0.1127415E-01
   0.9095582     -0.1059522E-01
   0.9162342     -0.9908440E-02
   0.9228951     -0.9213495E-02
   0.9295351     -0.8509913E-02
   0.9361473     -0.7795723E-02
   0.9427230     -0.7068651E-02
   0.9492525     -0.6326753E-02
   0.9557248     -0.5568631E-02
   0.9621233     -0.4794622E-02
   0.9684224     -0.4006877E-02
   0.9745891     -0.3209776E-02
   0.9805669     -0.2421582E-02
   0.9862476     -0.1673409E-02
   0.9915138     -0.9954903E-03
   0.9962835     -0.4159523E-03
    1.000000     -0.1863472E-19
