MH 45  9.85%
    1.000000     -0.6172753E-19
   0.9966089     -0.9895109E-04
   0.9921956     -0.1749247E-03
   0.9873074     -0.1930011E-03
   0.9820374     -0.1407769E-03
   0.9764458     -0.1547714E-04
   0.9706010      0.1775158E-03
   0.9645693      0.4280156E-03
   0.9584058      0.7296688E-03
   0.9521568      0.1076579E-02
   0.9458549      0.1462053E-02
   0.9395154      0.1880909E-02
   0.9331461      0.2330721E-02
   0.9267537      0.2809256E-02
   0.9203434      0.3314212E-02
   0.9139195      0.3843394E-02
   0.9074850      0.4395461E-02
   0.9010427      0.4969420E-02
   0.8945950      0.5564272E-02
   0.8881438      0.6179022E-02
   0.8816905      0.6812715E-02
   0.8752365      0.7464828E-02
   0.8687825      0.8135144E-02
   0.8623289      0.8823482E-02
   0.8558759      0.9529694E-02
   0.8494233      0.1025367E-01
   0.8429705      0.1099532E-01
   0.8365167      0.1175427E-01
   0.8300609      0.1253001E-01
   0.8236024      0.1332206E-01
   0.8171402      0.1412990E-01
   0.8106735      0.1495305E-01
   0.8042015      0.1579101E-01
   0.7977234      0.1664309E-01
   0.7912383      0.1750830E-01
   0.7847456      0.1838557E-01
   0.7782448      0.1927379E-01
   0.7717356      0.2017183E-01
   0.7652177      0.2107856E-01
   0.7586910      0.2199277E-01
   0.7521558      0.2291344E-01
   0.7456124      0.2383974E-01
   0.7390617      0.2477081E-01
   0.7325048      0.2570576E-01
   0.7259431      0.2664360E-01
   0.7193784      0.2758333E-01
   0.7128129      0.2852387E-01
   0.7062488      0.2946408E-01
   0.6996883      0.3040278E-01
   0.6931332      0.3133887E-01
   0.6865844      0.3227131E-01
   0.6800427      0.3319915E-01
   0.6735082      0.3412151E-01
   0.6669805      0.3503760E-01
   0.6604587      0.3594671E-01
   0.6539419      0.3684840E-01
   0.6474290      0.3774229E-01
   0.6409194      0.3862800E-01
   0.6344124      0.3950510E-01
   0.6279075      0.4037315E-01
   0.6214045      0.4123171E-01
   0.6149033      0.4208029E-01
   0.6084038      0.4291842E-01
   0.6019062      0.4374571E-01
   0.5954103      0.4456178E-01
   0.5889163      0.4536626E-01
   0.5824240      0.4615878E-01
   0.5759334      0.4693898E-01
   0.5694442      0.4770651E-01
   0.5629563      0.4846103E-01
   0.5564694      0.4920225E-01
   0.5499834      0.4992999E-01
   0.5434979      0.5064403E-01
   0.5370129      0.5134420E-01
   0.5305282      0.5203029E-01
   0.5240434      0.5270211E-01
   0.5175585      0.5335943E-01
   0.5110733      0.5400208E-01
   0.5045876      0.5462994E-01
   0.4981014      0.5524292E-01
   0.4916145      0.5584096E-01
   0.4851269      0.5642398E-01
   0.4786386      0.5699190E-01
   0.4721497      0.5754462E-01
   0.4656602      0.5808207E-01
   0.4591702      0.5860414E-01
   0.4526799      0.5911067E-01
   0.4461895      0.5960149E-01
   0.4396990      0.6007644E-01
   0.4332087      0.6053533E-01
   0.4267187      0.6097800E-01
   0.4202295      0.6140429E-01
   0.4137410      0.6181401E-01
   0.4072538      0.6220695E-01
   0.4007678      0.6258278E-01
   0.3942835      0.6294118E-01
   0.3878009      0.6328183E-01
   0.3813201      0.6360442E-01
   0.3748413      0.6390863E-01
   0.3683644      0.6419417E-01
   0.3618895      0.6446071E-01
   0.3554166      0.6470787E-01
   0.3489457      0.6493527E-01
   0.3424773      0.6514250E-01
   0.3360115      0.6532915E-01
   0.3295488      0.6549483E-01
   0.3230898      0.6563915E-01
   0.3166352      0.6576170E-01
   0.3101856      0.6586186E-01
   0.3037416      0.6593888E-01
   0.2973038      0.6599200E-01
   0.2908726      0.6602047E-01
   0.2844481      0.6602356E-01
   0.2780305      0.6600054E-01
   0.2716198      0.6595068E-01
   0.2652159      0.6587325E-01
   0.2588190      0.6576751E-01
   0.2524291      0.6563270E-01
   0.2460465      0.6546810E-01
   0.2396716      0.6527299E-01
   0.2333048      0.6504666E-01
   0.2269464      0.6478836E-01
   0.2205973      0.6449720E-01
   0.2142580      0.6417229E-01
   0.2079291      0.6381270E-01
   0.2016114      0.6341758E-01
   0.1953056      0.6298605E-01
   0.1890122      0.6251725E-01
   0.1827322      0.6201007E-01
   0.1764667      0.6146329E-01
   0.1702168      0.6087574E-01
   0.1639839      0.6024631E-01
   0.1577696      0.5957394E-01
   0.1515755      0.5885755E-01
   0.1454037      0.5809554E-01
   0.1392563      0.5728621E-01
   0.1331356      0.5642793E-01
   0.1270437      0.5551922E-01
   0.1209831      0.5455865E-01
   0.1149566      0.5354426E-01
   0.1089682      0.5247367E-01
   0.1030233      0.5134488E-01
   0.9712786E-01  0.5015639E-01
   0.9128882E-01  0.4890717E-01
   0.8551458E-01  0.4759503E-01
   0.7981504E-01  0.4621685E-01
   0.7420057E-01  0.4477039E-01
   0.6868161E-01  0.4325442E-01
   0.6326899E-01  0.4166825E-01
   0.5797786E-01  0.4001060E-01
   0.5282765E-01  0.3828264E-01
   0.4783944E-01  0.3648876E-01
   0.4303425E-01  0.3463579E-01
   0.3844154E-01  0.3273117E-01
   0.3410158E-01  0.3078999E-01
   0.3005158E-01  0.2883456E-01
   0.2631568E-01  0.2688860E-01
   0.2291139E-01  0.2497264E-01
   0.1984802E-01  0.2310710E-01
   0.1711710E-01  0.2130891E-01
   0.1469479E-01  0.1958814E-01
   0.1255351E-01  0.1794792E-01
   0.1067282E-01  0.1639103E-01
   0.9030419E-02  0.1492092E-01
   0.7599844E-02  0.1353779E-01
   0.6353022E-02  0.1223828E-01
   0.5264051E-02  0.1101652E-01
   0.4316621E-02  0.9864880E-02
   0.3497352E-02  0.8775612E-02
   0.2792521E-02  0.7741695E-02
   0.2189192E-02  0.6756936E-02
   0.1675697E-02  0.5815943E-02
   0.1241748E-02  0.4914056E-02
   0.8790495E-03  0.4047590E-02
   0.5826670E-03  0.3214837E-02
   0.3484163E-03  0.2415024E-02
   0.1740454E-03  0.1647450E-02
   0.5852228E-04  0.9092295E-03
   0.3011010E-05  0.1951514E-03
   0.2244365E-04 -0.5066301E-03
   0.1471624E-03 -0.1209858E-02
   0.4270894E-03 -0.1898070E-02
   0.8540422E-03 -0.2556056E-02
   0.1385714E-02 -0.3188055E-02
   0.2006024E-02 -0.3810627E-02
   0.2711085E-02 -0.4434266E-02
   0.3505104E-02 -0.5064790E-02
   0.4394628E-02 -0.5709510E-02
   0.5393085E-02 -0.6375342E-02
   0.6516462E-02 -0.7070425E-02
   0.7786983E-02 -0.7799857E-02
   0.9232849E-02 -0.8566786E-02
   0.1088573E-01 -0.9373736E-02
   0.1277788E-01 -0.1022205E-01
   0.1493822E-01 -0.1111233E-01
   0.1738972E-01 -0.1204713E-01
   0.2015601E-01 -0.1303488E-01
   0.2328052E-01 -0.1407954E-01
   0.2680609E-01 -0.1517696E-01
   0.3075599E-01 -0.1631631E-01
   0.3512526E-01 -0.1748169E-01
   0.3988701E-01 -0.1865522E-01
   0.4498749E-01 -0.1981347E-01
   0.5034552E-01 -0.2093383E-01
   0.5588067E-01 -0.2200217E-01
   0.6154413E-01 -0.2301438E-01
   0.6731188E-01 -0.2396726E-01
   0.7316412E-01 -0.2485865E-01
   0.7908500E-01 -0.2568821E-01
   0.8506406E-01 -0.2645720E-01
   0.9109537E-01 -0.2716769E-01
   0.9717411E-01 -0.2782201E-01
   0.1032959     -0.2842288E-01
   0.1094570     -0.2897333E-01
   0.1156541     -0.2947656E-01
   0.1218849     -0.2993515E-01
   0.1281470     -0.3035150E-01
   0.1344380     -0.3072812E-01
   0.1407550     -0.3106764E-01
   0.1470954     -0.3137280E-01
   0.1534561     -0.3164577E-01
   0.1598347     -0.3188795E-01
   0.1662292     -0.3210075E-01
   0.1726379     -0.3228565E-01
   0.1790595     -0.3244420E-01
   0.1854935     -0.3257799E-01
   0.1919394     -0.3268840E-01
   0.1983970     -0.3277660E-01
   0.2048659     -0.3284375E-01
   0.2113454     -0.3289105E-01
   0.2178348     -0.3291970E-01
   0.2243333     -0.3293092E-01
   0.2308397     -0.3292584E-01
   0.2373530     -0.3290514E-01
   0.2438724     -0.3286944E-01
   0.2503972     -0.3281937E-01
   0.2569266     -0.3275557E-01
   0.2634604     -0.3267867E-01
   0.2699982     -0.3258931E-01
   0.2765400     -0.3248810E-01
   0.2830857     -0.3237547E-01
   0.2896351     -0.3225188E-01
   0.2961882     -0.3211776E-01
   0.3027448     -0.3197357E-01
   0.3093046     -0.3181976E-01
   0.3158676     -0.3165677E-01
   0.3224334     -0.3148505E-01
   0.3290018     -0.3130494E-01
   0.3355725     -0.3111673E-01
   0.3421456     -0.3092074E-01
   0.3487208     -0.3071727E-01
   0.3552981     -0.3050662E-01
   0.3618776     -0.3028910E-01
   0.3684594     -0.3006500E-01
   0.3750436     -0.2983463E-01
   0.3816303     -0.2959830E-01
   0.3882195     -0.2935633E-01
   0.3948113     -0.2910904E-01
   0.4014055     -0.2885673E-01
   0.4080021     -0.2859975E-01
   0.4146008     -0.2833840E-01
   0.4212015     -0.2807304E-01
   0.4278037     -0.2780389E-01
   0.4344073     -0.2753113E-01
   0.4410120     -0.2725492E-01
   0.4476178     -0.2697541E-01
   0.4542244     -0.2669275E-01
   0.4608321     -0.2640709E-01
   0.4674407     -0.2611859E-01
   0.4740504     -0.2582738E-01
   0.4806613     -0.2553363E-01
   0.4872737     -0.2523752E-01
   0.4938876     -0.2493922E-01
   0.5005029     -0.2463893E-01
   0.5071198     -0.2433682E-01
   0.5137381     -0.2403308E-01
   0.5203576     -0.2372791E-01
   0.5269783     -0.2342150E-01
   0.5335999     -0.2311400E-01
   0.5402221     -0.2280545E-01
   0.5468448     -0.2249594E-01
   0.5534680     -0.2218551E-01
   0.5600914     -0.2187423E-01
   0.5667150     -0.2156214E-01
   0.5733388     -0.2124930E-01
   0.5799629     -0.2093576E-01
   0.5865872     -0.2062159E-01
   0.5932118     -0.2030691E-01
   0.5998368     -0.1999182E-01
   0.6064622     -0.1967644E-01
   0.6130881     -0.1936088E-01
   0.6197143     -0.1904526E-01
   0.6263410     -0.1872969E-01
   0.6329680     -0.1841430E-01
   0.6395955     -0.1809913E-01
   0.6462232     -0.1778418E-01
   0.6528512     -0.1746943E-01
   0.6594794     -0.1715488E-01
   0.6661077     -0.1684049E-01
   0.6727361     -0.1652626E-01
   0.6793645     -0.1621218E-01
   0.6859927     -0.1589822E-01
   0.6926208     -0.1558441E-01
   0.6992487     -0.1527077E-01
   0.7058763     -0.1495732E-01
   0.7125037     -0.1464408E-01
   0.7191309     -0.1433109E-01
   0.7257580     -0.1401836E-01
   0.7323851     -0.1370591E-01
   0.7390122     -0.1339373E-01
   0.7456396     -0.1308176E-01
   0.7522672     -0.1276992E-01
   0.7588951     -0.1245814E-01
   0.7655231     -0.1214635E-01
   0.7721510     -0.1183450E-01
   0.7787788     -0.1152252E-01
   0.7854060     -0.1121041E-01
   0.7920326     -0.1089832E-01
   0.7986585     -0.1058639E-01
   0.8052836     -0.1027476E-01
   0.8119080     -0.9963581E-02
   0.8185320     -0.9652987E-02
   0.8251559     -0.9343096E-02
   0.8317800     -0.9033858E-02
   0.8384046     -0.8725111E-02
   0.8450299     -0.8416694E-02
   0.8516561     -0.8108452E-02
   0.8582833     -0.7800232E-02
   0.8649112     -0.7491889E-02
   0.8715399     -0.7183337E-02
   0.8781688     -0.6874537E-02
   0.8847971     -0.6565466E-02
   0.8914238     -0.6256115E-02
   0.8980475     -0.5946487E-02
   0.9046665     -0.5636357E-02
   0.9112792     -0.5325098E-02
   0.9178843     -0.5012037E-02
   0.9244807     -0.4696497E-02
   0.9310674     -0.4377793E-02
   0.9376420     -0.4055230E-02
   0.9441976     -0.3728305E-02
   0.9507217     -0.3396825E-02
   0.9571968     -0.3060451E-02
   0.9635923     -0.2715056E-02
   0.9698527     -0.2356112E-02
   0.9759066     -0.1981628E-02
   0.9816781     -0.1588306E-02
   0.9870948     -0.1173411E-02
   0.9921004     -0.7426700E-03
   0.9965939     -0.3264757E-03
    1.000000     -0.6172753E-19
