MH 64  8.59%
    1.000000      0.1990527E-19
   0.9965173     -0.1717402E-04
   0.9915608      0.8197024E-05
   0.9860487      0.9966634E-04
   0.9803454      0.2559920E-03
   0.9744774      0.4708988E-03
   0.9684741      0.7350320E-03
   0.9623910      0.1039477E-02
   0.9562798      0.1378562E-02
   0.9501711      0.1746983E-02
   0.9440716      0.2140717E-02
   0.9379747      0.2558504E-02
   0.9318743      0.2999915E-02
   0.9257672      0.3464399E-02
   0.9196526      0.3951230E-02
   0.9135322      0.4459434E-02
   0.9074080      0.4987895E-02
   0.9012813      0.5535514E-02
   0.8951529      0.6101229E-02
   0.8890228      0.6684025E-02
   0.8828906      0.7282941E-02
   0.8767556      0.7897020E-02
   0.8706172      0.8525283E-02
   0.8644752      0.9166720E-02
   0.8583294      0.9820295E-02
   0.8521803      0.1048493E-01
   0.8460282      0.1115962E-01
   0.8398738      0.1184363E-01
   0.8337174      0.1253635E-01
   0.8275595      0.1323713E-01
   0.8214001      0.1394538E-01
   0.8152395      0.1466049E-01
   0.8090774      0.1538188E-01
   0.8029138      0.1610902E-01
   0.7967484      0.1684139E-01
   0.7905812      0.1757849E-01
   0.7844121      0.1831982E-01
   0.7782411      0.1906484E-01
   0.7720683      0.1981303E-01
   0.7658937      0.2056385E-01
   0.7597176      0.2131680E-01
   0.7535401      0.2207141E-01
   0.7473615      0.2282723E-01
   0.7411822      0.2358378E-01
   0.7350025      0.2434059E-01
   0.7288230      0.2509718E-01
   0.7226440      0.2585305E-01
   0.7164661      0.2660769E-01
   0.7102899      0.2736049E-01
   0.7041157      0.2811080E-01
   0.6979438      0.2885802E-01
   0.6917743      0.2960153E-01
   0.6856072      0.3034076E-01
   0.6794424      0.3107513E-01
   0.6732796      0.3180409E-01
   0.6671184      0.3252717E-01
   0.6609584      0.3324406E-01
   0.6547993      0.3395447E-01
   0.6486409      0.3465813E-01
   0.6424829      0.3535474E-01
   0.6363253      0.3604400E-01
   0.6301678      0.3672560E-01
   0.6240106      0.3739922E-01
   0.6178536      0.3806457E-01
   0.6116968      0.3872136E-01
   0.6055404      0.3936932E-01
   0.5993842      0.4000819E-01
   0.5932283      0.4063771E-01
   0.5870727      0.4125761E-01
   0.5809173      0.4186764E-01
   0.5747619      0.4246754E-01
   0.5686064      0.4305709E-01
   0.5624509      0.4363613E-01
   0.5562950      0.4420457E-01
   0.5501389      0.4476227E-01
   0.5439823      0.4530913E-01
   0.5378252      0.4584502E-01
   0.5316675      0.4636983E-01
   0.5255092      0.4688344E-01
   0.5193503      0.4738572E-01
   0.5131907      0.4787662E-01
   0.5070304      0.4835611E-01
   0.5008694      0.4882416E-01
   0.4947076      0.4928072E-01
   0.4885451      0.4972577E-01
   0.4823820      0.5015927E-01
   0.4762181      0.5058119E-01
   0.4700536      0.5099148E-01
   0.4638885      0.5139009E-01
   0.4577229      0.5177693E-01
   0.4515567      0.5215192E-01
   0.4453902      0.5251496E-01
   0.4392233      0.5286598E-01
   0.4330562      0.5320488E-01
   0.4268890      0.5353158E-01
   0.4207218      0.5384600E-01
   0.4145548      0.5414798E-01
   0.4083880      0.5443731E-01
   0.4022216      0.5471377E-01
   0.3960556      0.5497714E-01
   0.3898901      0.5522722E-01
   0.3837251      0.5546378E-01
   0.3775605      0.5568662E-01
   0.3713964      0.5589554E-01
   0.3652328      0.5609028E-01
   0.3590696      0.5627061E-01
   0.3529069      0.5643627E-01
   0.3467448      0.5658701E-01
   0.3405834      0.5672257E-01
   0.3344230      0.5684270E-01
   0.3282639      0.5694714E-01
   0.3221063      0.5703562E-01
   0.3159506      0.5710767E-01
   0.3097970      0.5716274E-01
   0.3036457      0.5720027E-01
   0.2974970      0.5721974E-01
   0.2913509      0.5722059E-01
   0.2852074      0.5720229E-01
   0.2790666      0.5716431E-01
   0.2729284      0.5710607E-01
   0.2667929      0.5702703E-01
   0.2606600      0.5692661E-01
   0.2545300      0.5680423E-01
   0.2484032      0.5665934E-01
   0.2422797      0.5649138E-01
   0.2361601      0.5629980E-01
   0.2300447      0.5608391E-01
   0.2239340      0.5584281E-01
   0.2178285      0.5557563E-01
   0.2117285      0.5528145E-01
   0.2056345      0.5495941E-01
   0.1995466      0.5460862E-01
   0.1934652      0.5422818E-01
   0.1873906      0.5381704E-01
   0.1813232      0.5337404E-01
   0.1752636      0.5289806E-01
   0.1692124      0.5238800E-01
   0.1631703      0.5184276E-01
   0.1571382      0.5126128E-01
   0.1511171      0.5064209E-01
   0.1451080      0.4998347E-01
   0.1391123      0.4928373E-01
   0.1331310      0.4854121E-01
   0.1271655      0.4775428E-01
   0.1212170      0.4692122E-01
   0.1152873      0.4603952E-01
   0.1093787      0.4510660E-01
   0.1034938      0.4412000E-01
   0.9763544E-01  0.4307743E-01
   0.9180687E-01  0.4197650E-01
   0.8601281E-01  0.4081304E-01
   0.8025913E-01  0.3958248E-01
   0.7455248E-01  0.3828078E-01
   0.6890019E-01  0.3690452E-01
   0.6331069E-01  0.3544968E-01
   0.5779297E-01  0.3391012E-01
   0.5235437E-01  0.3227968E-01
   0.4700048E-01  0.3055249E-01
   0.4173934E-01  0.2872145E-01
   0.3659743E-01  0.2678103E-01
   0.3162061E-01  0.2473679E-01
   0.2686487E-01  0.2260549E-01
   0.2239759E-01  0.2040675E-01
   0.1828573E-01  0.1816843E-01
   0.1457062E-01  0.1592555E-01
   0.1130924E-01  0.1372695E-01
   0.8613748E-02  0.1167965E-01
   0.6482628E-02  0.9860587E-02
   0.4814235E-02  0.8268878E-02
   0.3526752E-02  0.6877252E-02
   0.2544651E-02  0.5661022E-02
   0.1792996E-02  0.4590673E-02
   0.1213980E-02  0.3635725E-02
   0.7668367E-03  0.2765567E-02
   0.4273190E-03  0.1959703E-02
   0.1859737E-03  0.1216484E-02
   0.4032735E-04  0.5329443E-03
   0.2627896E-05 -0.1250325E-03
   0.1225508E-03 -0.7753822E-03
   0.4408117E-03 -0.1414984E-02
   0.9125109E-03 -0.2045248E-02
   0.1514697E-02 -0.2682357E-02
   0.2253095E-02 -0.3347038E-02
   0.3154356E-02 -0.4055800E-02
   0.4260180E-02 -0.4829921E-02
   0.5641863E-02 -0.5702335E-02
   0.7427963E-02 -0.6716577E-02
   0.9834987E-02 -0.7921426E-02
   0.1310047E-01 -0.9328253E-02
   0.1709821E-01 -0.1080237E-01
   0.2138787E-01 -0.1220107E-01
   0.2593341E-01 -0.1353822E-01
   0.3082862E-01 -0.1483672E-01
   0.3611448E-01 -0.1610303E-01
   0.4170800E-01 -0.1731676E-01
   0.4745575E-01 -0.1844680E-01
   0.5323828E-01 -0.1948085E-01
   0.5901152E-01 -0.2042645E-01
   0.6479413E-01 -0.2129718E-01
   0.7061110E-01 -0.2210204E-01
   0.7647641E-01 -0.2284746E-01
   0.8239218E-01 -0.2353806E-01
   0.8834904E-01 -0.2417670E-01
   0.9433447E-01 -0.2476486E-01
   0.1003387     -0.2530453E-01
   0.1063555     -0.2579833E-01
   0.1123819     -0.2624931E-01
   0.1184184     -0.2666050E-01
   0.1244667     -0.2703425E-01
   0.1305279     -0.2737271E-01
   0.1366021     -0.2767804E-01
   0.1426888     -0.2795235E-01
   0.1487865     -0.2819772E-01
   0.1548935     -0.2841567E-01
   0.1610080     -0.2860734E-01
   0.1671289     -0.2877392E-01
   0.1732553     -0.2891661E-01
   0.1793866     -0.2903664E-01
   0.1855228     -0.2913528E-01
   0.1916640     -0.2921367E-01
   0.1978105     -0.2927290E-01
   0.2039623     -0.2931400E-01
   0.2101193     -0.2933804E-01
   0.2162812     -0.2934609E-01
   0.2224476     -0.2933921E-01
   0.2286179     -0.2931845E-01
   0.2347914     -0.2928453E-01
   0.2409675     -0.2923791E-01
   0.2471458     -0.2917907E-01
   0.2533258     -0.2910849E-01
   0.2595074     -0.2902666E-01
   0.2656905     -0.2893406E-01
   0.2718750     -0.2883116E-01
   0.2780611     -0.2871843E-01
   0.2842490     -0.2859627E-01
   0.2904386     -0.2846509E-01
   0.2966300     -0.2832531E-01
   0.3028232     -0.2817735E-01
   0.3090180     -0.2802161E-01
   0.3152144     -0.2785852E-01
   0.3214120     -0.2768849E-01
   0.3276108     -0.2751182E-01
   0.3338105     -0.2732872E-01
   0.3400111     -0.2713944E-01
   0.3462123     -0.2694420E-01
   0.3524142     -0.2674322E-01
   0.3586169     -0.2653674E-01
   0.3648203     -0.2632498E-01
   0.3710245     -0.2610816E-01
   0.3772297     -0.2588655E-01
   0.3834361     -0.2566040E-01
   0.3896435     -0.2542999E-01
   0.3958521     -0.2519559E-01
   0.4020619     -0.2495748E-01
   0.4082728     -0.2471594E-01
   0.4144847     -0.2447124E-01
   0.4206974     -0.2422366E-01
   0.4269109     -0.2397342E-01
   0.4331250     -0.2372065E-01
   0.4393395     -0.2346546E-01
   0.4455544     -0.2320798E-01
   0.4517696     -0.2294832E-01
   0.4579852     -0.2268661E-01
   0.4642010     -0.2242294E-01
   0.4704173     -0.2215745E-01
   0.4766340     -0.2189024E-01
   0.4828512     -0.2162147E-01
   0.4890690     -0.2135127E-01
   0.4952875     -0.2107981E-01
   0.5015067     -0.2080723E-01
   0.5077266     -0.2053370E-01
   0.5139471     -0.2025937E-01
   0.5201683     -0.1998440E-01
   0.5263901     -0.1970894E-01
   0.5326124     -0.1943311E-01
   0.5388351     -0.1915697E-01
   0.5450582     -0.1888054E-01
   0.5512815     -0.1860387E-01
   0.5575049     -0.1832701E-01
   0.5637282     -0.1804999E-01
   0.5699516     -0.1777284E-01
   0.5761749     -0.1749561E-01
   0.5823980     -0.1721835E-01
   0.5886208     -0.1694112E-01
   0.5948433     -0.1666403E-01
   0.6010653     -0.1638716E-01
   0.6072869     -0.1611062E-01
   0.6135082     -0.1583448E-01
   0.6197290     -0.1555885E-01
   0.6259496     -0.1528380E-01
   0.6321700     -0.1500942E-01
   0.6383904     -0.1473577E-01
   0.6446107     -0.1446285E-01
   0.6508311     -0.1419064E-01
   0.6570517     -0.1391913E-01
   0.6632724     -0.1364833E-01
   0.6694931     -0.1337822E-01
   0.6757140     -0.1310881E-01
   0.6819348     -0.1284008E-01
   0.6881555     -0.1257206E-01
   0.6943759     -0.1230480E-01
   0.7005961     -0.1203836E-01
   0.7068159     -0.1177281E-01
   0.7130353     -0.1150822E-01
   0.7192545     -0.1124463E-01
   0.7254736     -0.1098213E-01
   0.7316925     -0.1072075E-01
   0.7379116     -0.1046055E-01
   0.7441308     -0.1020149E-01
   0.7503503     -0.9943548E-02
   0.7565702     -0.9686705E-02
   0.7627903     -0.9430935E-02
   0.7690105     -0.9176219E-02
   0.7752307     -0.8922540E-02
   0.7814506     -0.8669889E-02
   0.7876700     -0.8418346E-02
   0.7938888     -0.8168048E-02
   0.8001068     -0.7919129E-02
   0.8063241     -0.7671718E-02
   0.8125409     -0.7425939E-02
   0.8187574     -0.7181915E-02
   0.8249740     -0.6939750E-02
   0.8311911     -0.6699416E-02
   0.8374089     -0.6460797E-02
   0.8436274     -0.6223784E-02
   0.8498467     -0.5988272E-02
   0.8560664     -0.5754165E-02
   0.8622862     -0.5521371E-02
   0.8685054     -0.5289872E-02
   0.8747239     -0.5059771E-02
   0.8809414     -0.4831168E-02
   0.8871584     -0.4604154E-02
   0.8933753     -0.4378809E-02
   0.8995932     -0.4155181E-02
   0.9058130     -0.3932989E-02
   0.9120350     -0.3711697E-02
   0.9182584     -0.3490792E-02
   0.9244817     -0.3269794E-02
   0.9307025     -0.3048266E-02
   0.9369184     -0.2825949E-02
   0.9431292     -0.2602639E-02
   0.9493374     -0.2378039E-02
   0.9555479     -0.2151658E-02
   0.9617619     -0.1920498E-02
   0.9679558     -0.1679685E-02
   0.9740764     -0.1425736E-02
   0.9800544     -0.1155224E-02
   0.9858473     -0.8615658E-03
   0.9914407     -0.5401024E-03
   0.9964920     -0.2249951E-03
    1.000000      0.1990527E-19
