N-13
    1.000000      0.5421011E-19
   0.9966482      0.8724166E-03
   0.9926262      0.1882722E-02
   0.9884252      0.2895630E-02
   0.9840331      0.3908501E-02
   0.9794383      0.4917927E-02
   0.9746302      0.5919558E-02
   0.9695999      0.6907936E-02
   0.9643419      0.7876337E-02
   0.9588557      0.8816677E-02
   0.9531474      0.9719528E-02
   0.9472322      0.1057458E-01
   0.9411354      0.1137815E-01
   0.9348898      0.1213636E-01
   0.9285305      0.1285881E-01
   0.9220922      0.1355799E-01
   0.9156059      0.1424862E-01
   0.9090969      0.1494714E-01
   0.9025829      0.1567113E-01
   0.8960737      0.1643815E-01
   0.8895708      0.1725278E-01
   0.8830727      0.1810933E-01
   0.8765779      0.1900188E-01
   0.8700848      0.1992452E-01
   0.8635917      0.2087137E-01
   0.8570966      0.2183654E-01
   0.8505976      0.2281416E-01
   0.8440928      0.2379834E-01
   0.8375798      0.2478318E-01
   0.8310566      0.2576274E-01
   0.8245206      0.2673104E-01
   0.8179693      0.2768206E-01
   0.8114000      0.2860967E-01
   0.8048099      0.2950768E-01
   0.7981959      0.3036978E-01
   0.7915554      0.3119272E-01
   0.7848865      0.3197899E-01
   0.7781878      0.3273166E-01
   0.7714581      0.3345383E-01
   0.7646965      0.3414858E-01
   0.7579025      0.3481906E-01
   0.7510762      0.3546843E-01
   0.7442176      0.3609990E-01
   0.7373276      0.3671674E-01
   0.7304072      0.3732227E-01
   0.7234581      0.3791987E-01
   0.7164824      0.3851296E-01
   0.7094827      0.3910502E-01
   0.7024623      0.3969957E-01
   0.6954247      0.4029990E-01
   0.6883738      0.4090653E-01
   0.6813128      0.4151810E-01
   0.6742449      0.4213317E-01
   0.6671731      0.4275035E-01
   0.6601002      0.4336823E-01
   0.6530286      0.4398544E-01
   0.6459607      0.4460060E-01
   0.6388984      0.4521240E-01
   0.6318435      0.4581954E-01
   0.6247976      0.4642074E-01
   0.6177619      0.4701478E-01
   0.6107374      0.4760046E-01
   0.6037248      0.4817663E-01
   0.5967248      0.4874217E-01
   0.5897376      0.4929606E-01
   0.5827634      0.4983740E-01
   0.5758022      0.5036530E-01
   0.5688536      0.5087892E-01
   0.5619171      0.5137745E-01
   0.5549920      0.5186008E-01
   0.5480772      0.5232603E-01
   0.5411716      0.5277453E-01
   0.5342736      0.5320483E-01
   0.5273818      0.5361618E-01
   0.5204941      0.5400781E-01
   0.5136087      0.5437897E-01
   0.5067231      0.5472889E-01
   0.4998349      0.5505678E-01
   0.4929414      0.5536219E-01
   0.4860399      0.5564604E-01
   0.4791283      0.5590950E-01
   0.4722048      0.5615374E-01
   0.4652678      0.5637989E-01
   0.4583164      0.5658907E-01
   0.4513500      0.5678239E-01
   0.4443683      0.5696096E-01
   0.4373716      0.5712589E-01
   0.4303605      0.5727830E-01
   0.4233362      0.5741932E-01
   0.4163003      0.5755010E-01
   0.4092548      0.5767178E-01
   0.4022025      0.5778554E-01
   0.3951462      0.5789242E-01
   0.3880893      0.5799213E-01
   0.3810347      0.5808355E-01
   0.3739852      0.5816556E-01
   0.3669431      0.5823709E-01
   0.3599102      0.5829706E-01
   0.3528883      0.5834444E-01
   0.3458785      0.5837820E-01
   0.3388820      0.5839734E-01
   0.3318992      0.5840090E-01
   0.3249304      0.5838789E-01
   0.3179757      0.5835739E-01
   0.3110346      0.5830844E-01
   0.3041066      0.5824012E-01
   0.2971907      0.5815150E-01
   0.2902859      0.5804180E-01
   0.2833911      0.5791047E-01
   0.2765056      0.5775696E-01
   0.2696285      0.5758069E-01
   0.2627591      0.5738111E-01
   0.2558969      0.5715766E-01
   0.2490415      0.5690974E-01
   0.2421923      0.5663681E-01
   0.2353493      0.5633828E-01
   0.2285121      0.5601358E-01
   0.2216807      0.5566214E-01
   0.2148552      0.5528340E-01
   0.2080355      0.5487680E-01
   0.2012219      0.5444179E-01
   0.1944148      0.5397778E-01
   0.1876148      0.5348383E-01
   0.1808237      0.5295896E-01
   0.1740441      0.5240228E-01
   0.1672796      0.5181303E-01
   0.1605346      0.5119064E-01
   0.1538143      0.5053468E-01
   0.1471245      0.4984490E-01
   0.1404718      0.4911939E-01
   0.1338629      0.4835420E-01
   0.1273033      0.4754550E-01
   0.1207982      0.4668971E-01
   0.1143518      0.4578352E-01
   0.1079677      0.4482384E-01
   0.1016487      0.4380787E-01
   0.9539734E-01  0.4273331E-01
   0.8921714E-01  0.4160078E-01
   0.8311078E-01  0.4041210E-01
   0.7707918E-01  0.3916873E-01
   0.7112174E-01  0.3787099E-01
   0.6524973E-01  0.3651382E-01
   0.5952213E-01  0.3510047E-01
   0.5403627E-01  0.3365054E-01
   0.4889038E-01  0.3219378E-01
   0.4415389E-01  0.3075773E-01
   0.3984093E-01  0.2935313E-01
   0.3591423E-01  0.2797754E-01
   0.3232197E-01  0.2662338E-01
   0.2901436E-01  0.2528164E-01
   0.2594856E-01  0.2394325E-01
   0.2308799E-01  0.2259770E-01
   0.2040697E-01  0.2122653E-01
   0.1792767E-01  0.1983792E-01
   0.1568793E-01  0.1846696E-01
   0.1369938E-01  0.1714780E-01
   0.1194359E-01  0.1589903E-01
   0.1039773E-01  0.1472893E-01
   0.9040625E-02  0.1363717E-01
   0.7844735E-02  0.1261476E-01
   0.6785186E-02  0.1165139E-01
   0.5841925E-02  0.1073785E-01
   0.4999250E-02  0.9866476E-02
   0.4244925E-02  0.9030976E-02
   0.3569385E-02  0.8226178E-02
   0.2965113E-02  0.7447797E-02
   0.2426182E-02  0.6692240E-02
   0.1947918E-02  0.5956450E-02
   0.1526654E-02  0.5237791E-02
   0.1159560E-02  0.4533949E-02
   0.8445124E-03  0.3842860E-02
   0.5800047E-03  0.3162653E-02
   0.3650940E-03  0.2491595E-02
   0.1993670E-03  0.1828051E-02
   0.8293270E-04  0.1170442E-02
   0.1643775E-04  0.5172044E-03
   0.1107867E-05 -0.1332466E-03
   0.3852516E-04 -0.7825764E-03
   0.1283695E-03 -0.1432609E-02
   0.2696224E-03 -0.2085179E-02
   0.4618622E-03 -0.2742086E-02
   0.7052430E-03 -0.3405156E-02
   0.1000491E-02 -0.4076278E-02
   0.1348926E-02 -0.4757466E-02
   0.1752513E-02 -0.5450911E-02
   0.2213945E-02 -0.6159054E-02
   0.2736767E-02 -0.6884666E-02
   0.3325548E-02 -0.7630959E-02
   0.3986128E-02 -0.8401726E-02
   0.4725956E-02 -0.9201526E-02
   0.5554560E-02 -0.1003594E-01
   0.6484190E-02 -0.1091189E-01
   0.7530625E-02 -0.1183806E-01
   0.8714268E-02 -0.1282544E-01
   0.1006068E-01 -0.1388743E-01
   0.1159860E-01 -0.1503848E-01
   0.1334970E-01 -0.1628768E-01
   0.1532763E-01 -0.1762966E-01
   0.1753946E-01 -0.1903984E-01
   0.1995635E-01 -0.2046877E-01
   0.2252463E-01 -0.2186079E-01
   0.2521481E-01 -0.2318761E-01
   0.2805904E-01 -0.2446204E-01
   0.3110929E-01 -0.2571049E-01
   0.3442612E-01 -0.2695993E-01
   0.3808498E-01 -0.2824115E-01
   0.4217600E-01 -0.2959242E-01
   0.4678051E-01 -0.3105972E-01
   0.5186808E-01 -0.3267704E-01
   0.5719096E-01 -0.3438567E-01
   0.6246159E-01 -0.3603983E-01
   0.6754100E-01 -0.3754168E-01
   0.7244822E-01 -0.3885686E-01
   0.7729995E-01 -0.3998410E-01
   0.8225489E-01 -0.4095944E-01
   0.8745692E-01 -0.4184105E-01
   0.9303978E-01 -0.4268206E-01
   0.9911362E-01 -0.4354194E-01
   0.1056852     -0.4448104E-01
   0.1126156     -0.4549297E-01
   0.1196240     -0.4652267E-01
   0.1266400     -0.4754320E-01
   0.1335465     -0.4852143E-01
   0.1402521     -0.4943090E-01
   0.1467706     -0.5026301E-01
   0.1531564     -0.5101606E-01
   0.1594815     -0.5169871E-01
   0.1658069     -0.5232521E-01
   0.1721810     -0.5290687E-01
   0.1786420     -0.5345291E-01
   0.1852194     -0.5397132E-01
   0.1919318     -0.5446937E-01
   0.1987841     -0.5495393E-01
   0.2057630     -0.5543056E-01
   0.2128401     -0.5589798E-01
   0.2199142     -0.5634783E-01
   0.2269483     -0.5677656E-01
   0.2339666     -0.5718456E-01
   0.2409899     -0.5757173E-01
   0.2480358     -0.5793759E-01
   0.2551185     -0.5828124E-01
   0.2622160     -0.5859999E-01
   0.2692626     -0.5888974E-01
   0.2762531     -0.5914954E-01
   0.2831884     -0.5937881E-01
   0.2900729     -0.5957709E-01
   0.2969135     -0.5974394E-01
   0.3037197     -0.5987897E-01
   0.3105026     -0.5998302E-01
   0.3172724     -0.6005787E-01
   0.3240379     -0.6010517E-01
   0.3308070     -0.6012642E-01
   0.3375863     -0.6012298E-01
   0.3443815     -0.6009614E-01
   0.3511973     -0.6004715E-01
   0.3580374     -0.5997722E-01
   0.3649045     -0.5988758E-01
   0.3718000     -0.5977945E-01
   0.3787245     -0.5965411E-01
   0.3856772     -0.5951290E-01
   0.3926559     -0.5935723E-01
   0.3996571     -0.5918860E-01
   0.4066761     -0.5900829E-01
   0.4137074     -0.5881629E-01
   0.4207462     -0.5861223E-01
   0.4277880     -0.5839574E-01
   0.4348289     -0.5816644E-01
   0.4418655     -0.5792400E-01
   0.4488951     -0.5766806E-01
   0.4559155     -0.5739828E-01
   0.4629252     -0.5711431E-01
   0.4699230     -0.5681579E-01
   0.4769087     -0.5650235E-01
   0.4838821     -0.5617360E-01
   0.4908441     -0.5582914E-01
   0.4977957     -0.5546851E-01
   0.5047387     -0.5509128E-01
   0.5116750     -0.5469741E-01
   0.5186064     -0.5428713E-01
   0.5255349     -0.5386065E-01
   0.5324618     -0.5341818E-01
   0.5393888     -0.5295992E-01
   0.5463171     -0.5248608E-01
   0.5532479     -0.5199683E-01
   0.5601822     -0.5149240E-01
   0.5671209     -0.5097297E-01
   0.5740648     -0.5043876E-01
   0.5810146     -0.4988996E-01
   0.5879706     -0.4932681E-01
   0.5949332     -0.4874952E-01
   0.6019027     -0.4815835E-01
   0.6088792     -0.4755374E-01
   0.6158627     -0.4693650E-01
   0.6228535     -0.4630750E-01
   0.6298515     -0.4566761E-01
   0.6368571     -0.4501769E-01
   0.6438703     -0.4435863E-01
   0.6508914     -0.4369130E-01
   0.6579203     -0.4301661E-01
   0.6649575     -0.4233544E-01
   0.6720029     -0.4164869E-01
   0.6790568     -0.4095728E-01
   0.6861193     -0.4026211E-01
   0.6931907     -0.3956411E-01
   0.7002711     -0.3886422E-01
   0.7073575     -0.3816336E-01
   0.7144366     -0.3746240E-01
   0.7215072     -0.3676075E-01
   0.7285704     -0.3605759E-01
   0.7356279     -0.3535207E-01
   0.7426817     -0.3464328E-01
   0.7497344     -0.3393026E-01
   0.7567891     -0.3321200E-01
   0.7638493     -0.3248742E-01
   0.7709190     -0.3175539E-01
   0.7779994     -0.3101505E-01
   0.7850650     -0.3026835E-01
   0.7921046     -0.2951585E-01
   0.7991123     -0.2875758E-01
   0.8060824     -0.2799354E-01
   0.8130096     -0.2722322E-01
   0.8198909     -0.2644577E-01
   0.8267254     -0.2566017E-01
   0.8335140     -0.2486525E-01
   0.8402595     -0.2405964E-01
   0.8469663     -0.2324181E-01
   0.8536400     -0.2241003E-01
   0.8602878     -0.2156238E-01
   0.8669183     -0.2069668E-01
   0.8735414     -0.1981048E-01
   0.8801687     -0.1890097E-01
   0.8868134     -0.1796494E-01
   0.8934908     -0.1699866E-01
   0.9002187     -0.1599771E-01
   0.9070174     -0.1495809E-01
   0.9139008     -0.1388058E-01
   0.9208653     -0.1276990E-01
   0.9278847     -0.1163482E-01
   0.9349089     -0.1048855E-01
   0.9418705     -0.9347405E-02
   0.9486835     -0.8230735E-02
   0.9552642     -0.7156450E-02
   0.9615475     -0.6135880E-02
   0.9674984     -0.5173955E-02
   0.9731075     -0.4271406E-02
   0.9783832     -0.3426182E-02
   0.9833438     -0.2634681E-02
   0.9880125     -0.1892616E-02
   0.9924140     -0.1195561E-02
   0.9965726     -0.5392576E-03
    1.000000      0.5421011E-19
