NACA 6-H-15 AIRFOIL
    1.000000     -0.1653397E-17
   0.9965660      0.5978390E-04
   0.9924518      0.1610762E-03
   0.9881605      0.3012650E-03
   0.9836789      0.4854031E-03
   0.9789937      0.7192351E-03
   0.9740916      0.1009237E-02
   0.9689604      0.1362612E-02
   0.9635898      0.1787212E-02
   0.9579732      0.2291334E-02
   0.9521099      0.2883339E-02
   0.9460074      0.3570747E-02
   0.9396824      0.4355845E-02
   0.9331590      0.5235714E-02
   0.9264662      0.6204315E-02
   0.9196364      0.7252800E-02
   0.9127017      0.8370142E-02
   0.9056910      0.9544001E-02
   0.8986272      0.1076168E-01
   0.8915260      0.1201391E-01
   0.8844002      0.1329864E-01
   0.8772613      0.1461476E-01
   0.8701195      0.1596125E-01
   0.8629835      0.1733723E-01
   0.8558606      0.1874197E-01
   0.8487564      0.2017495E-01
   0.8416746      0.2163590E-01
   0.8346176      0.2312481E-01
   0.8275862      0.2464196E-01
   0.8205795      0.2618794E-01
   0.8135954      0.2776369E-01
   0.8066303      0.2937048E-01
   0.7996793      0.3101001E-01
   0.7927361      0.3268393E-01
   0.7857939      0.3439253E-01
   0.7788466      0.3613574E-01
   0.7718888      0.3791334E-01
   0.7649162      0.3972499E-01
   0.7579249      0.4157016E-01
   0.7509121      0.4344812E-01
   0.7438758      0.4535790E-01
   0.7368149      0.4729828E-01
   0.7297292      0.4926770E-01
   0.7226198      0.5126428E-01
   0.7154884      0.5328578E-01
   0.7083383      0.5532955E-01
   0.7011737      0.5739253E-01
   0.6940000      0.5947119E-01
   0.6868229      0.6156117E-01
   0.6796473      0.6365796E-01
   0.6724778      0.6575722E-01
   0.6653180      0.6785478E-01
   0.6581710      0.6994671E-01
   0.6510392      0.7202931E-01
   0.6439244      0.7409911E-01
   0.6368275      0.7615292E-01
   0.6297492      0.7818775E-01
   0.6226891      0.8020088E-01
   0.6156466      0.8218980E-01
   0.6086203      0.8415220E-01
   0.6016084      0.8608599E-01
   0.5946087      0.8798922E-01
   0.5876189      0.8986008E-01
   0.5806377      0.9169666E-01
   0.5736645      0.9349682E-01
   0.5666994      0.9525832E-01
   0.5597432      0.9697874E-01
   0.5527977      0.9865558E-01
   0.5458649      0.1002863    
   0.5389479      0.1018682    
   0.5320500      0.1033988    
   0.5251754      0.1048754    
   0.5183285      0.1062957    
   0.5115142      0.1076573    
   0.5047379      0.1089579    
   0.4980048      0.1101958    
   0.4913208      0.1113690    
   0.4846903      0.1124758    
   0.4781157      0.1135150    
   0.4715969      0.1144861    
   0.4651323      0.1153888    
   0.4587184      0.1162229    
   0.4523504      0.1169886    
   0.4460221      0.1176858    
   0.4397263      0.1183144    
   0.4334547      0.1188744    
   0.4271976      0.1193651    
   0.4209443      0.1197859    
   0.4146828      0.1201354    
   0.4083991      0.1204120    
   0.4020777      0.1206132    
   0.3957002      0.1207361    
   0.3892465      0.1207806    
   0.3826975      0.1207485    
   0.3760365      0.1206409    
   0.3692491      0.1204590    
   0.3623247      0.1202036    
   0.3552576      0.1198764    
   0.3480488      0.1194796    
   0.3407083      0.1190168    
   0.3332571      0.1184933    
   0.3257291      0.1179168    
   0.3181711      0.1172973    
   0.3106415      0.1166470    
   0.3032055      0.1159795    
   0.2959284      0.1153080    
   0.2888628      0.1146319    
   0.2820287      0.1139387    
   0.2754178      0.1132161    
   0.2690034      0.1124520    
   0.2627488      0.1116338    
   0.2566097      0.1107480    
   0.2505357      0.1097785    
   0.2444683      0.1087086    
   0.2383462      0.1075332    
   0.2321151      0.1062508    
   0.2257292      0.1048606    
   0.2191525      0.1033638    
   0.2123648      0.1017669    
   0.2053716      0.1000854    
   0.1982176      0.9834786E-01
   0.1909919      0.9658524E-01
   0.1837942      0.9481161E-01
   0.1767012      0.9303427E-01
   0.1697608      0.9125515E-01
   0.1629939      0.8947145E-01
   0.1564011      0.8767665E-01
   0.1499678      0.8586124E-01
   0.1436700      0.8401440E-01
   0.1374825      0.8212797E-01
   0.1313840      0.8019489E-01
   0.1253565      0.7820826E-01
   0.1193844      0.7616123E-01
   0.1134539      0.7404683E-01
   0.1075526      0.7185781E-01
   0.1016694      0.6958657E-01
   0.9579350E-01  0.6722636E-01
   0.8991440E-01  0.6478105E-01
   0.8402429E-01  0.6226088E-01
   0.7811939E-01  0.5967820E-01
   0.7220045E-01  0.5704724E-01
   0.6629146E-01  0.5438136E-01
   0.6050080E-01  0.5172341E-01
   0.5500522E-01  0.4915270E-01
   0.4996228E-01  0.4674744E-01
   0.4544924E-01  0.4454470E-01
   0.4145356E-01  0.4252319E-01
   0.3790099E-01  0.4064139E-01
   0.3471216E-01  0.3886093E-01
   0.3182052E-01  0.3715063E-01
   0.2917446E-01  0.3548604E-01
   0.2673434E-01  0.3384732E-01
   0.2446878E-01  0.3221732E-01
   0.2234366E-01  0.3057769E-01
   0.2033420E-01  0.2892013E-01
   0.1843429E-01  0.2725315E-01
   0.1664659E-01  0.2559586E-01
   0.1497436E-01  0.2397013E-01
   0.1341700E-01  0.2239412E-01
   0.1197131E-01  0.2088047E-01
   0.1064256E-01  0.1944029E-01
   0.9430239E-02  0.1807611E-01
   0.8326960E-02  0.1678388E-01
   0.7323380E-02  0.1555727E-01
   0.6410307E-02  0.1438961E-01
   0.5579462E-02  0.1327464E-01
   0.4823673E-02  0.1220676E-01
   0.4136839E-02  0.1118107E-01
   0.3513817E-02  0.1019330E-01
   0.2950299E-02  0.9239757E-02
   0.2442687E-02  0.8317230E-02
   0.1988000E-02  0.7422910E-02
   0.1583780E-02  0.6554339E-02
   0.1228033E-02  0.5709346E-02
   0.9191672E-03  0.4886003E-02
   0.6559587E-03  0.4082591E-02
   0.4375170E-03  0.3297562E-02
   0.2632648E-03  0.2529515E-02
   0.1329264E-03  0.1777172E-02
   0.4652220E-04  0.1039356E-02
   0.4373567E-05  0.3149774E-03
   0.7114873E-05 -0.3969871E-03
   0.5571600E-04 -0.1097505E-02
   0.1515161E-03 -0.1787506E-02
   0.2962715E-03 -0.2467894E-02
   0.4922221E-03 -0.3139561E-02
   0.7421812E-03 -0.3803408E-02
   0.1048671E-02 -0.4460396E-02
   0.1411819E-02 -0.5111564E-02
   0.1831675E-02 -0.5757854E-02
   0.2308763E-02 -0.6400093E-02
   0.2844083E-02 -0.7038995E-02
   0.3439123E-02 -0.7675165E-02
   0.4095878E-02 -0.8309085E-02
   0.4816885E-02 -0.8941094E-02
   0.5605266E-02 -0.9571346E-02
   0.6464764E-02 -0.1019975E-01
   0.7399775E-02 -0.1082585E-01
   0.8415339E-02 -0.1144870E-01
   0.9517034E-02 -0.1206657E-01
   0.1071066E-01 -0.1267653E-01
   0.1200152E-01 -0.1327384E-01
   0.1339280E-01 -0.1385087E-01
   0.1488733E-01 -0.1439842E-01
   0.1649837E-01 -0.1491247E-01
   0.1824392E-01 -0.1539117E-01
   0.2014521E-01 -0.1583504E-01
   0.2222734E-01 -0.1624903E-01
   0.2452038E-01 -0.1664612E-01
   0.2706167E-01 -0.1705186E-01
   0.2989274E-01 -0.1748567E-01
   0.3305124E-01 -0.1794867E-01
   0.3656594E-01 -0.1843838E-01
   0.4044642E-01 -0.1894843E-01
   0.4467516E-01 -0.1946811E-01
   0.4921280E-01 -0.1998412E-01
   0.5402444E-01 -0.2048422E-01
   0.5910694E-01 -0.2096020E-01
   0.6446721E-01 -0.2140493E-01
   0.7011169E-01 -0.2181096E-01
   0.7604953E-01 -0.2217081E-01
   0.8229563E-01 -0.2248044E-01
   0.8885989E-01 -0.2274886E-01
   0.9573654E-01 -0.2299214E-01
   0.1028957     -0.2323203E-01
   0.1102792     -0.2348461E-01
   0.1178161     -0.2374920E-01
   0.1254358     -0.2402309E-01
   0.1330736     -0.2430355E-01
   0.1406963     -0.2458882E-01
   0.1482755     -0.2487723E-01
   0.1558065     -0.2516811E-01
   0.1632972     -0.2546278E-01
   0.1707570     -0.2576346E-01
   0.1781947     -0.2607241E-01
   0.1856190     -0.2639185E-01
   0.1930383     -0.2672403E-01
   0.2004606     -0.2707126E-01
   0.2078942     -0.2743508E-01
   0.2153458     -0.2781356E-01
   0.2228193     -0.2820365E-01
   0.2303154     -0.2860209E-01
   0.2378311     -0.2900536E-01
   0.2453599     -0.2940971E-01
   0.2528919     -0.2981115E-01
   0.2604141     -0.3020586E-01
   0.2679152     -0.3059067E-01
   0.2753879     -0.3096275E-01
   0.2828284     -0.3131955E-01
   0.2902367     -0.3165878E-01
   0.2976160     -0.3197835E-01
   0.3049728     -0.3227646E-01
   0.3123155     -0.3255373E-01
   0.3196522     -0.3281247E-01
   0.3269898     -0.3305495E-01
   0.3343346     -0.3328334E-01
   0.3416918     -0.3349974E-01
   0.3490660     -0.3370622E-01
   0.3564610     -0.3390483E-01
   0.3638797     -0.3409762E-01
   0.3713242     -0.3428663E-01
   0.3787957     -0.3447393E-01
   0.3862946     -0.3466160E-01
   0.3938201     -0.3485176E-01
   0.4013706     -0.3504653E-01
   0.4089433     -0.3524749E-01
   0.4165353     -0.3545464E-01
   0.4241435     -0.3566767E-01
   0.4317647     -0.3588625E-01
   0.4393959     -0.3611006E-01
   0.4470342     -0.3633876E-01
   0.4546764     -0.3657200E-01
   0.4623189     -0.3680939E-01
   0.4699610     -0.3705065E-01
   0.4775989     -0.3729539E-01
   0.4852301     -0.3754325E-01
   0.4928521     -0.3779386E-01
   0.5004624     -0.3804688E-01
   0.5080590     -0.3830175E-01
   0.5156398     -0.3855721E-01
   0.5232036     -0.3881179E-01
   0.5307495     -0.3906408E-01
   0.5382773     -0.3931273E-01
   0.5457872     -0.3955639E-01
   0.5532799     -0.3979377E-01
   0.5607568     -0.4002360E-01
   0.5682195     -0.4024463E-01
   0.5756702     -0.4045564E-01
   0.5831115     -0.4065543E-01
   0.5905465     -0.4084278E-01
   0.5979787     -0.4101650E-01
   0.6054121     -0.4117540E-01
   0.6128509     -0.4131881E-01
   0.6202980     -0.4144632E-01
   0.6277553     -0.4155751E-01
   0.6352231     -0.4165191E-01
   0.6427007     -0.4172903E-01
   0.6501856     -0.4178838E-01
   0.6576744     -0.4182949E-01
   0.6651618     -0.4185193E-01
   0.6726415     -0.4185530E-01
   0.6801058     -0.4183930E-01
   0.6875459     -0.4180370E-01
   0.6949520     -0.4174841E-01
   0.7023133     -0.4167342E-01
   0.7096188     -0.4157716E-01
   0.7168583     -0.4145513E-01
   0.7240246     -0.4130282E-01
   0.7311130     -0.4111607E-01
   0.7381214     -0.4089106E-01
   0.7450494     -0.4062420E-01
   0.7518986     -0.4031215E-01
   0.7586720     -0.3995170E-01
   0.7653736     -0.3953971E-01
   0.7720088     -0.3907308E-01
   0.7785837     -0.3854861E-01
   0.7851051     -0.3796301E-01
   0.7915808     -0.3731274E-01
   0.7980190     -0.3659397E-01
   0.8044291     -0.3580294E-01
   0.8108214     -0.3494097E-01
   0.8172064     -0.3401276E-01
   0.8235939     -0.3302273E-01
   0.8299937     -0.3197510E-01
   0.8364150     -0.3087391E-01
   0.8428669     -0.2972311E-01
   0.8493586     -0.2852666E-01
   0.8558993     -0.2728855E-01
   0.8624983     -0.2601289E-01
   0.8691649     -0.2470402E-01
   0.8759089     -0.2336652E-01
   0.8827403     -0.2200538E-01
   0.8896695     -0.2062602E-01
   0.8967074     -0.1923448E-01
   0.9038653     -0.1783726E-01
   0.9111494     -0.1643662E-01
   0.9185465     -0.1503300E-01
   0.9260149     -0.1363141E-01
   0.9334824     -0.1224205E-01
   0.9408516     -0.1087929E-01
   0.9480154     -0.9559108E-02
   0.9548761     -0.8296243E-02
   0.9613661     -0.7101993E-02
   0.9674576     -0.5981387E-02
   0.9731532     -0.4933883E-02
   0.9784736     -0.3955636E-02
   0.9834479     -0.3041225E-02
   0.9881081     -0.2184746E-02
   0.9924854     -0.1380417E-02
   0.9966089     -0.6228749E-03
    1.000000     -0.1653397E-17
