NACA 747A315
    1.000000     -0.2710487E-19
   0.9966009      0.1996315E-03
   0.9925262      0.4609118E-03
   0.9882733      0.7592268E-03
   0.9838285      0.1099010E-02
   0.9791777      0.1485253E-02
   0.9743070      0.1923523E-02
   0.9692030      0.2419932E-02
   0.9638545      0.2981028E-02
   0.9582537      0.3613580E-02
   0.9523989      0.4324180E-02
   0.9462966      0.5118494E-02
   0.9399633      0.5998230E-02
   0.9334229      0.6960989E-02
   0.9267044      0.8001869E-02
   0.9198392      0.9113839E-02
   0.9128582      0.1028838E-01
   0.9057876      0.1151632E-01
   0.8986464      0.1278872E-01
   0.8914449      0.1409911E-01
   0.8841888      0.1544498E-01
   0.8768831      0.1682438E-01
   0.8695311      0.1823542E-01
   0.8621350      0.1967640E-01
   0.8546954      0.2114581E-01
   0.8472111      0.2264241E-01
   0.8396797      0.2416477E-01
   0.8320999      0.2571077E-01
   0.8244726      0.2727766E-01
   0.8168010      0.2886209E-01
   0.8090912      0.3046006E-01
   0.8013518      0.3206686E-01
   0.7935943      0.3367743E-01
   0.7858307      0.3528803E-01
   0.7780701      0.3689599E-01
   0.7703183      0.3849932E-01
   0.7625781      0.4009673E-01
   0.7548486      0.4168762E-01
   0.7471259      0.4327210E-01
   0.7394048      0.4485177E-01
   0.7316818      0.4642892E-01
   0.7239564      0.4800527E-01
   0.7162314      0.4958192E-01
   0.7085121      0.5115938E-01
   0.7008070      0.5273753E-01
   0.6931264      0.5431427E-01
   0.6854782      0.5588450E-01
   0.6778662      0.5744356E-01
   0.6702901      0.5898772E-01
   0.6627461      0.6051412E-01
   0.6552271      0.6202062E-01
   0.6477227      0.6350608E-01
   0.6402223      0.6497189E-01
   0.6327188      0.6641989E-01
   0.6252085      0.6785119E-01
   0.6176915      0.6926618E-01
   0.6101715      0.7066455E-01
   0.6026558      0.7204540E-01
   0.5951546      0.7340652E-01
   0.5876771      0.7474426E-01
   0.5802295      0.7605541E-01
   0.5728150      0.7733741E-01
   0.5654340      0.7858827E-01
   0.5580844      0.7980649E-01
   0.5507616      0.8099107E-01
   0.5434595      0.8214205E-01
   0.5361725      0.8326021E-01
   0.5288958      0.8434616E-01
   0.5216251      0.8540031E-01
   0.5143567      0.8642295E-01
   0.5070877      0.8741420E-01
   0.4998156      0.8837402E-01
   0.4925396      0.8930180E-01
   0.4852620      0.9019619E-01
   0.4779897      0.9105541E-01
   0.4707334      0.9187739E-01
   0.4635075      0.9265986E-01
   0.4563298      0.9340057E-01
   0.4492205      0.9409719E-01
   0.4421979      0.9474498E-01
   0.4352719      0.9533853E-01
   0.4284425      0.9587383E-01
   0.4217025      0.9634785E-01
   0.4150382      0.9675811E-01
   0.4084311      0.9710224E-01
   0.4018574      0.9737763E-01
   0.3952895      0.9758255E-01
   0.3886998      0.9772038E-01
   0.3820664      0.9779493E-01
   0.3753719      0.9780929E-01
   0.3686048      0.9776619E-01
   0.3617594      0.9766832E-01
   0.3548372      0.9751866E-01
   0.3478484      0.9732075E-01
   0.3408108      0.9707718E-01
   0.3337438      0.9678807E-01
   0.3266638      0.9645361E-01
   0.3195843      0.9607422E-01
   0.3125149      0.9565042E-01
   0.3054616      0.9518271E-01
   0.2984269      0.9467146E-01
   0.2914096      0.9411678E-01
   0.2844074      0.9351833E-01
   0.2774181      0.9287570E-01
   0.2704397      0.9218842E-01
   0.2634705      0.9145598E-01
   0.2565089      0.9067788E-01
   0.2495539      0.8985356E-01
   0.2426042      0.8898251E-01
   0.2356595      0.8806455E-01
   0.2287200      0.8709979E-01
   0.2217872      0.8608851E-01
   0.2148634      0.8503116E-01
   0.2079522      0.8392843E-01
   0.2010580      0.8278127E-01
   0.1941862      0.8159087E-01
   0.1873430      0.8035789E-01
   0.1805347      0.7908202E-01
   0.1737673      0.7776295E-01
   0.1670461      0.7640050E-01
   0.1603759      0.7499457E-01
   0.1537609      0.7354516E-01
   0.1472051      0.7205232E-01
   0.1407116      0.7051612E-01
   0.1342846      0.6893635E-01
   0.1279292      0.6731304E-01
   0.1216514      0.6564675E-01
   0.1154578      0.6393854E-01
   0.1093553      0.6218993E-01
   0.1033508      0.6040294E-01
   0.9745125E-01  0.5857997E-01
   0.9166356E-01  0.5672388E-01
   0.8600111E-01  0.5484043E-01
   0.8049355E-01  0.5294198E-01
   0.7518149E-01  0.5104645E-01
   0.7010676E-01  0.4917436E-01
   0.6530328E-01  0.4734282E-01
   0.6078494E-01  0.4555713E-01
   0.5654351E-01  0.4381570E-01
   0.5255906E-01  0.4211371E-01
   0.4880729E-01  0.4044505E-01
   0.4526355E-01  0.3880329E-01
   0.4190614E-01  0.3718369E-01
   0.3872462E-01  0.3558811E-01
   0.3571915E-01  0.3402376E-01
   0.3289331E-01  0.3249991E-01
   0.3024932E-01  0.3102546E-01
   0.2778569E-01  0.2960736E-01
   0.2549675E-01  0.2824997E-01
   0.2337335E-01  0.2695504E-01
   0.2140402E-01  0.2572218E-01
   0.1957705E-01  0.2454834E-01
   0.1788304E-01  0.2342589E-01
   0.1631186E-01  0.2234706E-01
   0.1485301E-01  0.2130523E-01
   0.1349641E-01  0.2029483E-01
   0.1223276E-01  0.1931120E-01
   0.1105364E-01  0.1835045E-01
   0.9951563E-02  0.1740936E-01
   0.8919906E-02  0.1648522E-01
   0.7953733E-02  0.1557626E-01
   0.7049422E-02  0.1468148E-01
   0.6203725E-02  0.1380015E-01
   0.5413640E-02  0.1293173E-01
   0.4676393E-02  0.1207576E-01
   0.3991853E-02  0.1122892E-01
   0.3363409E-02  0.1038335E-01
   0.2793502E-02  0.9531576E-02
   0.2283248E-02  0.8667920E-02
   0.1830532E-02  0.7793829E-02
   0.1432391E-02  0.6912991E-02
   0.1086347E-02  0.6028389E-02
   0.7903677E-03  0.5142446E-02
   0.5428287E-03  0.4257144E-02
   0.3424823E-03  0.3374121E-02
   0.1884384E-03  0.2494740E-02
   0.8015180E-04  0.1620153E-02
   0.1741891E-04  0.7513425E-03
   0.3838230E-06 -0.1108393E-03
   0.2955478E-04 -0.9656395E-03
   0.1058330E-03 -0.1812378E-02
   0.2305566E-03 -0.2650423E-02
   0.4055638E-03 -0.3479174E-02
   0.6329887E-03 -0.4298169E-02
   0.9131223E-03 -0.5108030E-02
   0.1245505E-02 -0.5909741E-02
   0.1630067E-02 -0.6704046E-02
   0.2067100E-02 -0.7491448E-02
   0.2557211E-02 -0.8272188E-02
   0.3101287E-02 -0.9046216E-02
   0.3700440E-02 -0.9813134E-02
   0.4355941E-02 -0.1057212E-01
   0.5069112E-02 -0.1132183E-01
   0.5841168E-02 -0.1206022E-01
   0.6672972E-02 -0.1278440E-01
   0.7564669E-02 -0.1349038E-01
   0.8515178E-02 -0.1417283E-01
   0.9523770E-02 -0.1482995E-01
   0.1059248E-01 -0.1546853E-01
   0.1172447E-01 -0.1609832E-01
   0.1292402E-01 -0.1672458E-01
   0.1419597E-01 -0.1734817E-01
   0.1554547E-01 -0.1797003E-01
   0.1697781E-01 -0.1859121E-01
   0.1849965E-01 -0.1921270E-01
   0.2012014E-01 -0.1983529E-01
   0.2184966E-01 -0.2046010E-01
   0.2369981E-01 -0.2108871E-01
   0.2568361E-01 -0.2172341E-01
   0.2781558E-01 -0.2236755E-01
   0.3011119E-01 -0.2302581E-01
   0.3258776E-01 -0.2370235E-01
   0.3526563E-01 -0.2439805E-01
   0.3816555E-01 -0.2511305E-01
   0.4130650E-01 -0.2584684E-01
   0.4470415E-01 -0.2659848E-01
   0.4837018E-01 -0.2736700E-01
   0.5231278E-01 -0.2815238E-01
   0.5653986E-01 -0.2895677E-01
   0.6106457E-01 -0.2978217E-01
   0.6589987E-01 -0.3062648E-01
   0.7105096E-01 -0.3148611E-01
   0.7651296E-01 -0.3235640E-01
   0.8227051E-01 -0.3323208E-01
   0.8829948E-01 -0.3410687E-01
   0.9456862E-01 -0.3497330E-01
   0.1010439     -0.3582467E-01
   0.1076959     -0.3665608E-01
   0.1145045     -0.3746482E-01
   0.1214517     -0.3824925E-01
   0.1285178     -0.3900834E-01
   0.1356829     -0.3974168E-01
   0.1429271     -0.4044960E-01
   0.1502320     -0.4113309E-01
   0.1575816     -0.4179381E-01
   0.1649629     -0.4243231E-01
   0.1723661     -0.4304754E-01
   0.1797844     -0.4363868E-01
   0.1872146     -0.4420524E-01
   0.1946564     -0.4474701E-01
   0.2021132     -0.4526401E-01
   0.2095917     -0.4575660E-01
   0.2170999     -0.4622638E-01
   0.2246430     -0.4667536E-01
   0.2322226     -0.4710534E-01
   0.2398366     -0.4751795E-01
   0.2474789     -0.4791470E-01
   0.2551394     -0.4829697E-01
   0.2628045     -0.4866502E-01
   0.2704628     -0.4901740E-01
   0.2781076     -0.4935276E-01
   0.2857369     -0.4967004E-01
   0.2933534     -0.4996837E-01
   0.3009642     -0.5024701E-01
   0.3085808     -0.5050562E-01
   0.3162149     -0.5074554E-01
   0.3238742     -0.5096846E-01
   0.3315610     -0.5117595E-01
   0.3392726     -0.5136943E-01
   0.3470003     -0.5155026E-01
   0.3547301     -0.5171964E-01
   0.3624452     -0.5187684E-01
   0.3701336     -0.5201960E-01
   0.3777901     -0.5214584E-01
   0.3854161     -0.5225367E-01
   0.3930193     -0.5234129E-01
   0.4006132     -0.5240692E-01
   0.4082160     -0.5245022E-01
   0.4158439     -0.5247341E-01
   0.4235078     -0.5247887E-01
   0.4312125     -0.5246897E-01
   0.4389568     -0.5244613E-01
   0.4467325     -0.5241291E-01
   0.4545251     -0.5237134E-01
   0.4623185     -0.5232089E-01
   0.4701005     -0.5226045E-01
   0.4778632     -0.5218892E-01
   0.4856033     -0.5210523E-01
   0.4933218     -0.5200827E-01
   0.5010236     -0.5189695E-01
   0.5087157     -0.5177074E-01
   0.5164033     -0.5162948E-01
   0.5240889     -0.5147304E-01
   0.5317725     -0.5130134E-01
   0.5394512     -0.5111435E-01
   0.5471198     -0.5091214E-01
   0.5547708     -0.5069451E-01
   0.5623976     -0.5046038E-01
   0.5699969     -0.5020849E-01
   0.5775682     -0.4993757E-01
   0.5851139     -0.4964625E-01
   0.5926390     -0.4933304E-01
   0.6001514     -0.4899635E-01
   0.6076596     -0.4863528E-01
   0.6151693     -0.4824970E-01
   0.6226815     -0.4783970E-01
   0.6301927     -0.4740562E-01
   0.6376948     -0.4694814E-01
   0.6451755     -0.4646830E-01
   0.6526186     -0.4596722E-01
   0.6600079     -0.4544348E-01
   0.6673337     -0.4489431E-01
   0.6745929     -0.4431675E-01
   0.6817888     -0.4370753E-01
   0.6889296     -0.4306301E-01
   0.6960285     -0.4237904E-01
   0.7031033     -0.4165117E-01
   0.7101736     -0.4087799E-01
   0.7172566     -0.4005987E-01
   0.7243660     -0.3919720E-01
   0.7315124     -0.3829053E-01
   0.7387031     -0.3734073E-01
   0.7459418     -0.3634908E-01
   0.7532281     -0.3531750E-01
   0.7605589     -0.3424835E-01
   0.7679312     -0.3314413E-01
   0.7753432     -0.3200730E-01
   0.7827938     -0.3084030E-01
   0.7902835     -0.2964546E-01
   0.7978139     -0.2842500E-01
   0.8053880     -0.2718096E-01
   0.8130084     -0.2591526E-01
   0.8206741     -0.2463035E-01
   0.8283798     -0.2332955E-01
   0.8361155     -0.2201706E-01
   0.8438663     -0.2069803E-01
   0.8516126     -0.1937846E-01
   0.8593312     -0.1806530E-01
   0.8670015     -0.1676565E-01
   0.8746077     -0.1548562E-01
   0.8821396     -0.1423023E-01
   0.8895912     -0.1300344E-01
   0.8969611     -0.1180827E-01
   0.9042511     -0.1064709E-01
   0.9114616     -0.9524322E-02
   0.9185816     -0.8447232E-02
   0.9255891     -0.7424070E-02
   0.9324537     -0.6463116E-02
   0.9391412     -0.5571720E-02
   0.9456180     -0.4755461E-02
   0.9518552     -0.4017574E-02
   0.9578317     -0.3357409E-02
   0.9635377     -0.2770029E-02
   0.9689743     -0.2249298E-02
   0.9741496     -0.1788794E-02
   0.9790760     -0.1382256E-02
   0.9837685     -0.1023830E-02
   0.9882427     -0.7081981E-03
   0.9925144     -0.4306056E-03
   0.9965988     -0.1868512E-03
    1.000000     -0.2710487E-19
