NACA CYH
   0.9999836      0.9997101E-03
   0.9964538      0.1547901E-02
   0.9921811      0.2214224E-02
   0.9876714      0.2920802E-02
   0.9829024      0.3671691E-02
   0.9778513      0.4471122E-02
   0.9724965      0.5323260E-02
   0.9668203      0.6231769E-02
   0.9608128      0.7199133E-02
   0.9544784      0.8225671E-02
   0.9478419      0.9308339E-02
   0.9409531      0.1043928E-01
   0.9338787      0.1160642E-01
   0.9266898      0.1279630E-01
   0.9194512      0.1399621E-01
   0.9122136      0.1519559E-01
   0.9050080      0.1638714E-01
   0.8978452      0.1756701E-01
   0.8907194      0.1873502E-01
   0.8836199      0.1989338E-01
   0.8765372      0.2104427E-01
   0.8694628      0.2218962E-01
   0.8623896      0.2333118E-01
   0.8553112      0.2447050E-01
   0.8482225      0.2560899E-01
   0.8411190      0.2674791E-01
   0.8339972      0.2788835E-01
   0.8268547      0.2903129E-01
   0.8196897      0.3017755E-01
   0.8125019      0.3132778E-01
   0.8052916      0.3248251E-01
   0.7980604      0.3364207E-01
   0.7908111      0.3480648E-01
   0.7835528      0.3597426E-01
   0.7763055      0.3714220E-01
   0.7690679      0.3831041E-01
   0.7618374      0.3947931E-01
   0.7546111      0.4064931E-01
   0.7473864      0.4182080E-01
   0.7401607      0.4299414E-01
   0.7329316      0.4416972E-01
   0.7256965      0.4534789E-01
   0.7184532      0.4652899E-01
   0.7111996      0.4771334E-01
   0.7039466      0.4889912E-01
   0.6967084      0.5008394E-01
   0.6894870      0.5126677E-01
   0.6822837      0.5244569E-01
   0.6750993      0.5361881E-01
   0.6679342      0.5478432E-01
   0.6607887      0.5594050E-01
   0.6536625      0.5708572E-01
   0.6465550      0.5821842E-01
   0.6394655      0.5933713E-01
   0.6323926      0.6044045E-01
   0.6253349      0.6152705E-01
   0.6182907      0.6259563E-01
   0.6112580      0.6364498E-01
   0.6042343      0.6467390E-01
   0.5972171      0.6568124E-01
   0.5902037      0.6666632E-01
   0.5831916      0.6762936E-01
   0.5761790      0.6857060E-01
   0.5691643      0.6949018E-01
   0.5621462      0.7038819E-01
   0.5551239      0.7126468E-01
   0.5480971      0.7211959E-01
   0.5410656      0.7295285E-01
   0.5340299      0.7376434E-01
   0.5269907      0.7455388E-01
   0.5199491      0.7532127E-01
   0.5129066      0.7606630E-01
   0.5058652      0.7678870E-01
   0.4988272      0.7748822E-01
   0.4917952      0.7816448E-01
   0.4847718      0.7881673E-01
   0.4777589      0.7944417E-01
   0.4707579      0.8004609E-01
   0.4637694      0.8062187E-01
   0.4567938      0.8117093E-01
   0.4498304      0.8169276E-01
   0.4428785      0.8218688E-01
   0.4359363      0.8265284E-01
   0.4290020      0.8309019E-01
   0.4220728      0.8349851E-01
   0.4151456      0.8387734E-01
   0.4082169      0.8422620E-01
   0.4012824      0.8454458E-01
   0.3943373      0.8483195E-01
   0.3873766      0.8508864E-01
   0.3803960      0.8531550E-01
   0.3733925      0.8551333E-01
   0.3663641      0.8568284E-01
   0.3593100      0.8582474E-01
   0.3522307      0.8593970E-01
   0.3451281      0.8602842E-01
   0.3380053      0.8609164E-01
   0.3308670      0.8613014E-01
   0.3237193      0.8614478E-01
   0.3165698      0.8613652E-01
   0.3094274      0.8610642E-01
   0.3023022      0.8605566E-01
   0.2952054      0.8598543E-01
   0.2881488      0.8589444E-01
   0.2811424      0.8577890E-01
   0.2741935      0.8563513E-01
   0.2673068      0.8545972E-01
   0.2604851      0.8524947E-01
   0.2537286      0.8500137E-01
   0.2470363      0.8471252E-01
   0.2404052      0.8438012E-01
   0.2338312      0.8400138E-01
   0.2273091      0.8357346E-01
   0.2208323      0.8309339E-01
   0.2143936      0.8255803E-01
   0.2079846      0.8196396E-01
   0.2015960      0.8130739E-01
   0.1952174      0.8058421E-01
   0.1888382      0.7979256E-01
   0.1824506      0.7893296E-01
   0.1760502      0.7800620E-01
   0.1696362      0.7701348E-01
   0.1632114      0.7595662E-01
   0.1567830      0.7483828E-01
   0.1503615      0.7366212E-01
   0.1439618      0.7243242E-01
   0.1376007      0.7114999E-01
   0.1312933      0.6981378E-01
   0.1250518      0.6842282E-01
   0.1188860      0.6697616E-01
   0.1128024      0.6547285E-01
   0.1068058      0.6391186E-01
   0.1008983      0.6229207E-01
   0.9508092E-01  0.6061248E-01
   0.8935607E-01  0.5887565E-01
   0.8373155E-01  0.5708759E-01
   0.7821937E-01  0.5525602E-01
   0.7283432E-01  0.5339009E-01
   0.6759487E-01  0.5149446E-01
   0.6253471E-01  0.4956927E-01
   0.5770153E-01  0.4762466E-01
   0.5314210E-01  0.4567850E-01
   0.4888965E-01  0.4375110E-01
   0.4496057E-01  0.4186109E-01
   0.4135114E-01  0.4001899E-01
   0.3803346E-01  0.3822332E-01
   0.3497228E-01  0.3646681E-01
   0.3213356E-01  0.3474012E-01
   0.2948717E-01  0.3303330E-01
   0.2700742E-01  0.3133633E-01
   0.2467266E-01  0.2963917E-01
   0.2246163E-01  0.2793112E-01
   0.2035123E-01  0.2620729E-01
   0.1834045E-01  0.2448390E-01
   0.1644410E-01  0.2279290E-01
   0.1467798E-01  0.2116827E-01
   0.1304910E-01  0.1963444E-01
   0.1155406E-01  0.1820221E-01
   0.1019258E-01  0.1687223E-01
   0.8963332E-02  0.1563665E-01
   0.7855952E-02  0.1448316E-01
   0.6857782E-02  0.1339947E-01
   0.5956958E-02  0.1237488E-01
   0.5143191E-02  0.1140043E-01
   0.4407840E-02  0.1046870E-01
   0.3743802E-02  0.9573590E-02
   0.3145242E-02  0.8710033E-02
   0.2607383E-02  0.7873769E-02
   0.2126329E-02  0.7061181E-02
   0.1698921E-02  0.6269161E-02
   0.1322628E-02  0.5494999E-02
   0.9954578E-03  0.4736305E-02
   0.7158933E-03  0.3990940E-02
   0.4828467E-03  0.3256960E-02
   0.2956265E-03  0.2532570E-02
   0.1539200E-03  0.1816087E-02
   0.5778790E-04  0.1105902E-02
   0.7671335E-05  0.4004463E-03
   0.4412827E-05 -0.3018370E-03
   0.4928796E-04 -0.1002531E-02
   0.1430191E-03 -0.1703078E-02
   0.2845151E-03 -0.2404486E-02
   0.4728321E-03 -0.3107624E-02
   0.7074391E-03 -0.3813299E-02
   0.9881877E-03 -0.4522265E-02
   0.1315295E-02 -0.5235233E-02
   0.1689338E-02 -0.5952877E-02
   0.2111261E-02 -0.6675837E-02
   0.2582391E-02 -0.7404717E-02
   0.3104468E-02 -0.8140076E-02
   0.3679679E-02 -0.8882417E-02
   0.4310711E-02 -0.9632160E-02
   0.5000815E-02 -0.1038960E-01
   0.5753876E-02 -0.1115485E-01
   0.6574499E-02 -0.1192775E-01
   0.7468086E-02 -0.1270766E-01
   0.8440890E-02 -0.1349328E-01
   0.9499992E-02 -0.1428219E-01
   0.1065308E-01 -0.1507023E-01
   0.1190782E-01 -0.1585043E-01
   0.1327041E-01 -0.1661147E-01
   0.1474866E-01 -0.1734241E-01
   0.1635736E-01 -0.1803954E-01
   0.1811335E-01 -0.1870133E-01
   0.2003455E-01 -0.1932938E-01
   0.2213949E-01 -0.1993105E-01
   0.2444705E-01 -0.2052332E-01
   0.2697752E-01 -0.2113611E-01
   0.2975249E-01 -0.2178536E-01
   0.3278914E-01 -0.2246737E-01
   0.3609518E-01 -0.2317374E-01
   0.3966576E-01 -0.2389133E-01
   0.4348477E-01 -0.2460296E-01
   0.4753321E-01 -0.2528946E-01
   0.5180576E-01 -0.2593232E-01
   0.5633076E-01 -0.2652263E-01
   0.6115947E-01 -0.2706563E-01
   0.6634613E-01 -0.2756971E-01
   0.7193137E-01 -0.2804649E-01
   0.7791154E-01 -0.2851221E-01
   0.8421037E-01 -0.2897271E-01
   0.9071369E-01 -0.2941571E-01
   0.9732024E-01 -0.2983031E-01
   0.1039738     -0.3021008E-01
   0.1106656     -0.3055381E-01
   0.1173988     -0.3086260E-01
   0.1241758     -0.3113762E-01
   0.1309978     -0.3137996E-01
   0.1378648     -0.3159076E-01
   0.1447752     -0.3177114E-01
   0.1517262     -0.3192232E-01
   0.1587135     -0.3204554E-01
   0.1657324     -0.3214213E-01
   0.1727787     -0.3221350E-01
   0.1798490     -0.3226118E-01
   0.1869403     -0.3228678E-01
   0.1940507     -0.3229197E-01
   0.2011787     -0.3227848E-01
   0.2083237     -0.3224795E-01
   0.2154855     -0.3220171E-01
   0.2226638     -0.3214104E-01
   0.2298584     -0.3206724E-01
   0.2370688     -0.3198164E-01
   0.2442946     -0.3188557E-01
   0.2515352     -0.3178040E-01
   0.2587899     -0.3166753E-01
   0.2660581     -0.3154836E-01
   0.2733388     -0.3142432E-01
   0.2806313     -0.3129687E-01
   0.2879344     -0.3116747E-01
   0.2952471     -0.3103759E-01
   0.3025682     -0.3090873E-01
   0.3098965     -0.3078183E-01
   0.3172307     -0.3065679E-01
   0.3245697     -0.3053343E-01
   0.3319125     -0.3041156E-01
   0.3392580     -0.3029098E-01
   0.3466056     -0.3017148E-01
   0.3539544     -0.3005286E-01
   0.3613038     -0.2993493E-01
   0.3686534     -0.2981746E-01
   0.3760026     -0.2970026E-01
   0.3833513     -0.2958311E-01
   0.3906992     -0.2946581E-01
   0.3980461     -0.2934812E-01
   0.4053922     -0.2922987E-01
   0.4127375     -0.2911100E-01
   0.4200822     -0.2899162E-01
   0.4274263     -0.2887178E-01
   0.4347701     -0.2875158E-01
   0.4421136     -0.2863109E-01
   0.4494571     -0.2851039E-01
   0.4568006     -0.2838957E-01
   0.4641445     -0.2826870E-01
   0.4714888     -0.2814785E-01
   0.4788339     -0.2802712E-01
   0.4861798     -0.2790657E-01
   0.4935269     -0.2778629E-01
   0.5008754     -0.2766636E-01
   0.5082256     -0.2754681E-01
   0.5155775     -0.2742756E-01
   0.5229313     -0.2730848E-01
   0.5302857     -0.2718950E-01
   0.5376387     -0.2707052E-01
   0.5449905     -0.2695142E-01
   0.5523417     -0.2683209E-01
   0.5596929     -0.2671240E-01
   0.5670449     -0.2659223E-01
   0.5743985     -0.2647143E-01
   0.5817521     -0.2634994E-01
   0.5891017     -0.2622769E-01
   0.5964460     -0.2610460E-01
   0.6037836     -0.2598057E-01
   0.6111128     -0.2585508E-01
   0.6184323     -0.2572712E-01
   0.6257409     -0.2559571E-01
   0.6330377     -0.2545983E-01
   0.6403218     -0.2531849E-01
   0.6475927     -0.2517070E-01
   0.6548501     -0.2501549E-01
   0.6620937     -0.2485190E-01
   0.6693237     -0.2467896E-01
   0.6765402     -0.2449571E-01
   0.6837436     -0.2430120E-01
   0.6909345     -0.2409449E-01
   0.6981137     -0.2387463E-01
   0.7052820     -0.2364070E-01
   0.7124404     -0.2339213E-01
   0.7195899     -0.2312853E-01
   0.7267314     -0.2284953E-01
   0.7338655     -0.2255477E-01
   0.7409932     -0.2224387E-01
   0.7481150     -0.2191644E-01
   0.7552316     -0.2157210E-01
   0.7623436     -0.2121046E-01
   0.7694516     -0.2083113E-01
   0.7765561     -0.2043373E-01
   0.7836574     -0.2001785E-01
   0.7907560     -0.1958311E-01
   0.7978522     -0.1912910E-01
   0.8049463     -0.1865550E-01
   0.8120388     -0.1816289E-01
   0.8191304     -0.1765242E-01
   0.8262221     -0.1712525E-01
   0.8333152     -0.1658248E-01
   0.8404113     -0.1602519E-01
   0.8475123     -0.1545445E-01
   0.8546203     -0.1487126E-01
   0.8617380     -0.1427661E-01
   0.8688680     -0.1367146E-01
   0.8760137     -0.1305673E-01
   0.8831784     -0.1243331E-01
   0.8903663     -0.1180208E-01
   0.8975816     -0.1116386E-01
   0.9048290     -0.1051935E-01
   0.9121085     -0.9867744E-02
   0.9194046     -0.9208329E-02
   0.9266828     -0.8542115E-02
   0.9338920     -0.7871856E-02
   0.9409697     -0.7201817E-02
   0.9478496     -0.6537235E-02
   0.9544716     -0.5883625E-02
   0.9607916     -0.5246475E-02
   0.9667883     -0.4629837E-02
   0.9724594     -0.4035863E-02
   0.9778150     -0.3465273E-02
   0.9828725     -0.2917826E-02
   0.9876527     -0.2392688E-02
   0.9921775     -0.1888700E-02
   0.9964686     -0.1404555E-02
    1.000016     -0.9997101E-03
