NACA 63(4)-421
    1.000000      0.1043534E-17
   0.9954396      0.8759233E-03
   0.9899653      0.1938401E-02
   0.9842466      0.3061190E-02
   0.9782699      0.4248682E-02
   0.9720239      0.5505073E-02
   0.9655008      0.6834022E-02
   0.9586983      0.8238207E-02
   0.9516224      0.9718728E-02
   0.9442894      0.1127448E-01
   0.9367255      0.1290223E-01
   0.9289614      0.1459758E-01
   0.9210287      0.1635564E-01
   0.9129558      0.1817187E-01
   0.9047644      0.2004294E-01
   0.8964660      0.2196761E-01
   0.8880624      0.2394546E-01
   0.8795535      0.2597501E-01
   0.8709413      0.2805404E-01
   0.8622301      0.3017954E-01
   0.8534269      0.3234758E-01
   0.8445418      0.3455333E-01
   0.8355867      0.3679212E-01
   0.8265735      0.3905970E-01
   0.8175131      0.4135192E-01
   0.8084148      0.4366489E-01
   0.7992865      0.4599502E-01
   0.7901344      0.4833873E-01
   0.7809646      0.5069175E-01
   0.7717839      0.5304941E-01
   0.7626005      0.5540678E-01
   0.7534231      0.5775866E-01
   0.7442615      0.6009973E-01
   0.7351249      0.6242482E-01
   0.7260204      0.6472945E-01
   0.7169524      0.6700989E-01
   0.7079232      0.6926309E-01
   0.6989326      0.7148664E-01
   0.6899788      0.7367893E-01
   0.6810596      0.7583896E-01
   0.6721733      0.7796570E-01
   0.6633186      0.8005807E-01
   0.6544945      0.8211495E-01
   0.6457002      0.8413516E-01
   0.6369357      0.8611745E-01
   0.6282010      0.8806052E-01
   0.6194971      0.8996298E-01
   0.6108253      0.9182339E-01
   0.6021871      0.9364031E-01
   0.5935847      0.9541220E-01
   0.5850198      0.9713723E-01
   0.5764926      0.9881377E-01
   0.5680021      0.1004405    
   0.5595455      0.1020164    
   0.5511192      0.1035408    
   0.5427182      0.1050131    
   0.5343386      0.1064335    
   0.5259793      0.1078018    
   0.5176423      0.1091174    
   0.5093323      0.1103793    
   0.5010567      0.1115863    
   0.4928252      0.1127366    
   0.4846462      0.1138270    
   0.4765227      0.1148542    
   0.4684523      0.1158160    
   0.4604272      0.1167106    
   0.4524355      0.1175367    
   0.4444606      0.1182933    
   0.4364850      0.1189823    
   0.4284970      0.1196074    
   0.4204923      0.1201714    
   0.4124743      0.1206766    
   0.4044541      0.1211250    
   0.3964506      0.1215185    
   0.3884893      0.1218580    
   0.3805941      0.1221385    
   0.3727787      0.1223538    
   0.3650457      0.1224985    
   0.3573884      0.1225679    
   0.3497921      0.1225572    
   0.3422353      0.1224620    
   0.3346937      0.1222830    
   0.3271486      0.1220234    
   0.3195874      0.1216860    
   0.3120034      0.1212735    
   0.3043967      0.1207889    
   0.2967734      0.1202355    
   0.2891465      0.1196167    
   0.2815309      0.1189330    
   0.2739394      0.1181847    
   0.2663822      0.1173718    
   0.2588672      0.1164949    
   0.2513993      0.1155540    
   0.2439813      0.1145494    
   0.2366144      0.1134812    
   0.2293001      0.1123495    
   0.2220405      0.1111550    
   0.2148390      0.1098984    
   0.2076994      0.1085806    
   0.2006265      0.1072030    
   0.1936252      0.1057673    
   0.1867012      0.1042754    
   0.1798610      0.1027301    
   0.1731119      0.1011346    
   0.1664623      0.9949268E-01
   0.1599207      0.9780852E-01
   0.1534956      0.9608669E-01
   0.1471953      0.9433207E-01
   0.1410275      0.9254952E-01
   0.1350007      0.9074250E-01
   0.1291249      0.8891429E-01
   0.1234102      0.8706898E-01
   0.1178657      0.8521127E-01
   0.1124993      0.8334619E-01
   0.1073169      0.8147880E-01
   0.1023220      0.7961402E-01
   0.9751612E-01  0.7775639E-01
   0.9289853E-01  0.7590998E-01
   0.8846714E-01  0.7407826E-01
   0.8421928E-01  0.7226435E-01
   0.8015152E-01  0.7047117E-01
   0.7625949E-01  0.6870134E-01
   0.7253794E-01  0.6695708E-01
   0.6898089E-01  0.6524016E-01
   0.6558209E-01  0.6355150E-01
   0.6233513E-01  0.6189102E-01
   0.5923304E-01  0.6025833E-01
   0.5626849E-01  0.5865280E-01
   0.5343408E-01  0.5707369E-01
   0.5072256E-01  0.5552016E-01
   0.4812687E-01  0.5399134E-01
   0.4564030E-01  0.5248633E-01
   0.4325658E-01  0.5100419E-01
   0.4097049E-01  0.4954394E-01
   0.3877761E-01  0.4810488E-01
   0.3667403E-01  0.4668659E-01
   0.3465607E-01  0.4528884E-01
   0.3272028E-01  0.4391149E-01
   0.3086334E-01  0.4255445E-01
   0.2908200E-01  0.4121764E-01
   0.2737310E-01  0.3990098E-01
   0.2573357E-01  0.3860439E-01
   0.2416039E-01  0.3732772E-01
   0.2265065E-01  0.3607083E-01
   0.2120149E-01  0.3483351E-01
   0.1981054E-01  0.3361528E-01
   0.1847734E-01  0.3241442E-01
   0.1720153E-01  0.3122889E-01
   0.1598231E-01  0.3005679E-01
   0.1481859E-01  0.2889629E-01
   0.1370906E-01  0.2774574E-01
   0.1265233E-01  0.2660356E-01
   0.1164693E-01  0.2546831E-01
   0.1069139E-01  0.2433867E-01
   0.9784244E-02  0.2321340E-01
   0.8924035E-02  0.2209142E-01
   0.8108095E-02  0.2097313E-01
   0.7332762E-02  0.1986046E-01
   0.6594780E-02  0.1875535E-01
   0.5891276E-02  0.1765968E-01
   0.5219693E-02  0.1657524E-01
   0.4577863E-02  0.1550361E-01
   0.3967706E-02  0.1444296E-01
   0.3395160E-02  0.1338764E-01
   0.2865476E-02  0.1233206E-01
   0.2382803E-02  0.1127140E-01
   0.1947643E-02  0.1020548E-01
   0.1558716E-02  0.9136438E-02
   0.1214868E-02  0.8066064E-02
   0.9150977E-03  0.6995848E-02
   0.6585704E-03  0.5927024E-02
   0.4446224E-03  0.4860611E-02
   0.2727685E-03  0.3797442E-02
   0.1427091E-03  0.2738197E-02
   0.5433981E-04  0.1683422E-02
   0.7762362E-05  0.6335459E-03
   0.3300115E-05 -0.4110981E-03
   0.4151771E-04 -0.1450266E-02
   0.1232469E-03 -0.2483791E-02
   0.2496206E-03 -0.3511578E-02
   0.4221169E-03 -0.4533597E-02
   0.6421607E-03 -0.5550095E-02
   0.9094827E-03 -0.6562284E-02
   0.1223503E-02 -0.7571506E-02
   0.1583874E-02 -0.8578947E-02
   0.1990442E-02 -0.9585638E-02
   0.2443204E-02 -0.1059246E-01
   0.2942266E-02 -0.1160011E-01
   0.3487791E-02 -0.1260912E-01
   0.4079936E-02 -0.1361978E-01
   0.4718771E-02 -0.1463212E-01
   0.5404183E-02 -0.1564581E-01
   0.6135738E-02 -0.1666015E-01
   0.6912527E-02 -0.1767391E-01
   0.7732955E-02 -0.1868522E-01
   0.8594590E-02 -0.1969168E-01
   0.9495597E-02 -0.2069339E-01
   0.1043532E-01 -0.2169384E-01
   0.1141344E-01 -0.2269765E-01
   0.1243105E-01 -0.2370698E-01
   0.1349075E-01 -0.2471985E-01
   0.1459551E-01 -0.2573379E-01
   0.1574868E-01 -0.2674604E-01
   0.1695402E-01 -0.2775352E-01
   0.1821477E-01 -0.2875466E-01
   0.1953310E-01 -0.2975050E-01
   0.2091109E-01 -0.3074243E-01
   0.2235086E-01 -0.3173203E-01
   0.2385447E-01 -0.3272107E-01
   0.2542387E-01 -0.3371158E-01
   0.2706079E-01 -0.3470586E-01
   0.2876656E-01 -0.3570651E-01
   0.3054202E-01 -0.3671644E-01
   0.3238896E-01 -0.3773727E-01
   0.3431086E-01 -0.3876906E-01
   0.3631143E-01 -0.3981173E-01
   0.3839452E-01 -0.4086523E-01
   0.4056411E-01 -0.4192947E-01
   0.4282428E-01 -0.4300439E-01
   0.4517927E-01 -0.4408994E-01
   0.4763348E-01 -0.4518616E-01
   0.5019152E-01 -0.4629318E-01
   0.5285836E-01 -0.4741131E-01
   0.5563948E-01 -0.4854117E-01
   0.5854138E-01 -0.4968356E-01
   0.6157173E-01 -0.5083891E-01
   0.6473874E-01 -0.5200754E-01
   0.6805090E-01 -0.5318977E-01
   0.7151693E-01 -0.5438587E-01
   0.7514543E-01 -0.5559604E-01
   0.7894468E-01 -0.5682042E-01
   0.8292218E-01 -0.5805895E-01
   0.8708496E-01 -0.5931038E-01
   0.9143962E-01 -0.6057227E-01
   0.9599186E-01 -0.6184176E-01
   0.1007465     -0.6311567E-01
   0.1057076     -0.6439062E-01
   0.1108787     -0.6566324E-01
   0.1162626     -0.6693038E-01
   0.1218595     -0.6818871E-01
   0.1276666     -0.6943475E-01
   0.1336781     -0.7066502E-01
   0.1398850     -0.7187627E-01
   0.1462756     -0.7306565E-01
   0.1528360     -0.7423099E-01
   0.1595513     -0.7537074E-01
   0.1664069     -0.7648113E-01
   0.1733886     -0.7755651E-01
   0.1804823     -0.7859161E-01
   0.1876750     -0.7958168E-01
   0.1949557     -0.8052257E-01
   0.2023160     -0.8141077E-01
   0.2097511     -0.8224349E-01
   0.2172585     -0.8301956E-01
   0.2248356     -0.8373879E-01
   0.2324791     -0.8440107E-01
   0.2401850     -0.8500642E-01
   0.2479484     -0.8555498E-01
   0.2557638     -0.8604702E-01
   0.2636248     -0.8648261E-01
   0.2715247     -0.8686109E-01
   0.2794559     -0.8718186E-01
   0.2874105     -0.8744452E-01
   0.2953799     -0.8764891E-01
   0.3033548     -0.8779509E-01
   0.3113259     -0.8788290E-01
   0.3192856     -0.8791045E-01
   0.3272304     -0.8787549E-01
   0.3351606     -0.8777584E-01
   0.3430811     -0.8760920E-01
   0.3510005     -0.8737297E-01
   0.3589315     -0.8706454E-01
   0.3668886     -0.8668453E-01
   0.3748833     -0.8623510E-01
   0.3829241     -0.8571835E-01
   0.3910155     -0.8513649E-01
   0.3991578     -0.8449211E-01
   0.4073472     -0.8378813E-01
   0.4155767     -0.8302638E-01
   0.4238404     -0.8220769E-01
   0.4321345     -0.8133286E-01
   0.4404569     -0.8040257E-01
   0.4488083     -0.7941728E-01
   0.4571915     -0.7837723E-01
   0.4656106     -0.7728304E-01
   0.4740696     -0.7613576E-01
   0.4825707     -0.7493657E-01
   0.4911152     -0.7368689E-01
   0.4997028     -0.7238842E-01
   0.5083319     -0.7104304E-01
   0.5170001     -0.6965231E-01
   0.5257061     -0.6821750E-01
   0.5344497     -0.6673982E-01
   0.5432317     -0.6522031E-01
   0.5520542     -0.6365984E-01
   0.5609204     -0.6205938E-01
   0.5698333     -0.6042056E-01
   0.5787946     -0.5874540E-01
   0.5878045     -0.5703629E-01
   0.5968614     -0.5529602E-01
   0.6059622     -0.5352781E-01
   0.6151023     -0.5173441E-01
   0.6242771     -0.4991825E-01
   0.6334826     -0.4808175E-01
   0.6427150     -0.4622730E-01
   0.6519710     -0.4435726E-01
   0.6612476     -0.4247431E-01
   0.6705400     -0.4058201E-01
   0.6798406     -0.3868459E-01
   0.6891388     -0.3678688E-01
   0.6984215     -0.3489430E-01
   0.7076731     -0.3301282E-01
   0.7168792     -0.3114896E-01
   0.7260299     -0.2930841E-01
   0.7351196     -0.2749577E-01
   0.7441468     -0.2571467E-01
   0.7531138     -0.2396780E-01
   0.7620246     -0.2225681E-01
   0.7708809     -0.2058316E-01
   0.7796807     -0.1894887E-01
   0.7884189     -0.1735639E-01
   0.7970875     -0.1580854E-01
   0.8056765     -0.1430850E-01
   0.8141765     -0.1286077E-01
   0.8225828     -0.1146941E-01
   0.8308955     -0.1013737E-01
   0.8391187     -0.8866679E-02
   0.8472596     -0.7658710E-02
   0.8553281     -0.6514107E-02
   0.8633322     -0.5431557E-02
   0.8712710     -0.4409920E-02
   0.8791350     -0.3449054E-02
   0.8869077     -0.2549394E-02
   0.8945668     -0.1711553E-02
   0.9020867     -0.9360824E-03
   0.9094416     -0.2282283E-03
   0.9166142      0.4017772E-03
   0.9235970      0.9462623E-03
   0.9303906      0.1400046E-02
   0.9370008      0.1759781E-02
   0.9434369      0.2023382E-02
   0.9497107      0.2189552E-02
   0.9558350      0.2258741E-02
   0.9618225      0.2236320E-02
   0.9676844      0.2128113E-02
   0.9734306      0.1939223E-02
   0.9790697      0.1674143E-02
   0.9846095      0.1336857E-02
   0.9900568      0.9309113E-03
   0.9954178      0.4594800E-03
    1.000000      0.1043534E-17
