NACA 64-210
    1.000000      0.2846030E-18
   0.9968118      0.3393778E-03
   0.9929510      0.7538650E-03
   0.9888731      0.1195836E-02
   0.9845563      0.1668392E-02
   0.9799772      0.2174909E-02
   0.9751129      0.2718925E-02
   0.9699421      0.3303914E-02
   0.9644498      0.3932862E-02
   0.9586320      0.4607601E-02
   0.9525033      0.5327874E-02
   0.9461045      0.6090262E-02
   0.9395148      0.6886101E-02
   0.9329588      0.7688065E-02
   0.9264529      0.8493341E-02
   0.9199442      0.9307783E-02
   0.9133967      0.1013539E-01
   0.9067909      0.1097817E-01
   0.9001877      0.1182786E-01
   0.8936312      0.1267805E-01
   0.8870993      0.1353076E-01
   0.8805737      0.1438760E-01
   0.8740403      0.1524966E-01
   0.8674892      0.1611751E-01
   0.8609145      0.1699121E-01
   0.8543147      0.1787021E-01
   0.8476928      0.1875336E-01
   0.8410661      0.1963776E-01
   0.8344478      0.2052136E-01
   0.8278321      0.2140462E-01
   0.8212142      0.2228788E-01
   0.8145907      0.2317130E-01
   0.8079606      0.2405471E-01
   0.8013358      0.2493624E-01
   0.7947194      0.2581512E-01
   0.7881106      0.2669087E-01
   0.7815082      0.2756292E-01
   0.7749114      0.2843071E-01
   0.7683193      0.2929366E-01
   0.7617310      0.3015119E-01
   0.7551456      0.3100270E-01
   0.7485624      0.3184762E-01
   0.7419809      0.3268551E-01
   0.7354003      0.3351625E-01
   0.7288204      0.3433975E-01
   0.7222409      0.3515589E-01
   0.7156615      0.3596453E-01
   0.7090824      0.3676551E-01
   0.7025035      0.3755869E-01
   0.6959250      0.3834386E-01
   0.6893474      0.3912075E-01
   0.6827707      0.3988901E-01
   0.6761953      0.4064831E-01
   0.6696214      0.4139832E-01
   0.6630493      0.4213871E-01
   0.6564790      0.4286915E-01
   0.6499108      0.4358933E-01
   0.6433448      0.4429892E-01
   0.6367811      0.4499757E-01
   0.6302197      0.4568495E-01
   0.6236604      0.4636073E-01
   0.6171029      0.4702459E-01
   0.6105469      0.4767622E-01
   0.6039920      0.4831532E-01
   0.5974375      0.4894161E-01
   0.5908828      0.4955489E-01
   0.5843275      0.5015503E-01
   0.5777715      0.5074190E-01
   0.5712150      0.5131532E-01
   0.5646583      0.5187512E-01
   0.5581023      0.5242107E-01
   0.5515479      0.5295295E-01
   0.5449965      0.5347048E-01
   0.5384493      0.5397309E-01
   0.5319071      0.5446011E-01
   0.5253703      0.5493090E-01
   0.5188385      0.5538489E-01
   0.5123111      0.5582152E-01
   0.5057869      0.5624028E-01
   0.4992640      0.5664066E-01
   0.4927403      0.5702229E-01
   0.4862142      0.5738514E-01
   0.4796847      0.5772917E-01
   0.4731522      0.5805427E-01
   0.4666179      0.5836032E-01
   0.4600841      0.5864713E-01
   0.4535540      0.5891452E-01
   0.4470320      0.5916228E-01
   0.4405228      0.5938946E-01
   0.4340300      0.5959423E-01
   0.4275553      0.5977485E-01
   0.4210985      0.5992968E-01
   0.4146578      0.6005712E-01
   0.4082297      0.6015560E-01
   0.4018089      0.6022351E-01
   0.3953887      0.6025937E-01
   0.3889617      0.6026374E-01
   0.3825219      0.6023851E-01
   0.3760648      0.6018553E-01
   0.3695882      0.6010660E-01
   0.3630916      0.6000359E-01
   0.3565764      0.5987842E-01
   0.3500464      0.5973311E-01
   0.3435070      0.5956946E-01
   0.3369647      0.5938748E-01
   0.3304247      0.5918663E-01
   0.3238908      0.5896635E-01
   0.3173656      0.5872610E-01
   0.3108503      0.5846534E-01
   0.3043449      0.5818345E-01
   0.2978480      0.5787978E-01
   0.2913572      0.5755384E-01
   0.2848700      0.5720560E-01
   0.2783844      0.5683506E-01
   0.2718989      0.5644225E-01
   0.2654126      0.5602720E-01
   0.2589251      0.5558996E-01
   0.2524364      0.5513063E-01
   0.2459472      0.5464932E-01
   0.2394586      0.5414604E-01
   0.2329717      0.5362070E-01
   0.2264874      0.5307317E-01
   0.2200067      0.5250334E-01
   0.2135305      0.5191113E-01
   0.2070595      0.5129642E-01
   0.2005944      0.5065913E-01
   0.1941360      0.4999910E-01
   0.1876848      0.4931568E-01
   0.1812418      0.4860801E-01
   0.1748081      0.4787525E-01
   0.1683851      0.4711662E-01
   0.1619743      0.4633139E-01
   0.1555773      0.4551886E-01
   0.1491960      0.4467841E-01
   0.1428324      0.4380942E-01
   0.1364883      0.4291090E-01
   0.1301651      0.4198174E-01
   0.1238630      0.4102075E-01
   0.1175819      0.4002663E-01
   0.1113207      0.3899797E-01
   0.1050777      0.3793323E-01
   0.9885069E-01  0.3683073E-01
   0.9263747E-01  0.3568829E-01
   0.8644464E-01  0.3450364E-01
   0.8029468E-01  0.3327748E-01
   0.7422470E-01  0.3201446E-01
   0.6828081E-01  0.3072188E-01
   0.6249453E-01  0.2940177E-01
   0.5686390E-01  0.2804917E-01
   0.5136118E-01  0.2665342E-01
   0.4594090E-01  0.2519825E-01
   0.4058221E-01  0.2367120E-01
   0.3538310E-01  0.2209482E-01
   0.3053080E-01  0.2052955E-01
   0.2618337E-01  0.1904206E-01
   0.2239049E-01  0.1767187E-01
   0.1912727E-01  0.1641289E-01
   0.1634531E-01  0.1524334E-01
   0.1397518E-01  0.1414976E-01
   0.1194344E-01  0.1312151E-01
   0.1018605E-01  0.1215026E-01
   0.8656014E-02  0.1123305E-01
   0.7316277E-02  0.1036697E-01
   0.6136251E-02  0.9546670E-02
   0.5091484E-02  0.8745885E-02
   0.4164772E-02  0.7934803E-02
   0.3347285E-02  0.7109553E-02
   0.2636635E-02  0.6288219E-02
   0.2025882E-02  0.5481311E-02
   0.1506774E-02  0.4692981E-02
   0.1071896E-02  0.3924193E-02
   0.7153135E-03  0.3174341E-02
   0.4326968E-03  0.2442057E-02
   0.2212795E-03  0.1725604E-02
   0.7982500E-04  0.1023046E-02
   0.8662524E-05  0.3323080E-03
   0.9843254E-05 -0.3488408E-03
   0.8697313E-04 -0.1022919E-02
   0.2400343E-03 -0.1693252E-02
   0.4672403E-03 -0.2363229E-02
   0.7686402E-03 -0.3035830E-02
   0.1146038E-02 -0.3713739E-02
   0.1602977E-02 -0.4399379E-02
   0.2144815E-02 -0.5094826E-02
   0.2778791E-02 -0.5801544E-02
   0.3513873E-02 -0.6519724E-02
   0.4359811E-02 -0.7246828E-02
   0.5323903E-02 -0.7974519E-02
   0.6403962E-02 -0.8684569E-02
   0.7603610E-02 -0.9371251E-02
   0.8946906E-02 -0.1005784E-01
   0.1046925E-01 -0.1076770E-01
   0.1220941E-01 -0.1150574E-01
   0.1421389E-01 -0.1227493E-01
   0.1654132E-01 -0.1307751E-01
   0.1926803E-01 -0.1391692E-01
   0.2247353E-01 -0.1479813E-01
   0.2622006E-01 -0.1573299E-01
   0.3054438E-01 -0.1674173E-01
   0.3543656E-01 -0.1780967E-01
   0.4077154E-01 -0.1889360E-01
   0.4634559E-01 -0.1994552E-01
   0.5200645E-01 -0.2093940E-01
   0.5773787E-01 -0.2187880E-01
   0.6358453E-01 -0.2277610E-01
   0.6957658E-01 -0.2364033E-01
   0.7571839E-01 -0.2447700E-01
   0.8198027E-01 -0.2528740E-01
   0.8831403E-01 -0.2606770E-01
   0.9468089E-01 -0.2681516E-01
   0.1010584     -0.2752983E-01
   0.1074415     -0.2821379E-01
   0.1138342     -0.2886910E-01
   0.1202403     -0.2949745E-01
   0.1266628     -0.3010037E-01
   0.1331031     -0.3067927E-01
   0.1395620     -0.3123544E-01
   0.1460386     -0.3177009E-01
   0.1525312     -0.3228437E-01
   0.1590367     -0.3277909E-01
   0.1655522     -0.3325455E-01
   0.1720752     -0.3371104E-01
   0.1786036     -0.3414892E-01
   0.1851362     -0.3456860E-01
   0.1916718     -0.3497055E-01
   0.1982104     -0.3535527E-01
   0.2047520     -0.3572331E-01
   0.2112972     -0.3607504E-01
   0.2178464     -0.3641075E-01
   0.2243998     -0.3673067E-01
   0.2309569     -0.3703501E-01
   0.2375171     -0.3732400E-01
   0.2440793     -0.3759784E-01
   0.2506423     -0.3785672E-01
   0.2572044     -0.3810076E-01
   0.2637639     -0.3832972E-01
   0.2703201     -0.3854332E-01
   0.2768727     -0.3874127E-01
   0.2834223     -0.3892333E-01
   0.2899700     -0.3908927E-01
   0.2965178     -0.3923884E-01
   0.3030682     -0.3937182E-01
   0.3096242     -0.3948831E-01
   0.3161879     -0.3958885E-01
   0.3227603     -0.3967403E-01
   0.3293408     -0.3974438E-01
   0.3359275     -0.3980046E-01
   0.3425171     -0.3984282E-01
   0.3491048     -0.3987206E-01
   0.3556845     -0.3988856E-01
   0.3622501     -0.3989102E-01
   0.3687973     -0.3987739E-01
   0.3753239     -0.3984569E-01
   0.3818300     -0.3979395E-01
   0.3883176     -0.3972024E-01
   0.3947905     -0.3962261E-01
   0.4012545     -0.3949900E-01
   0.4077171     -0.3934821E-01
   0.4141855     -0.3917145E-01
   0.4206654     -0.3897027E-01
   0.4271605     -0.3874623E-01
   0.4336733     -0.3850093E-01
   0.4402042     -0.3823604E-01
   0.4467519     -0.3795335E-01
   0.4533130     -0.3765472E-01
   0.4598829     -0.3734132E-01
   0.4664573     -0.3701345E-01
   0.4730328     -0.3667135E-01
   0.4796071     -0.3631523E-01
   0.4861789     -0.3594527E-01
   0.4927478     -0.3556159E-01
   0.4993145     -0.3516425E-01
   0.5058808     -0.3475333E-01
   0.5124487     -0.3432918E-01
   0.5190199     -0.3389233E-01
   0.5255957     -0.3344330E-01
   0.5321768     -0.3298264E-01
   0.5387636     -0.3251094E-01
   0.5453560     -0.3202883E-01
   0.5519533     -0.3153697E-01
   0.5585544     -0.3103592E-01
   0.5651584     -0.3052603E-01
   0.5717644     -0.3000760E-01
   0.5783717     -0.2948095E-01
   0.5849799     -0.2894635E-01
   0.5915888     -0.2840409E-01
   0.5981983     -0.2785441E-01
   0.6048088     -0.2729757E-01
   0.6114205     -0.2673383E-01
   0.6180337     -0.2616347E-01
   0.6246488     -0.2558679E-01
   0.6312660     -0.2500406E-01
   0.6378857     -0.2441557E-01
   0.6445080     -0.2382163E-01
   0.6511332     -0.2322252E-01
   0.6577615     -0.2261857E-01
   0.6643930     -0.2201017E-01
   0.6710278     -0.2139774E-01
   0.6776658     -0.2078170E-01
   0.6843070     -0.2016248E-01
   0.6909512     -0.1954051E-01
   0.6975981     -0.1891625E-01
   0.7042473     -0.1829015E-01
   0.7108984     -0.1766265E-01
   0.7175509     -0.1703418E-01
   0.7242043     -0.1640516E-01
   0.7308578     -0.1577603E-01
   0.7375110     -0.1514724E-01
   0.7441629     -0.1451923E-01
   0.7508129     -0.1389246E-01
   0.7574602     -0.1326744E-01
   0.7641039     -0.1264483E-01
   0.7707435     -0.1202530E-01
   0.7773786     -0.1140950E-01
   0.7840086     -0.1079807E-01
   0.7906335     -0.1019163E-01
   0.7972530     -0.9590785E-02
   0.8038672     -0.8996147E-02
   0.8104760     -0.8408598E-02
   0.8170793     -0.7829222E-02
   0.8236765     -0.7259122E-02
   0.8302668     -0.6699415E-02
   0.8368492     -0.6151228E-02
   0.8434223     -0.5615692E-02
   0.8499846     -0.5093941E-02
   0.8565343     -0.4586922E-02
   0.8630707     -0.4094901E-02
   0.8695946     -0.3617879E-02
   0.8761086     -0.3155742E-02
   0.8826171     -0.2708278E-02
   0.8891261     -0.2275204E-02
   0.8956435     -0.1856175E-02
   0.9021789     -0.1450851E-02
   0.9087417     -0.1061082E-02
   0.9153320     -0.6923547E-03
   0.9219360     -0.3511965E-03
   0.9285254     -0.4458926E-04
   0.9350591      0.2206566E-03
   0.9414869      0.4386950E-03
   0.9477550      0.6054192E-03
   0.9538130      0.7191887E-03
   0.9596222      0.7829525E-03
   0.9651612      0.8024012E-03
   0.9704241      0.7834928E-03
   0.9754155      0.7319063E-03
   0.9801471      0.6527631E-03
   0.9846343      0.5505218E-03
   0.9888941      0.4289790E-03
   0.9929437      0.2913238E-03
   0.9968001      0.1402155E-03
    1.000000      0.2846030E-18
