NACA 65(2)-215
    1.000000      0.7589410E-18
   0.9965728      0.4461269E-03
   0.9924396      0.9962538E-03
   0.9880956      0.1588737E-02
   0.9835221      0.2228377E-02
   0.9786998      0.2920448E-02
   0.9736100      0.3670604E-02
   0.9682358      0.4484650E-02
   0.9625651      0.5368124E-02
   0.9565945      0.6325624E-02
   0.9503334      0.7359818E-02
   0.9438095      0.8469817E-02
   0.9370663      0.9649191E-02
   0.9301556      0.1088814E-01
   0.9231303      0.1217526E-01
   0.9160371      0.1349909E-01
   0.9089108      0.1484958E-01
   0.9017708      0.1621914E-01
   0.8946195      0.1760342E-01
   0.8874496      0.1900181E-01
   0.8802543      0.2041439E-01
   0.8730293      0.2184076E-01
   0.8657728      0.2328000E-01
   0.8584857      0.2473062E-01
   0.8511718      0.2619052E-01
   0.8438377      0.2765704E-01
   0.8364915      0.2912753E-01
   0.8291403      0.3059958E-01
   0.8217902      0.3207100E-01
   0.8144459      0.3353987E-01
   0.8071110      0.3500453E-01
   0.7997875      0.3646359E-01
   0.7924766      0.3791585E-01
   0.7851785      0.3936020E-01
   0.7778932      0.4079556E-01
   0.7706204      0.4222094E-01
   0.7633595      0.4363540E-01
   0.7561096      0.4503808E-01
   0.7488695      0.4642816E-01
   0.7416380      0.4780503E-01
   0.7344139      0.4916838E-01
   0.7271962      0.5051786E-01
   0.7199844      0.5185312E-01
   0.7127778      0.5317373E-01
   0.7055763      0.5447924E-01
   0.6983799      0.5576915E-01
   0.6911887      0.5704286E-01
   0.6840032      0.5829958E-01
   0.6768240      0.5953848E-01
   0.6696523      0.6075871E-01
   0.6624893      0.6195936E-01
   0.6553364      0.6313954E-01
   0.6481954      0.6429830E-01
   0.6410683      0.6543451E-01
   0.6339561      0.6654680E-01
   0.6268595      0.6763392E-01
   0.6197781      0.6869479E-01
   0.6127106      0.6972844E-01
   0.6056552      0.7073401E-01
   0.5986093      0.7171075E-01
   0.5915696      0.7265823E-01
   0.5845337      0.7357638E-01
   0.5775005      0.7446498E-01
   0.5704697      0.7532369E-01
   0.5634424      0.7615202E-01
   0.5564207      0.7694937E-01
   0.5494078      0.7771506E-01
   0.5424079      0.7844812E-01
   0.5354246      0.7914691E-01
   0.5284600      0.7980991E-01
   0.5215145      0.8043579E-01
   0.5145872      0.8102337E-01
   0.5076757      0.8157161E-01
   0.5007761      0.8207952E-01
   0.4938835      0.8254635E-01
   0.4869925      0.8297249E-01
   0.4800990      0.8335858E-01
   0.4732000      0.8370512E-01
   0.4662935      0.8401249E-01
   0.4593790      0.8428097E-01
   0.4524567      0.8451079E-01
   0.4455282      0.8470215E-01
   0.4385957      0.8485515E-01
   0.4316610      0.8496988E-01
   0.4247246      0.8504645E-01
   0.4177866      0.8508498E-01
   0.4108457      0.8508560E-01
   0.4039001      0.8504839E-01
   0.3969469      0.8497338E-01
   0.3899825      0.8486095E-01
   0.3830039      0.8471205E-01
   0.3760093      0.8452765E-01
   0.3689982      0.8430876E-01
   0.3619711      0.8405642E-01
   0.3549303      0.8377177E-01
   0.3478791      0.8345605E-01
   0.3408221      0.8311021E-01
   0.3337639      0.8273423E-01
   0.3267083      0.8232800E-01
   0.3196581      0.8189140E-01
   0.3126154      0.8142430E-01
   0.3055810      0.8092652E-01
   0.2985552      0.8039784E-01
   0.2915372      0.7983801E-01
   0.2845261      0.7924676E-01
   0.2775215      0.7862386E-01
   0.2705230      0.7796911E-01
   0.2635309      0.7728232E-01
   0.2565456      0.7656336E-01
   0.2495680      0.7581212E-01
   0.2425994      0.7502852E-01
   0.2356411      0.7421226E-01
   0.2286946      0.7336295E-01
   0.2217613      0.7248028E-01
   0.2148427      0.7156390E-01
   0.2079400      0.7061354E-01
   0.2010547      0.6962892E-01
   0.1941880      0.6860977E-01
   0.1873415      0.6755554E-01
   0.1805167      0.6646552E-01
   0.1737157      0.6533911E-01
   0.1669408      0.6417577E-01
   0.1601944      0.6297512E-01
   0.1534792      0.6173685E-01
   0.1467982      0.6046080E-01
   0.1401545      0.5914649E-01
   0.1335531      0.5779293E-01
   0.1269998      0.5639949E-01
   0.1205017      0.5496600E-01
   0.1140668      0.5349280E-01
   0.1077035      0.5198073E-01
   0.1014209      0.5043115E-01
   0.9522810E-01  0.4884585E-01
   0.8913813E-01  0.4722740E-01
   0.8317710E-01  0.4558204E-01
   0.7738206E-01  0.4392056E-01
   0.7179404E-01  0.4225692E-01
   0.6644987E-01  0.4060409E-01
   0.6137100E-01  0.3896944E-01
   0.5656164E-01  0.3735689E-01
   0.5201452E-01  0.3576798E-01
   0.4771573E-01  0.3420269E-01
   0.4365158E-01  0.3266076E-01
   0.3982520E-01  0.3114764E-01
   0.3625210E-01  0.2967529E-01
   0.3294517E-01  0.2825669E-01
   0.2990676E-01  0.2690189E-01
   0.2712768E-01  0.2561631E-01
   0.2459030E-01  0.2440116E-01
   0.2227288E-01  0.2325418E-01
   0.2015520E-01  0.2216662E-01
   0.1821849E-01  0.2112790E-01
   0.1644428E-01  0.2012989E-01
   0.1481534E-01  0.1916632E-01
   0.1331601E-01  0.1823231E-01
   0.1193228E-01  0.1732394E-01
   0.1065198E-01  0.1643797E-01
   0.9467222E-02  0.1557057E-01
   0.8372454E-02  0.1471748E-01
   0.7361823E-02  0.1387499E-01
   0.6429615E-02  0.1303998E-01
   0.5570832E-02  0.1220814E-01
   0.4782262E-02  0.1137132E-01
   0.4061648E-02  0.1052316E-01
   0.3407236E-02  0.9661961E-02
   0.2817638E-02  0.8794191E-02
   0.2290712E-02  0.7925769E-02
   0.1823885E-02  0.7060690E-02
   0.1414555E-02  0.6201543E-02
   0.1060324E-02  0.5349903E-02
   0.7591273E-03  0.4506623E-02
   0.5093061E-03  0.3672036E-02
   0.3096486E-03  0.2846098E-02
   0.1594211E-03  0.2028480E-02
   0.5839899E-04  0.1218630E-02
   0.6910932E-05  0.4158111E-03
   0.5902956E-05 -0.3808901E-03
   0.5703514E-04 -0.1172566E-02
   0.1618760E-03 -0.1960640E-02
   0.3196405E-03 -0.2747017E-02
   0.5296090E-03 -0.3533449E-02
   0.7917222E-03 -0.4321439E-02
   0.1106515E-02 -0.5112259E-02
   0.1475066E-02 -0.5906941E-02
   0.1898961E-02 -0.6706230E-02
   0.2380237E-02 -0.7510505E-02
   0.2921301E-02 -0.8319640E-02
   0.3524780E-02 -0.9132782E-02
   0.4193250E-02 -0.9948026E-02
   0.4928746E-02 -0.1076194E-01
   0.5731956E-02 -0.1156892E-01
   0.6601435E-02 -0.1236103E-01
   0.7538321E-02 -0.1313496E-01
   0.8547970E-02 -0.1389352E-01
   0.9638543E-02 -0.1464253E-01
   0.1081772E-01 -0.1538684E-01
   0.1209289E-01 -0.1613110E-01
   0.1347130E-01 -0.1688087E-01
   0.1495961E-01 -0.1764233E-01
   0.1656906E-01 -0.1841899E-01
   0.1831475E-01 -0.1921342E-01
   0.2021364E-01 -0.2002907E-01
   0.2228453E-01 -0.2087064E-01
   0.2454798E-01 -0.2174481E-01
   0.2702562E-01 -0.2266116E-01
   0.2974016E-01 -0.2362886E-01
   0.3271576E-01 -0.2464978E-01
   0.3597255E-01 -0.2572252E-01
   0.3952121E-01 -0.2684214E-01
   0.4335948E-01 -0.2800003E-01
   0.4747358E-01 -0.2918549E-01
   0.5184828E-01 -0.3038947E-01
   0.5648434E-01 -0.3160878E-01
   0.6139607E-01 -0.3284301E-01
   0.6659350E-01 -0.3409094E-01
   0.7207618E-01 -0.3534995E-01
   0.7782739E-01 -0.3661560E-01
   0.8381060E-01 -0.3787980E-01
   0.8997904E-01 -0.3913042E-01
   0.9628799E-01 -0.4035706E-01
   0.1027038     -0.4155308E-01
   0.1092095     -0.4271591E-01
   0.1157963     -0.4384481E-01
   0.1224557     -0.4493942E-01
   0.1291793     -0.4599976E-01
   0.1359586     -0.4702617E-01
   0.1427855     -0.4801938E-01
   0.1496524     -0.4898044E-01
   0.1565521     -0.4991058E-01
   0.1634789     -0.5081003E-01
   0.1704279     -0.5167849E-01
   0.1773952     -0.5251588E-01
   0.1843778     -0.5332229E-01
   0.1913738     -0.5409801E-01
   0.1983825     -0.5484346E-01
   0.2054042     -0.5555920E-01
   0.2124399     -0.5624591E-01
   0.2194903     -0.5690431E-01
   0.2265556     -0.5753505E-01
   0.2336353     -0.5813874E-01
   0.2407283     -0.5871594E-01
   0.2478328     -0.5926719E-01
   0.2549464     -0.5979300E-01
   0.2620663     -0.6029349E-01
   0.2691903     -0.6076851E-01
   0.2763166     -0.6121792E-01
   0.2834445     -0.6164169E-01
   0.2905736     -0.6203982E-01
   0.2977045     -0.6241234E-01
   0.3048383     -0.6275931E-01
   0.3119765     -0.6308090E-01
   0.3191199     -0.6337733E-01
   0.3262685     -0.6364877E-01
   0.3334210     -0.6389535E-01
   0.3405753     -0.6411720E-01
   0.3477280     -0.6431445E-01
   0.3548752     -0.6448719E-01
   0.3620120     -0.6463478E-01
   0.3691348     -0.6475599E-01
   0.3762413     -0.6484963E-01
   0.3833303     -0.6491462E-01
   0.3904019     -0.6494987E-01
   0.3974575     -0.6495432E-01
   0.4044995     -0.6492694E-01
   0.4115312     -0.6486713E-01
   0.4185552     -0.6477470E-01
   0.4255735     -0.6464941E-01
   0.4325876     -0.6449101E-01
   0.4395982     -0.6429924E-01
   0.4466052     -0.6407385E-01
   0.4536081     -0.6381461E-01
   0.4606059     -0.6352134E-01
   0.4675979     -0.6319391E-01
   0.4745842     -0.6283216E-01
   0.4815656     -0.6243587E-01
   0.4885436     -0.6200479E-01
   0.4955201     -0.6153855E-01
   0.5024981     -0.6103672E-01
   0.5094810     -0.6049931E-01
   0.5164721     -0.5992705E-01
   0.5234743     -0.5932078E-01
   0.5304901     -0.5868129E-01
   0.5375216     -0.5800941E-01
   0.5445702     -0.5730601E-01
   0.5516369     -0.5657197E-01
   0.5587224     -0.5580832E-01
   0.5658267     -0.5501621E-01
   0.5729497     -0.5419688E-01
   0.5800905     -0.5335168E-01
   0.5872477     -0.5248203E-01
   0.5944196     -0.5158949E-01
   0.6016037     -0.5067572E-01
   0.6087973     -0.4974212E-01
   0.6159977     -0.4878946E-01
   0.6232034     -0.4781834E-01
   0.6304138     -0.4682923E-01
   0.6376291     -0.4582252E-01
   0.6448506     -0.4479841E-01
   0.6520805     -0.4375701E-01
   0.6593217     -0.4269862E-01
   0.6665771     -0.4162407E-01
   0.6738488     -0.4053436E-01
   0.6811381     -0.3943061E-01
   0.6884456     -0.3831408E-01
   0.6957708     -0.3718616E-01
   0.7031126     -0.3604843E-01
   0.7104689     -0.3490223E-01
   0.7178375     -0.3374859E-01
   0.7252165     -0.3258854E-01
   0.7326037     -0.3142311E-01
   0.7399971     -0.3025333E-01
   0.7473949     -0.2908022E-01
   0.7547953     -0.2790481E-01
   0.7621964     -0.2672834E-01
   0.7695960     -0.2555220E-01
   0.7769911     -0.2437789E-01
   0.7843785     -0.2320697E-01
   0.7917543     -0.2204107E-01
   0.7991142     -0.2088187E-01
   0.8064538     -0.1973123E-01
   0.8137689     -0.1859161E-01
   0.8210572     -0.1746534E-01
   0.8283180     -0.1635447E-01
   0.8355519     -0.1526076E-01
   0.8427612     -0.1418569E-01
   0.8499493     -0.1313057E-01
   0.8571210     -0.1209620E-01
   0.8642796     -0.1108266E-01
   0.8714257     -0.1009025E-01
   0.8785569     -0.9119653E-02
   0.8856678     -0.8171925E-02
   0.8927505     -0.7248381E-02
   0.8997944     -0.6350544E-02
   0.9067867     -0.5481766E-02
   0.9137103     -0.4651738E-02
   0.9205428     -0.3871321E-02
   0.9272581     -0.3150502E-02
   0.9338288     -0.2497779E-02
   0.9402285     -0.1919660E-02
   0.9464339     -0.1420354E-02
   0.9524263     -0.1001625E-02
   0.9581934     -0.6605975E-03
   0.9637299     -0.3904223E-03
   0.9690372     -0.1839590E-03
   0.9741214     -0.3431931E-04
   0.9789913      0.6491382E-04
   0.9836576      0.1195778E-03
   0.9881318      0.1348973E-03
   0.9924258      0.1154984E-03
   0.9965509      0.6544799E-04
    1.000000      0.7589410E-18
