NPL AIRFOIL FROM ARC CP 1372
    1.000000      0.2340866E-18
   0.9964920      0.7903927E-03
   0.9922166      0.1730858E-02
   0.9876724      0.2703048E-02
   0.9828379      0.3706451E-02
   0.9776958      0.4738875E-02
   0.9722376      0.5795636E-02
   0.9664701      0.6868725E-02
   0.9604209      0.7948600E-02
   0.9541343      0.9027531E-02
   0.9476616      0.1009924E-01
   0.9410522      0.1116006E-01
   0.9343442      0.1220975E-01
   0.9275594      0.1324820E-01
   0.9207099      0.1427279E-01
   0.9138021      0.1528163E-01
   0.9068360      0.1627540E-01
   0.8998127      0.1726897E-01
   0.8927431      0.1827704E-01
   0.8856441      0.1928953E-01
   0.8785382      0.2029311E-01
   0.8714437      0.2128119E-01
   0.8643676      0.2224962E-01
   0.8573052      0.2319594E-01
   0.8502409      0.2411935E-01
   0.8431534      0.2502370E-01
   0.8360263      0.2591512E-01
   0.8288514      0.2679878E-01
   0.8216290      0.2767893E-01
   0.8143684      0.2855872E-01
   0.8070860      0.2943796E-01
   0.7997966      0.3031434E-01
   0.7925110      0.3118593E-01
   0.7852363      0.3205134E-01
   0.7779754      0.3290966E-01
   0.7707276      0.3376033E-01
   0.7634911      0.3460266E-01
   0.7562645      0.3543592E-01
   0.7490469      0.3625929E-01
   0.7418380      0.3707191E-01
   0.7346379      0.3787287E-01
   0.7274472      0.3866122E-01
   0.7202664      0.3943598E-01
   0.7130963      0.4019620E-01
   0.7059373      0.4094097E-01
   0.6987898      0.4166936E-01
   0.6916543      0.4238049E-01
   0.6845311      0.4307340E-01
   0.6774203      0.4374697E-01
   0.6703220      0.4440010E-01
   0.6632357      0.4503172E-01
   0.6561612      0.4564078E-01
   0.6490976      0.4622627E-01
   0.6420440      0.4678726E-01
   0.6349992      0.4732355E-01
   0.6279608      0.4783533E-01
   0.6209251      0.4832283E-01
   0.6138874      0.4878631E-01
   0.6068418      0.4922605E-01
   0.5997809      0.4964231E-01
   0.5926964      0.5003584E-01
   0.5855810      0.5040914E-01
   0.5784302      0.5076497E-01
   0.5712434      0.5110594E-01
   0.5640235      0.5143459E-01
   0.5567775      0.5175336E-01
   0.5495165      0.5206461E-01
   0.5422548      0.5236879E-01
   0.5350049      0.5266336E-01
   0.5277757      0.5294575E-01
   0.5205722      0.5321363E-01
   0.5133956      0.5346487E-01
   0.5062435      0.5369752E-01
   0.4991101      0.5390982E-01
   0.4919874      0.5410158E-01
   0.4848677      0.5427383E-01
   0.4777435      0.5442758E-01
   0.4706083      0.5456371E-01
   0.4634561      0.5468308E-01
   0.4562812      0.5478644E-01
   0.4490786      0.5487464E-01
   0.4418446      0.5494921E-01
   0.4345783      0.5501212E-01
   0.4272821      0.5506540E-01
   0.4199619      0.5511108E-01
   0.4126274      0.5515128E-01
   0.4052920      0.5518811E-01
   0.3979719      0.5522253E-01
   0.3906812      0.5525182E-01
   0.3834278      0.5527274E-01
   0.3762133      0.5528215E-01
   0.3690338      0.5527703E-01
   0.3618801      0.5525441E-01
   0.3547378      0.5521138E-01
   0.3475897      0.5514780E-01
   0.3404223      0.5506596E-01
   0.3332272      0.5496820E-01
   0.3260013      0.5485699E-01
   0.3187475      0.5473489E-01
   0.3114747      0.5460469E-01
   0.3041974      0.5446803E-01
   0.2969302      0.5432341E-01
   0.2896846      0.5416881E-01
   0.2824680      0.5400225E-01
   0.2752843      0.5382175E-01
   0.2681338      0.5362531E-01
   0.2610139      0.5341098E-01
   0.2539208      0.5317704E-01
   0.2468516      0.5292185E-01
   0.2398037      0.5264376E-01
   0.2327754      0.5234118E-01
   0.2257655      0.5201253E-01
   0.2187734      0.5165645E-01
   0.2117982      0.5127207E-01
   0.2048390      0.5085859E-01
   0.1978941      0.5041517E-01
   0.1909615      0.4994092E-01
   0.1840386      0.4943488E-01
   0.1771231      0.4889648E-01
   0.1702136      0.4832564E-01
   0.1633107      0.4772243E-01
   0.1564166      0.4708709E-01
   0.1495353      0.4642006E-01
   0.1426722      0.4572173E-01
   0.1358321      0.4499198E-01
   0.1290182      0.4423052E-01
   0.1222321      0.4343697E-01
   0.1154740      0.4261084E-01
   0.1087449      0.4175347E-01
   0.1020560      0.4086953E-01
   0.9543088E-01  0.3996569E-01
   0.8890386E-01  0.3905036E-01
   0.8251714E-01  0.3813108E-01
   0.7632602E-01  0.3721023E-01
   0.7039481E-01  0.3629241E-01
   0.6478102E-01  0.3538445E-01
   0.5952339E-01  0.3449179E-01
   0.5463628E-01  0.3361020E-01
   0.5010917E-01  0.3273372E-01
   0.4591707E-01  0.3185828E-01
   0.4202930E-01  0.3098125E-01
   0.3841709E-01  0.3010327E-01
   0.3506481E-01  0.2923081E-01
   0.3196493E-01  0.2837217E-01
   0.2910880E-01  0.2753492E-01
   0.2648343E-01  0.2672469E-01
   0.2407383E-01  0.2594024E-01
   0.2186587E-01  0.2516714E-01
   0.1984120E-01  0.2439316E-01
   0.1798043E-01  0.2361012E-01
   0.1626544E-01  0.2281256E-01
   0.1468011E-01  0.2199687E-01
   0.1321162E-01  0.2116141E-01
   0.1185223E-01  0.2030747E-01
   0.1059537E-01  0.1943644E-01
   0.9434894E-02  0.1854934E-01
   0.8365183E-02  0.1764691E-01
   0.7381161E-02  0.1672964E-01
   0.6476114E-02  0.1579963E-01
   0.5639737E-02  0.1486351E-01
   0.4863885E-02  0.1392898E-01
   0.4151511E-02  0.1299915E-01
   0.3516378E-02  0.1206857E-01
   0.2968294E-02  0.1112908E-01
   0.2505265E-02  0.1017520E-01
   0.2109808E-02  0.9210189E-02
   0.1766323E-02  0.8240714E-02
   0.1461695E-02  0.7275697E-02
   0.1184608E-02  0.6325577E-02
   0.9258502E-03  0.5401102E-02
   0.6868688E-03  0.4508942E-02
   0.4759199E-03  0.3649207E-02
   0.2987568E-03  0.2818536E-02
   0.1594692E-03  0.2011743E-02
   0.6149903E-04  0.1222657E-02
   0.8456509E-05  0.4444184E-03
   0.4707167E-05 -0.3305947E-03
   0.5211924E-04 -0.1109479E-02
   0.1500591E-03 -0.1897207E-02
   0.2991001E-03 -0.2697259E-02
   0.5007020E-03 -0.3511494E-02
   0.7565823E-03 -0.4339589E-02
   0.1067880E-02 -0.5178052E-02
   0.1438440E-02 -0.6016552E-02
   0.1878246E-02 -0.6838701E-02
   0.2399697E-02 -0.7628113E-02
   0.3018775E-02 -0.8368905E-02
   0.3744503E-02 -0.9057672E-02
   0.4554941E-02 -0.9722759E-02
   0.5415119E-02 -0.1039898E-01
   0.6312494E-02 -0.1109471E-01
   0.7260047E-02 -0.1179561E-01
   0.8273806E-02 -0.1248866E-01
   0.9361776E-02 -0.1317249E-01
   0.1053006E-01 -0.1384880E-01
   0.1178525E-01 -0.1451963E-01
   0.1313416E-01 -0.1518743E-01
   0.1458321E-01 -0.1585518E-01
   0.1613911E-01 -0.1652551E-01
   0.1781243E-01 -0.1719897E-01
   0.1961548E-01 -0.1787602E-01
   0.2156174E-01 -0.1855765E-01
   0.2366597E-01 -0.1924584E-01
   0.2594452E-01 -0.1994410E-01
   0.2841635E-01 -0.2065760E-01
   0.3110532E-01 -0.2138893E-01
   0.3403770E-01 -0.2213950E-01
   0.3723958E-01 -0.2291090E-01
   0.4073396E-01 -0.2370521E-01
   0.4453687E-01 -0.2452520E-01
   0.4865514E-01 -0.2536839E-01
   0.5308479E-01 -0.2622434E-01
   0.5781236E-01 -0.2708040E-01
   0.6282590E-01 -0.2792433E-01
   0.6813394E-01 -0.2874895E-01
   0.7376355E-01 -0.2956018E-01
   0.7973128E-01 -0.3036963E-01
   0.8602341E-01 -0.3119089E-01
   0.9257460E-01 -0.3203669E-01
   0.9927469E-01 -0.3289739E-01
   0.1060239     -0.3374903E-01
   0.1127635     -0.3457269E-01
   0.1194839     -0.3535617E-01
   0.1262168     -0.3609769E-01
   0.1329988     -0.3680520E-01
   0.1398551     -0.3748583E-01
   0.1467975     -0.3814534E-01
   0.1538231     -0.3878827E-01
   0.1609151     -0.3941827E-01
   0.1680556     -0.4003912E-01
   0.1752291     -0.4065525E-01
   0.1824242     -0.4127160E-01
   0.1896336     -0.4189347E-01
   0.1968534     -0.4252221E-01
   0.2040789     -0.4315407E-01
   0.2113022     -0.4378474E-01
   0.2185130     -0.4440968E-01
   0.2256977     -0.4502418E-01
   0.2328413     -0.4562321E-01
   0.2399319     -0.4620114E-01
   0.2469656     -0.4675300E-01
   0.2539458     -0.4727466E-01
   0.2608828     -0.4776263E-01
   0.2677928     -0.4821379E-01
   0.2746972     -0.4862663E-01
   0.2816163     -0.4900438E-01
   0.2885643     -0.4935072E-01
   0.2955485     -0.4966887E-01
   0.3025697     -0.4996169E-01
   0.3096208     -0.5023188E-01
   0.3166873     -0.5048165E-01
   0.3237506     -0.5070957E-01
   0.3307952     -0.5091246E-01
   0.3378105     -0.5108749E-01
   0.3447901     -0.5123215E-01
   0.3517322     -0.5134417E-01
   0.3586388     -0.5142145E-01
   0.3655154     -0.5146230E-01
   0.3723682     -0.5146594E-01
   0.3792028     -0.5143160E-01
   0.3860239     -0.5135844E-01
   0.3928361     -0.5124550E-01
   0.3996430     -0.5109173E-01
   0.4064480     -0.5089604E-01
   0.4132539     -0.5065789E-01
   0.4200635     -0.5037809E-01
   0.4268801     -0.5005750E-01
   0.4337067     -0.4969693E-01
   0.4405470     -0.4929709E-01
   0.4474048     -0.4885860E-01
   0.4542841     -0.4838201E-01
   0.4611893     -0.4786815E-01
   0.4681243     -0.4731886E-01
   0.4750917     -0.4673627E-01
   0.4820924     -0.4612267E-01
   0.4891256     -0.4548057E-01
   0.4961889     -0.4481279E-01
   0.5032778     -0.4412240E-01
   0.5103861     -0.4341212E-01
   0.5175076     -0.4268310E-01
   0.5246378     -0.4193618E-01
   0.5317733     -0.4117207E-01
   0.5389127     -0.4039133E-01
   0.5460563     -0.3959435E-01
   0.5532058     -0.3878133E-01
   0.5603645     -0.3795261E-01
   0.5675357     -0.3710900E-01
   0.5747215     -0.3625145E-01
   0.5819235     -0.3538103E-01
   0.5891419     -0.3449894E-01
   0.5963762     -0.3360652E-01
   0.6036248     -0.3270527E-01
   0.6108853     -0.3179669E-01
   0.6181559     -0.3088224E-01
   0.6254352     -0.2996328E-01
   0.6327226     -0.2904114E-01
   0.6400181     -0.2811705E-01
   0.6473223     -0.2719218E-01
   0.6546364     -0.2626728E-01
   0.6619602     -0.2534225E-01
   0.6692913     -0.2441703E-01
   0.6766250     -0.2349190E-01
   0.6839539     -0.2256744E-01
   0.6912684     -0.2164451E-01
   0.6985570     -0.2072459E-01
   0.7058095     -0.1981159E-01
   0.7130212     -0.1890975E-01
   0.7201930     -0.1802249E-01
   0.7273309     -0.1715247E-01
   0.7344460     -0.1630173E-01
   0.7415536     -0.1547153E-01
   0.7486703     -0.1465997E-01
   0.7558072     -0.1386383E-01
   0.7629686     -0.1308068E-01
   0.7701513     -0.1230885E-01
   0.7773453     -0.1154740E-01
   0.7845329     -0.1079647E-01
   0.7916961     -0.1005942E-01
   0.7988253     -0.9340059E-02
   0.8059203     -0.8641133E-02
   0.8129896     -0.7964456E-02
   0.8200500     -0.7311097E-02
   0.8271237     -0.6679679E-02
   0.8342241     -0.6066023E-02
   0.8413479     -0.5467030E-02
   0.8484740     -0.4880947E-02
   0.8555640     -0.4307279E-02
   0.8625681     -0.3751490E-02
   0.8694459     -0.3229334E-02
   0.8761768     -0.2754806E-02
   0.8827567     -0.2338700E-02
   0.8891937     -0.1988749E-02
   0.8955040     -0.1676364E-02
   0.9017120     -0.1323932E-02
   0.9078582     -0.9154253E-03
   0.9140048     -0.5413402E-03
   0.9202263     -0.2546851E-03
   0.9265783     -0.3925163E-04
   0.9330805      0.1264028E-03
   0.9397051      0.2651414E-03
   0.9463719      0.3871989E-03
   0.9529788      0.4847485E-03
   0.9594276      0.5505388E-03
   0.9656379      0.5800820E-03
   0.9715549      0.5719050E-03
   0.9771503      0.5291380E-03
   0.9824190      0.4576519E-03
   0.9873711      0.3628560E-03
   0.9920255      0.2493687E-03
   0.9964053      0.1209964E-03
    1.000000      0.2340866E-18
