PW51
   0.9999999      0.4699971E-03
   0.9966218      0.5370886E-03
   0.9922121      0.6879140E-03
   0.9872496      0.9206600E-03
   0.9818016      0.1220083E-02
   0.9759802      0.1576128E-02
   0.9699166      0.1980816E-02
   0.9636957      0.2425833E-02
   0.9573561      0.2905651E-02
   0.9509295      0.3414577E-02
   0.9444418      0.3946625E-02
   0.9379125      0.4497435E-02
   0.9313563      0.5064411E-02
   0.9247839      0.5645223E-02
   0.9182016      0.6237844E-02
   0.9116118      0.6840863E-02
   0.9050149      0.7453547E-02
   0.8984117      0.8075221E-02
   0.8918026      0.8705213E-02
   0.8851880      0.9342849E-02
   0.8785683      0.9987486E-02
   0.8719438      0.1063852E-01
   0.8653149      0.1129537E-01
   0.8586816      0.1195742E-01
   0.8520442      0.1262409E-01
   0.8454028      0.1329480E-01
   0.8387575      0.1396907E-01
   0.8321086      0.1464646E-01
   0.8254562      0.1532653E-01
   0.8188006      0.1600883E-01
   0.8121422      0.1669289E-01
   0.8054814      0.1737826E-01
   0.7988186      0.1806467E-01
   0.7921542      0.1875194E-01
   0.7854886      0.1943990E-01
   0.7788220      0.2012838E-01
   0.7721548      0.2081721E-01
   0.7654872      0.2150626E-01
   0.7588193      0.2219536E-01
   0.7521513      0.2288444E-01
   0.7454834      0.2357340E-01
   0.7388158      0.2426215E-01
   0.7321488      0.2495060E-01
   0.7254827      0.2563864E-01
   0.7188177      0.2632617E-01
   0.7121541      0.2701306E-01
   0.7054922      0.2769902E-01
   0.6988323      0.2838379E-01
   0.6921744      0.2906709E-01
   0.6855186      0.2974866E-01
   0.6788648      0.3042826E-01
   0.6722131      0.3110563E-01
   0.6655632      0.3178055E-01
   0.6589149      0.3245282E-01
   0.6522682      0.3312227E-01
   0.6456230      0.3378871E-01
   0.6389790      0.3445196E-01
   0.6323362      0.3511184E-01
   0.6256946      0.3576817E-01
   0.6190540      0.3642075E-01
   0.6124146      0.3706939E-01
   0.6057762      0.3771390E-01
   0.5991389      0.3835407E-01
   0.5925029      0.3898969E-01
   0.5858681      0.3962057E-01
   0.5792346      0.4024649E-01
   0.5726028      0.4086725E-01
   0.5659726      0.4148262E-01
   0.5593443      0.4209233E-01
   0.5527181      0.4269606E-01
   0.5460939      0.4329349E-01
   0.5394718      0.4388433E-01
   0.5328519      0.4446827E-01
   0.5262339      0.4504503E-01
   0.5196178      0.4561430E-01
   0.5130034      0.4617582E-01
   0.5063905      0.4672934E-01
   0.4997790      0.4727462E-01
   0.4931689      0.4781142E-01
   0.4865601      0.4833949E-01
   0.4799528      0.4885858E-01
   0.4733470      0.4936844E-01
   0.4667431      0.4986880E-01
   0.4601412      0.5035935E-01
   0.4535417      0.5083968E-01
   0.4469447      0.5130935E-01
   0.4403504      0.5176796E-01
   0.4337590      0.5221507E-01
   0.4271706      0.5265027E-01
   0.4205854      0.5307316E-01
   0.4140034      0.5348334E-01
   0.4074246      0.5388039E-01
   0.4008490      0.5426388E-01
   0.3942765      0.5463341E-01
   0.3877072      0.5498857E-01
   0.3811407      0.5532893E-01
   0.3745770      0.5565411E-01
   0.3680157      0.5596368E-01
   0.3614567      0.5625726E-01
   0.3548997      0.5653451E-01
   0.3483446      0.5679505E-01
   0.3417917      0.5703854E-01
   0.3352414      0.5726462E-01
   0.3286940      0.5747291E-01
   0.3221503      0.5766306E-01
   0.3156112      0.5783467E-01
   0.3090775      0.5798709E-01
   0.3025498      0.5811957E-01
   0.2960286      0.5823139E-01
   0.2895141      0.5832182E-01
   0.2830061      0.5839016E-01
   0.2765044      0.5843570E-01
   0.2700085      0.5845774E-01
   0.2635178      0.5845557E-01
   0.2570326      0.5842847E-01
   0.2505532      0.5837573E-01
   0.2440808      0.5829667E-01
   0.2376168      0.5819062E-01
   0.2311632      0.5805696E-01
   0.2247223      0.5789483E-01
   0.2182963      0.5770273E-01
   0.2118866      0.5747916E-01
   0.2054936      0.5722258E-01
   0.1991173      0.5693150E-01
   0.1927570      0.5660437E-01
   0.1864111      0.5623965E-01
   0.1800786      0.5583604E-01
   0.1737595      0.5539233E-01
   0.1674551      0.5490741E-01
   0.1611677      0.5438033E-01
   0.1549006      0.5381028E-01
   0.1486585      0.5319629E-01
   0.1424456      0.5253627E-01
   0.1362652      0.5182795E-01
   0.1301193      0.5106906E-01
   0.1240088      0.5025731E-01
   0.1179335      0.4939033E-01
   0.1118935      0.4846561E-01
   0.1058914      0.4748093E-01
   0.9993217E-01  0.4643469E-01
   0.9402283E-01  0.4532596E-01
   0.8817252E-01  0.4415440E-01
   0.8239248E-01  0.4291809E-01
   0.7669460E-01  0.4161450E-01
   0.7109036E-01  0.4024203E-01
   0.6559052E-01  0.3880002E-01
   0.6020653E-01  0.3728799E-01
   0.5495744E-01  0.3570589E-01
   0.4986957E-01  0.3405805E-01
   0.4497183E-01  0.3235323E-01
   0.4029231E-01  0.3060307E-01
   0.3586441E-01  0.2882084E-01
   0.3172334E-01  0.2702569E-01
   0.2789360E-01  0.2523941E-01
   0.2438403E-01  0.2348143E-01
   0.2120354E-01  0.2176808E-01
   0.1836240E-01  0.2011981E-01
   0.1585316E-01  0.1855405E-01
   0.1364940E-01  0.1707933E-01
   0.1171622E-01  0.1569458E-01
   0.1002317E-01  0.1438958E-01
   0.8540450E-02  0.1315414E-01
   0.7239562E-02  0.1197988E-01
   0.6094896E-02  0.1085970E-01
   0.5084199E-02  0.9787482E-02
   0.4188959E-02  0.8757968E-02
   0.3398777E-02  0.7767587E-02
   0.2707476E-02  0.6814196E-02
   0.2108349E-02  0.5896070E-02
   0.1594362E-02  0.5011596E-02
   0.1158457E-02  0.4159164E-02
   0.7937806E-03  0.3337143E-02
   0.4938395E-03  0.2543895E-02
   0.2545156E-03  0.1777799E-02
   0.8752827E-04  0.1036425E-02
   0.7684951E-05  0.3149262E-03
   0.1143233E-04 -0.3936270E-03
   0.9117735E-04 -0.1109276E-02
   0.2588703E-03 -0.1836216E-02
   0.5299350E-03 -0.2559524E-02
   0.9149720E-03 -0.3265985E-02
   0.1401830E-02 -0.3953793E-02
   0.1981020E-02 -0.4624797E-02
   0.2650528E-02 -0.5280329E-02
   0.3407189E-02 -0.5927491E-02
   0.4252550E-02 -0.6570625E-02
   0.5193896E-02 -0.7213459E-02
   0.6232524E-02 -0.7869469E-02
   0.7382875E-02 -0.8536185E-02
   0.8661170E-02 -0.9215340E-02
   0.1008295E-01 -0.9913520E-02
   0.1167719E-01 -0.1061961E-01
   0.1346923E-01 -0.1135301E-01
   0.1548818E-01 -0.1211394E-01
   0.1777556E-01 -0.1290878E-01
   0.2037239E-01 -0.1373912E-01
   0.2332446E-01 -0.1459882E-01
   0.2667833E-01 -0.1549673E-01
   0.3044761E-01 -0.1641733E-01
   0.3464958E-01 -0.1735496E-01
   0.3925791E-01 -0.1828410E-01
   0.4423243E-01 -0.1920464E-01
   0.4950504E-01 -0.2008418E-01
   0.5504307E-01 -0.2092148E-01
   0.6076355E-01 -0.2171915E-01
   0.6663997E-01 -0.2245529E-01
   0.7264188E-01 -0.2315217E-01
   0.7871747E-01 -0.2379663E-01
   0.8485032E-01 -0.2439858E-01
   0.9102487E-01 -0.2494384E-01
   0.9723164E-01 -0.2546432E-01
   0.1034962     -0.2593149E-01
   0.1097982     -0.2637506E-01
   0.1160911     -0.2677890E-01
   0.1223897     -0.2714720E-01
   0.1286713     -0.2749226E-01
   0.1350029     -0.2780929E-01
   0.1413859     -0.2810708E-01
   0.1478289     -0.2838450E-01
   0.1543050     -0.2863408E-01
   0.1608180     -0.2886787E-01
   0.1673464     -0.2908612E-01
   0.1738711     -0.2928335E-01
   0.1804219     -0.2945970E-01
   0.1869831     -0.2962285E-01
   0.1935464     -0.2977358E-01
   0.2001044     -0.2990242E-01
   0.2066879     -0.3001633E-01
   0.2132766     -0.3011913E-01
   0.2198687     -0.3021027E-01
   0.2264608     -0.3029011E-01
   0.2330368     -0.3036027E-01
   0.2395955     -0.3040987E-01
   0.2461689     -0.3045614E-01
   0.2527283     -0.3049700E-01
   0.2592709     -0.3051787E-01
   0.2658196     -0.3053541E-01
   0.2723693     -0.3054244E-01
   0.2789473     -0.3053312E-01
   0.2855335     -0.3052306E-01
   0.2921102     -0.3050646E-01
   0.2987090     -0.3047251E-01
   0.3053271     -0.3043384E-01
   0.3119415     -0.3039545E-01
   0.3185297     -0.3034839E-01
   0.3251061     -0.3028455E-01
   0.3316882     -0.3022093E-01
   0.3382672     -0.3015051E-01
   0.3448465     -0.3007912E-01
   0.3514172     -0.3000108E-01
   0.3580029     -0.2990692E-01
   0.3645941     -0.2980960E-01
   0.3711658     -0.2971262E-01
   0.3777393     -0.2959931E-01
   0.3843361     -0.2948550E-01
   0.3909459     -0.2936717E-01
   0.3975699     -0.2924068E-01
   0.4041937     -0.2910674E-01
   0.4108203     -0.2896759E-01
   0.4174443     -0.2882947E-01
   0.4240585     -0.2868419E-01
   0.4306646     -0.2853067E-01
   0.4372537     -0.2837888E-01
   0.4438189     -0.2821880E-01
   0.4503925     -0.2804777E-01
   0.4569711     -0.2787830E-01
   0.4635515     -0.2770057E-01
   0.4701286     -0.2752484E-01
   0.4767022     -0.2733706E-01
   0.4833033     -0.2714011E-01
   0.4899145     -0.2694713E-01
   0.4965058     -0.2675166E-01
   0.5030965     -0.2654110E-01
   0.5096973     -0.2632891E-01
   0.5162707     -0.2612162E-01
   0.5227999     -0.2590349E-01
   0.5293142     -0.2567954E-01
   0.5358275     -0.2546270E-01
   0.5423662     -0.2522808E-01
   0.5489409     -0.2499219E-01
   0.5555384     -0.2474981E-01
   0.5621668     -0.2450121E-01
   0.5688099     -0.2425396E-01
   0.5754464     -0.2400504E-01
   0.5820755     -0.2374761E-01
   0.5887086     -0.2348176E-01
   0.5953433     -0.2321538E-01
   0.6019759     -0.2294282E-01
   0.6086243     -0.2266397E-01
   0.6152772     -0.2238608E-01
   0.6219160     -0.2210594E-01
   0.6285553     -0.2181683E-01
   0.6352033     -0.2152693E-01
   0.6418401     -0.2123681E-01
   0.6484506     -0.2094121E-01
   0.6550351     -0.2063496E-01
   0.6616021     -0.2032973E-01
   0.6681600     -0.2002733E-01
   0.6747245     -0.1971478E-01
   0.6812818     -0.1940171E-01
   0.6878283     -0.1907801E-01
   0.6943822     -0.1876131E-01
   0.7009587     -0.1843558E-01
   0.7075687     -0.1810226E-01
   0.7141796     -0.1776938E-01
   0.7207660     -0.1742795E-01
   0.7273521     -0.1708361E-01
   0.7339521     -0.1674452E-01
   0.7405488     -0.1639770E-01
   0.7471473     -0.1604012E-01
   0.7537341     -0.1568411E-01
   0.7603046     -0.1533208E-01
   0.7668828     -0.1496594E-01
   0.7734556     -0.1459946E-01
   0.7800096     -0.1423806E-01
   0.7865633     -0.1386223E-01
   0.7931021     -0.1348615E-01
   0.7996136     -0.1311467E-01
   0.8061322     -0.1272919E-01
   0.8126787     -0.1234855E-01
   0.8192406     -0.1196066E-01
   0.8257820     -0.1156677E-01
   0.8322855     -0.1117794E-01
   0.8387624     -0.1078188E-01
   0.8452495     -0.1038075E-01
   0.8517212     -0.9989346E-02
   0.8581655     -0.9582388E-02
   0.8645750     -0.9184473E-02
   0.8708987     -0.8786953E-02
   0.8771553     -0.8392940E-02
   0.8833866     -0.7992654E-02
   0.8896388     -0.7600941E-02
   0.8959525     -0.7187403E-02
   0.9023087     -0.6778491E-02
   0.9086220     -0.6378227E-02
   0.9149056     -0.5963642E-02
   0.9212306     -0.5553831E-02
   0.9276063     -0.5139122E-02
   0.9340274     -0.4716093E-02
   0.9404583     -0.4293896E-02
   0.9468872     -0.3869985E-02
   0.9532643     -0.3456249E-02
   0.9595787     -0.3039545E-02
   0.9657804     -0.2638022E-02
   0.9718402     -0.2238367E-02
   0.9776574     -0.1867939E-02
   0.9831440     -0.1507797E-02
   0.9882033     -0.1189989E-02
   0.9927640     -0.8945190E-03
   0.9967977     -0.6498012E-03
    1.000000     -0.4699971E-03
