RONCZ 1082T VOYAGER TIP OUTER AFT WING AIRFOIL
    1.000000     -0.4532950E-21
   0.9965964      0.9041737E-03
   0.9923764      0.2051013E-02
   0.9878419      0.3314588E-02
   0.9830178      0.4670699E-02
   0.9779206      0.6062597E-02
   0.9725423      0.7455149E-02
   0.9668739      0.8850486E-02
   0.9609125      0.1025506E-01
   0.9546632      0.1167706E-01
   0.9481411      0.1312305E-01
   0.9413786      0.1459855E-01
   0.9344283      0.1610689E-01
   0.9273509      0.1763973E-01
   0.9201948      0.1918634E-01
   0.9129879      0.2074091E-01
   0.9057452      0.2230256E-01
   0.8984802      0.2387131E-01
   0.8912054      0.2544532E-01
   0.8839287      0.2701878E-01
   0.8766530      0.2858649E-01
   0.8693783      0.3014895E-01
   0.8621048      0.3171217E-01
   0.8548334      0.3328197E-01
   0.8475642      0.3486074E-01
   0.8402959      0.3644906E-01
   0.8330258      0.3804679E-01
   0.8257493      0.3964964E-01
   0.8184608      0.4125218E-01
   0.8111550      0.4285189E-01
   0.8038303      0.4445209E-01
   0.7964891      0.4605607E-01
   0.7891364      0.4766420E-01
   0.7817769      0.4927440E-01
   0.7744146      0.5088469E-01
   0.7670526      0.5249370E-01
   0.7596935      0.5410043E-01
   0.7523393      0.5570398E-01
   0.7449911      0.5730348E-01
   0.7376492      0.5889819E-01
   0.7303136      0.6048756E-01
   0.7229844      0.6207105E-01
   0.7156630      0.6364793E-01
   0.7083506      0.6521716E-01
   0.7010470      0.6677785E-01
   0.6937501      0.6832961E-01
   0.6864580      0.6987263E-01
   0.6791719      0.7140670E-01
   0.6718956      0.7293069E-01
   0.6646322      0.7444265E-01
   0.6573816      0.7594117E-01
   0.6501412      0.7742570E-01
   0.6429100      0.7889598E-01
   0.6356894      0.8035119E-01
   0.6284823      0.8178973E-01
   0.6212892      0.8321000E-01
   0.6141080      0.8461112E-01
   0.6069358      0.8599305E-01
   0.5997730      0.8735559E-01
   0.5926227      0.8869771E-01
   0.5854889      0.9001741E-01
   0.5783743      0.9131273E-01
   0.5712808      0.9258192E-01
   0.5642093      0.9382320E-01
   0.5571607      0.9503487E-01
   0.5501358      0.9621530E-01
   0.5431370      0.9736271E-01
   0.5361687      0.9847506E-01
   0.5292362      0.9954926E-01
   0.5223433      0.1005817    
   0.5154925      0.1015693    
   0.5086840      0.1025089    
   0.5019163      0.1033973    
   0.4951856      0.1042321    
   0.4884867      0.1050116    
   0.4818137      0.1057347    
   0.4751600      0.1064003    
   0.4685191      0.1070082    
   0.4618866      0.1075584    
   0.4552601      0.1080508    
   0.4486373      0.1084849    
   0.4420130      0.1088602    
   0.4353787      0.1091766    
   0.4287241      0.1094357    
   0.4220423      0.1096399    
   0.4153303      0.1097914    
   0.4085887      0.1098922    
   0.4018198      0.1099444    
   0.3950278      0.1099496    
   0.3882175      0.1099090    
   0.3813923      0.1098230    
   0.3745538      0.1096920    
   0.3677027      0.1095169    
   0.3608408      0.1092982    
   0.3539712      0.1090370    
   0.3470976      0.1087336    
   0.3402223      0.1083880    
   0.3333471      0.1080004    
   0.3264730      0.1075708    
   0.3196012      0.1070992    
   0.3127334      0.1065858    
   0.3058707      0.1060304    
   0.2990135      0.1054328    
   0.2921613      0.1047928    
   0.2853140      0.1041107    
   0.2784733      0.1033868    
   0.2716424      0.1026214    
   0.2648239      0.1018142    
   0.2580192      0.1009648    
   0.2512279      0.1000725    
   0.2444502      0.9913715E-01
   0.2376865      0.9815852E-01
   0.2309383      0.9713653E-01
   0.2242074      0.9607100E-01
   0.2174959      0.9496183E-01
   0.2108059      0.9380882E-01
   0.2041393      0.9261145E-01
   0.1974974      0.9136914E-01
   0.1908809      0.9008133E-01
   0.1842915      0.8874770E-01
   0.1777313      0.8736815E-01
   0.1712036      0.8594256E-01
   0.1647117      0.8447057E-01
   0.1582588      0.8295183E-01
   0.1518479      0.8138598E-01
   0.1454821      0.7977258E-01
   0.1391651      0.7811138E-01
   0.1329005      0.7640230E-01
   0.1266932      0.7464546E-01
   0.1205493      0.7284154E-01
   0.1144758      0.7099170E-01
   0.1084813      0.6909689E-01
   0.1025755      0.6715865E-01
   0.9676848E-01  0.6517929E-01
   0.9107120E-01  0.6316142E-01
   0.8549510E-01  0.6110817E-01
   0.8005147E-01  0.5902358E-01
   0.7475155E-01  0.5691224E-01
   0.6961099E-01  0.5477987E-01
   0.6465054E-01  0.5263563E-01
   0.5989189E-01  0.5049141E-01
   0.5535421E-01  0.4835989E-01
   0.5105237E-01  0.4625226E-01
   0.4699485E-01  0.4417836E-01
   0.4318513E-01  0.4214591E-01
   0.3962236E-01  0.4016136E-01
   0.3630112E-01  0.3823008E-01
   0.3321425E-01  0.3635717E-01
   0.3035293E-01  0.3454725E-01
   0.2770610E-01  0.3280316E-01
   0.2526235E-01  0.3112401E-01
   0.2300875E-01  0.2950740E-01
   0.2093096E-01  0.2795049E-01
   0.1901423E-01  0.2645010E-01
   0.1724545E-01  0.2500274E-01
   0.1561347E-01  0.2360525E-01
   0.1410771E-01  0.2225491E-01
   0.1271806E-01  0.2094926E-01
   0.1143495E-01  0.1968595E-01
   0.1024971E-01  0.1846262E-01
   0.9154474E-02  0.1727677E-01
   0.8141730E-02  0.1612582E-01
   0.7204485E-02  0.1500731E-01
   0.6336306E-02  0.1391953E-01
   0.5531566E-02  0.1286135E-01
   0.4785327E-02  0.1183185E-01
   0.4093170E-02  0.1083022E-01
   0.3451612E-02  0.9855424E-02
   0.2861520E-02  0.8904379E-02
   0.2324823E-02  0.7973294E-02
   0.1842382E-02  0.7058815E-02
   0.1414745E-02  0.6158484E-02
   0.1042654E-02  0.5270751E-02
   0.7264440E-03  0.4393620E-02
   0.4677920E-03  0.3526410E-02
   0.2687844E-03  0.2672459E-02
   0.1272957E-03  0.1836376E-02
   0.3931714E-04  0.1017863E-02
   0.1721142E-05  0.2121674E-03
   0.1328738E-04 -0.5886965E-03
   0.7465324E-04 -0.1393181E-02
   0.1884108E-03 -0.2206430E-02
   0.3585725E-03 -0.3029467E-02
   0.5893779E-03 -0.3858110E-02
   0.8863460E-03 -0.4683980E-02
   0.1256834E-02 -0.5500107E-02
   0.1706607E-02 -0.6299859E-02
   0.2240884E-02 -0.7075034E-02
   0.2860347E-02 -0.7821368E-02
   0.3560624E-02 -0.8539108E-02
   0.4336315E-02 -0.9228634E-02
   0.5184705E-02 -0.9892869E-02
   0.6106225E-02 -0.1053806E-01
   0.7100360E-02 -0.1117195E-01
   0.8164529E-02 -0.1180417E-01
   0.9296527E-02 -0.1244355E-01
   0.1050034E-01 -0.1309358E-01
   0.1178111E-01 -0.1375778E-01
   0.1314435E-01 -0.1444019E-01
   0.1459716E-01 -0.1514179E-01
   0.1614776E-01 -0.1586201E-01
   0.1780530E-01 -0.1659986E-01
   0.1958027E-01 -0.1735396E-01
   0.2148512E-01 -0.1812282E-01
   0.2353434E-01 -0.1890643E-01
   0.2574408E-01 -0.1970562E-01
   0.2813208E-01 -0.2052141E-01
   0.3071771E-01 -0.2135522E-01
   0.3352235E-01 -0.2220877E-01
   0.3656889E-01 -0.2308379E-01
   0.3987905E-01 -0.2398238E-01
   0.4347112E-01 -0.2490628E-01
   0.4736012E-01 -0.2585257E-01
   0.5155788E-01 -0.2681654E-01
   0.5607442E-01 -0.2779346E-01
   0.6091124E-01 -0.2877748E-01
   0.6605501E-01 -0.2976094E-01
   0.7147901E-01 -0.3073444E-01
   0.7714924E-01 -0.3168985E-01
   0.8303511E-01 -0.3262240E-01
   0.8911681E-01 -0.3352969E-01
   0.9537544E-01 -0.3440954E-01
   0.1017886     -0.3526062E-01
   0.1083324     -0.3608188E-01
   0.1149842     -0.3687188E-01
   0.1217256     -0.3763039E-01
   0.1285437     -0.3835802E-01
   0.1354282     -0.3905546E-01
   0.1423701     -0.3972371E-01
   0.1493612     -0.4036389E-01
   0.1563944     -0.4097688E-01
   0.1634635     -0.4156378E-01
   0.1705630     -0.4212547E-01
   0.1776887     -0.4266260E-01
   0.1848373     -0.4317592E-01
   0.1920064     -0.4366614E-01
   0.1991936     -0.4413394E-01
   0.2063969     -0.4457998E-01
   0.2136144     -0.4500477E-01
   0.2208454     -0.4540882E-01
   0.2280903     -0.4579280E-01
   0.2353488     -0.4615761E-01
   0.2426192     -0.4650413E-01
   0.2498987     -0.4683286E-01
   0.2571851     -0.4714387E-01
   0.2644779     -0.4743728E-01
   0.2717774     -0.4771341E-01
   0.2790838     -0.4797271E-01
   0.2863960     -0.4821557E-01
   0.2937131     -0.4844218E-01
   0.3010342     -0.4865268E-01
   0.3083591     -0.4884721E-01
   0.3156877     -0.4902596E-01
   0.3230206     -0.4918911E-01
   0.3303583     -0.4933697E-01
   0.3377004     -0.4947002E-01
   0.3450456     -0.4958867E-01
   0.3523921     -0.4969296E-01
   0.3597383     -0.4978271E-01
   0.3670836     -0.4985775E-01
   0.3744281     -0.4991793E-01
   0.3817724     -0.4996308E-01
   0.3891176     -0.4999315E-01
   0.3964641     -0.5000840E-01
   0.4038112     -0.5000905E-01
   0.4111573     -0.4999509E-01
   0.4185021     -0.4996623E-01
   0.4258465     -0.4992223E-01
   0.4331919     -0.4986324E-01
   0.4405386     -0.4978957E-01
   0.4478855     -0.4970149E-01
   0.4552309     -0.4959890E-01
   0.4625739     -0.4948169E-01
   0.4699138     -0.4934966E-01
   0.4772504     -0.4920256E-01
   0.4845838     -0.4904012E-01
   0.4919139     -0.4886213E-01
   0.4992409     -0.4866846E-01
   0.5065643     -0.4845896E-01
   0.5138839     -0.4823344E-01
   0.5211997     -0.4799170E-01
   0.5285117     -0.4773357E-01
   0.5358196     -0.4745902E-01
   0.5431227     -0.4716805E-01
   0.5504192     -0.4686054E-01
   0.5577071     -0.4653620E-01
   0.5649839     -0.4619474E-01
   0.5722471     -0.4583551E-01
   0.5794952     -0.4545765E-01
   0.5867277     -0.4506028E-01
   0.5939437     -0.4464279E-01
   0.6011403     -0.4420475E-01
   0.6083128     -0.4374548E-01
   0.6154567     -0.4326326E-01
   0.6225694     -0.4275620E-01
   0.6296503     -0.4222220E-01
   0.6367004     -0.4165890E-01
   0.6437231     -0.4106383E-01
   0.6507229     -0.4043505E-01
   0.6577051     -0.3977116E-01
   0.6646752     -0.3907074E-01
   0.6716384     -0.3833295E-01
   0.6785990     -0.3755742E-01
   0.6855601     -0.3674386E-01
   0.6925254     -0.3589191E-01
   0.6995022     -0.3500075E-01
   0.7065018     -0.3406938E-01
   0.7135360     -0.3309910E-01
   0.7206127     -0.3209247E-01
   0.7277351     -0.3105275E-01
   0.7349034     -0.2998354E-01
   0.7421164     -0.2888882E-01
   0.7493715     -0.2777257E-01
   0.7566648     -0.2663848E-01
   0.7639917     -0.2549044E-01
   0.7713458     -0.2433269E-01
   0.7787169     -0.2317015E-01
   0.7860908     -0.2200836E-01
   0.7934531     -0.2085238E-01
   0.8007957     -0.1970605E-01
   0.8081165     -0.1857199E-01
   0.8154159     -0.1745201E-01
   0.8226927     -0.1634798E-01
   0.8299451     -0.1526200E-01
   0.8371720     -0.1419619E-01
   0.8443737     -0.1315241E-01
   0.8515513     -0.1213217E-01
   0.8587046     -0.1113691E-01
   0.8658323     -0.1016826E-01
   0.8729326     -0.9228188E-02
   0.8800043     -0.8318652E-02
   0.8870468     -0.7441403E-02
   0.8940588     -0.6598049E-02
   0.9010371     -0.5790314E-02
   0.9079761     -0.5020115E-02
   0.9148697     -0.4289582E-02
   0.9217107     -0.3600730E-02
   0.9284906     -0.2955525E-02
   0.9351939     -0.2356359E-02
   0.9417960     -0.1805867E-02
   0.9482672     -0.1307850E-02
   0.9545794     -0.8675211E-03
   0.9607101     -0.4884445E-03
   0.9666406     -0.1735244E-03
   0.9723433      0.7275591E-04
   0.9777816      0.2480226E-03
   0.9829219      0.3526639E-03
   0.9877477      0.3794397E-03
   0.9922707      0.3193188E-03
   0.9965179      0.1778215E-03
    1.000000     -0.4532950E-21
