NASA/LANGLEY RC-12(B)3 AIRFOIL
   0.9999998      0.1249998E-02
   0.9964148      0.1765533E-02
   0.9920210      0.2406164E-02
   0.9873203      0.3102262E-02
   0.9822857      0.3860113E-02
   0.9768971      0.4685353E-02
   0.9711501      0.5581601E-02
   0.9650666      0.6548447E-02
   0.9587029      0.7579498E-02
   0.9521367      0.8663719E-02
   0.9454477      0.9788698E-02
   0.9387001      0.1094364E-01
   0.9319308      0.1212187E-01
   0.9251518      0.1332283E-01
   0.9183657      0.1454905E-01
   0.9115696      0.1580419E-01
   0.9047544      0.1709306E-01
   0.8979058      0.1841918E-01
   0.8910087      0.1977868E-01
   0.8840551      0.2116494E-01
   0.8770445      0.2256932E-01
   0.8699857      0.2398133E-01
   0.8628947      0.2539399E-01
   0.8557872      0.2680421E-01
   0.8486754      0.2820973E-01
   0.8415677      0.2960907E-01
   0.8344687      0.3100125E-01
   0.8273804      0.3238469E-01
   0.8203035      0.3375778E-01
   0.8132377      0.3511911E-01
   0.8061818      0.3646749E-01
   0.7991335      0.3780204E-01
   0.7920905      0.3912258E-01
   0.7850512      0.4042909E-01
   0.7780146      0.4172142E-01
   0.7709802      0.4299928E-01
   0.7639484      0.4426227E-01
   0.7569197      0.4550982E-01
   0.7498950      0.4674127E-01
   0.7428745      0.4795603E-01
   0.7358583      0.4915354E-01
   0.7288462      0.5033330E-01
   0.7218378      0.5149488E-01
   0.7148324      0.5263796E-01
   0.7078296      0.5376226E-01
   0.7008289      0.5486750E-01
   0.6938298      0.5595336E-01
   0.6868321      0.5701954E-01
   0.6798353      0.5806574E-01
   0.6728394      0.5909171E-01
   0.6658441      0.6009723E-01
   0.6588496      0.6108204E-01
   0.6518558      0.6204590E-01
   0.6448628      0.6298853E-01
   0.6378709      0.6390964E-01
   0.6308802      0.6480896E-01
   0.6238905      0.6568619E-01
   0.6169016      0.6654110E-01
   0.6099130      0.6737343E-01
   0.6029243      0.6818301E-01
   0.5959349      0.6896977E-01
   0.5889442      0.6973375E-01
   0.5819520      0.7047492E-01
   0.5749580      0.7119325E-01
   0.5679624      0.7188870E-01
   0.5609650      0.7256121E-01
   0.5539662      0.7321072E-01
   0.5469659      0.7383716E-01
   0.5399644      0.7444047E-01
   0.5329619      0.7502060E-01
   0.5259584      0.7557747E-01
   0.5189541      0.7611103E-01
   0.5119491      0.7662121E-01
   0.5049432      0.7710794E-01
   0.4979363      0.7757117E-01
   0.4909281      0.7801084E-01
   0.4839183      0.7842698E-01
   0.4769066      0.7881966E-01
   0.4698932      0.7918894E-01
   0.4628781      0.7953489E-01
   0.4558618      0.7985754E-01
   0.4488449      0.8015693E-01
   0.4418280      0.8043290E-01
   0.4348118      0.8068530E-01
   0.4277967      0.8091396E-01
   0.4207832      0.8111874E-01
   0.4137716      0.8129949E-01
   0.4067622      0.8145605E-01
   0.3997551      0.8158819E-01
   0.3927505      0.8169573E-01
   0.3857484      0.8177845E-01
   0.3787488      0.8183615E-01
   0.3717515      0.8186865E-01
   0.3647568      0.8187578E-01
   0.3577649      0.8185737E-01
   0.3507764      0.8181328E-01
   0.3437923      0.8174335E-01
   0.3368137      0.8164741E-01
   0.3298418      0.8152496E-01
   0.3228780      0.8137542E-01
   0.3159233      0.8119820E-01
   0.3089789      0.8099276E-01
   0.3020456      0.8075855E-01
   0.2951243      0.8049490E-01
   0.2882154      0.8020105E-01
   0.2813187      0.7987622E-01
   0.2744337      0.7951963E-01
   0.2675593      0.7913045E-01
   0.2606943      0.7870812E-01
   0.2538384      0.7825236E-01
   0.2469921      0.7776294E-01
   0.2401571      0.7723974E-01
   0.2333359      0.7668271E-01
   0.2265320      0.7609117E-01
   0.2197488      0.7546396E-01
   0.2129899      0.7479997E-01
   0.2062586      0.7409819E-01
   0.1995582      0.7335765E-01
   0.1928911      0.7257704E-01
   0.1862576      0.7175467E-01
   0.1796555      0.7088855E-01
   0.1730803      0.6997634E-01
   0.1665256      0.6901569E-01
   0.1599872      0.6800596E-01
   0.1534672      0.6694784E-01
   0.1469742      0.6584318E-01
   0.1405228      0.6469516E-01
   0.1341319      0.6350528E-01
   0.1278154      0.6227141E-01
   0.1215795      0.6099036E-01
   0.1154236      0.5965800E-01
   0.1093416      0.5826988E-01
   0.1033292      0.5682484E-01
   0.9739021E-01  0.5532450E-01
   0.9153643E-01  0.5377278E-01
   0.8578576E-01  0.5217575E-01
   0.8016163E-01  0.5053821E-01
   0.7469067E-01  0.4886473E-01
   0.6939888E-01  0.4716208E-01
   0.6430896E-01  0.4543855E-01
   0.5943914E-01  0.4370271E-01
   0.5480329E-01  0.4196241E-01
   0.5040887E-01  0.4022514E-01
   0.4625700E-01  0.3849767E-01
   0.4234346E-01  0.3678566E-01
   0.3866426E-01  0.3509341E-01
   0.3522570E-01  0.3342871E-01
   0.3203713E-01  0.3180373E-01
   0.2910189E-01  0.3023047E-01
   0.2641422E-01  0.2871785E-01
   0.2396078E-01  0.2727043E-01
   0.2172436E-01  0.2588621E-01
   0.1968248E-01  0.2455862E-01
   0.1781153E-01  0.2327996E-01
   0.1608988E-01  0.2204281E-01
   0.1449884E-01  0.2084056E-01
   0.1302253E-01  0.1966744E-01
   0.1164782E-01  0.1851833E-01
   0.1036618E-01  0.1738762E-01
   0.9173984E-02  0.1627210E-01
   0.8069546E-02  0.1517178E-01
   0.7051400E-02  0.1408848E-01
   0.6117367E-02  0.1302485E-01
   0.5264193E-02  0.1198355E-01
   0.4487578E-02  0.1096682E-01
   0.3782441E-02  0.9976264E-02
   0.3144013E-02  0.9013133E-02
   0.2571404E-02  0.8079390E-02
   0.2063253E-02  0.7175019E-02
   0.1616865E-02  0.6298157E-02
   0.1229249E-02  0.5446087E-02
   0.8976375E-03  0.4615767E-02
   0.6197372E-03  0.3804079E-02
   0.3938478E-03  0.3007942E-02
   0.2189199E-03  0.2224323E-02
   0.9460352E-04  0.1450215E-02
   0.2131005E-04  0.6825747E-03
   0.3110432E-06 -0.8176794E-04
   0.3328065E-04 -0.8460774E-03
   0.1193605E-03 -0.1612849E-02
   0.2574000E-03 -0.2383971E-02
   0.4471630E-03 -0.3161022E-02
   0.6892195E-03 -0.3945289E-02
   0.9848783E-03 -0.4737744E-02
   0.1336139E-02 -0.5538958E-02
   0.1745640E-02 -0.6348958E-02
   0.2216565E-02 -0.7166973E-02
   0.2752456E-02 -0.7991043E-02
   0.3356825E-02 -0.8817442E-02
   0.4032522E-02 -0.9640035E-02
   0.4782587E-02 -0.1045380E-01
   0.5610841E-02 -0.1125669E-01
   0.6520640E-02 -0.1204693E-01
   0.7514645E-02 -0.1282303E-01
   0.8594689E-02 -0.1358403E-01
   0.9761728E-02 -0.1432980E-01
   0.1101594E-01 -0.1506141E-01
   0.1235703E-01 -0.1578164E-01
   0.1378591E-01 -0.1649475E-01
   0.1531050E-01 -0.1720247E-01
   0.1694250E-01 -0.1790543E-01
   0.1869554E-01 -0.1860447E-01
   0.2058537E-01 -0.1930073E-01
   0.2262988E-01 -0.1999580E-01
   0.2484851E-01 -0.2069186E-01
   0.2726076E-01 -0.2139167E-01
   0.2988597E-01 -0.2209523E-01
   0.3274369E-01 -0.2279888E-01
   0.3585117E-01 -0.2349812E-01
   0.3922173E-01 -0.2418828E-01
   0.4286520E-01 -0.2486569E-01
   0.4679274E-01 -0.2552900E-01
   0.5102154E-01 -0.2617553E-01
   0.5556598E-01 -0.2680099E-01
   0.6043218E-01 -0.2740180E-01
   0.6561624E-01 -0.2797612E-01
   0.7110497E-01 -0.2852350E-01
   0.7687585E-01 -0.2904109E-01
   0.8289566E-01 -0.2952711E-01
   0.8912534E-01 -0.2998259E-01
   0.9552782E-01 -0.3041031E-01
   0.1020717     -0.3080969E-01
   0.1087308     -0.3118010E-01
   0.1154882     -0.3152216E-01
   0.1223379     -0.3183802E-01
   0.1292781     -0.3213199E-01
   0.1363010     -0.3240895E-01
   0.1433915     -0.3267403E-01
   0.1505272     -0.3293126E-01
   0.1576862     -0.3317999E-01
   0.1648543     -0.3341877E-01
   0.1720273     -0.3364655E-01
   0.1792098     -0.3386284E-01
   0.1864105     -0.3406924E-01
   0.1936344     -0.3426797E-01
   0.2008819     -0.3446113E-01
   0.2081485     -0.3465070E-01
   0.2154263     -0.3483744E-01
   0.2227084     -0.3502104E-01
   0.2299902     -0.3520123E-01
   0.2372703     -0.3537781E-01
   0.2445493     -0.3555067E-01
   0.2518291     -0.3571994E-01
   0.2591107     -0.3588579E-01
   0.2663948     -0.3604835E-01
   0.2736813     -0.3620776E-01
   0.2809693     -0.3636408E-01
   0.2882582     -0.3651729E-01
   0.2955470     -0.3666739E-01
   0.3028350     -0.3681434E-01
   0.3101214     -0.3695813E-01
   0.3174057     -0.3709863E-01
   0.3246873     -0.3723556E-01
   0.3319662     -0.3736864E-01
   0.3392427     -0.3749762E-01
   0.3465170     -0.3762224E-01
   0.3537898     -0.3774237E-01
   0.3610617     -0.3785796E-01
   0.3683331     -0.3796900E-01
   0.3756040     -0.3807545E-01
   0.3828744     -0.3817727E-01
   0.3901442     -0.3827441E-01
   0.3974132     -0.3836679E-01
   0.4046813     -0.3845435E-01
   0.4119483     -0.3853699E-01
   0.4192144     -0.3861464E-01
   0.4264796     -0.3868724E-01
   0.4337440     -0.3875472E-01
   0.4410075     -0.3881701E-01
   0.4482702     -0.3887405E-01
   0.4555320     -0.3892578E-01
   0.4627927     -0.3897211E-01
   0.4700523     -0.3901296E-01
   0.4773107     -0.3904823E-01
   0.4845677     -0.3907781E-01
   0.4918234     -0.3910159E-01
   0.4990777     -0.3911948E-01
   0.5063306     -0.3913136E-01
   0.5135820     -0.3913713E-01
   0.5208320     -0.3913667E-01
   0.5280803     -0.3912986E-01
   0.5353268     -0.3911660E-01
   0.5425713     -0.3909674E-01
   0.5498137     -0.3907011E-01
   0.5570538     -0.3903654E-01
   0.5642916     -0.3899587E-01
   0.5715269     -0.3894791E-01
   0.5787597     -0.3889250E-01
   0.5859898     -0.3882942E-01
   0.5932172     -0.3875848E-01
   0.6004415     -0.3867947E-01
   0.6076624     -0.3859219E-01
   0.6148795     -0.3849644E-01
   0.6220922     -0.3839186E-01
   0.6293002     -0.3827811E-01
   0.6365032     -0.3815480E-01
   0.6437007     -0.3802157E-01
   0.6508925     -0.3787806E-01
   0.6580785     -0.3772385E-01
   0.6652584     -0.3755848E-01
   0.6724319     -0.3738151E-01
   0.6795989     -0.3719247E-01
   0.6867589     -0.3699093E-01
   0.6939118     -0.3677642E-01
   0.7010572     -0.3654842E-01
   0.7081948     -0.3630635E-01
   0.7153243     -0.3604968E-01
   0.7224454     -0.3577787E-01
   0.7295577     -0.3549037E-01
   0.7366609     -0.3518661E-01
   0.7437548     -0.3486599E-01
   0.7508391     -0.3452786E-01
   0.7579134     -0.3417162E-01
   0.7649775     -0.3379666E-01
   0.7720313     -0.3340236E-01
   0.7790743     -0.3298803E-01
   0.7861061     -0.3255290E-01
   0.7931258     -0.3209626E-01
   0.8001323     -0.3161743E-01
   0.8071244     -0.3111576E-01
   0.8141007     -0.3059063E-01
   0.8210601     -0.3004140E-01
   0.8280026     -0.2946739E-01
   0.8349287     -0.2886784E-01
   0.8418400     -0.2824195E-01
   0.8487382     -0.2758867E-01
   0.8556220     -0.2690676E-01
   0.8624836     -0.2619557E-01
   0.8693087     -0.2545533E-01
   0.8760776     -0.2468720E-01
   0.8827679     -0.2389065E-01
   0.8893670     -0.2305989E-01
   0.8958783     -0.2218736E-01
   0.9023187     -0.2126394E-01
   0.9087170     -0.2027873E-01
   0.9151096     -0.1922661E-01
   0.9215252     -0.1811071E-01
   0.9279786     -0.1693637E-01
   0.9344700     -0.1571166E-01
   0.9409828     -0.1444755E-01
   0.9474815     -0.1315258E-01
   0.9539109     -0.1183651E-01
   0.9602029     -0.1051310E-01
   0.9662866     -0.9198402E-02
   0.9721008     -0.7908275E-02
   0.9776056     -0.6655983E-02
   0.9827870     -0.5449761E-02
   0.9876502     -0.4293275E-02
   0.9922118     -0.3187031E-02
   0.9964939     -0.2129580E-02
    1.000000     -0.1249998E-02
