S1221  w/ 4 deg flap
    1.000010      0.2944086E-07
   0.9968019      0.1666823E-02
   0.9930860      0.3772276E-02
   0.9892792      0.5890520E-02
   0.9853953      0.7919520E-02
   0.9813994      0.9829432E-02
   0.9772347      0.1162508E-01
   0.9728224      0.1332740E-01
   0.9680913      0.1498974E-01
   0.9630139      0.1666230E-01
   0.9576063      0.1835570E-01
   0.9518619      0.2006589E-01
   0.9457146      0.2181673E-01
   0.9391259      0.2364889E-01
   0.9321336      0.2555253E-01
   0.9248135      0.2750276E-01
   0.9172697      0.2946959E-01
   0.9096154      0.3142342E-01
   0.9019509      0.3334042E-01
   0.8943478      0.3520579E-01
   0.8868439      0.3701403E-01
   0.8794461      0.3876732E-01
   0.8721355      0.4047360E-01
   0.8648763      0.4214270E-01
   0.8576398      0.4377961E-01
   0.8504157      0.4538451E-01
   0.8432120      0.4695358E-01
   0.8360539      0.4847954E-01
   0.8289752      0.4994982E-01
   0.8219834      0.5134955E-01
   0.8150496      0.5267361E-01
   0.8081442      0.5392459E-01
   0.8012576      0.5510114E-01
   0.7943669      0.5619805E-01
   0.7874022      0.5721756E-01
   0.7802803      0.5818739E-01
   0.7729706      0.5913950E-01
   0.7654955      0.6008447E-01
   0.7578882      0.6102183E-01
   0.7501816      0.6195197E-01
   0.7424052      0.6287638E-01
   0.7345829      0.6379772E-01
   0.7267317      0.6471976E-01
   0.7188608      0.6564681E-01
   0.7109739      0.6658026E-01
   0.7030745      0.6752011E-01
   0.6951663      0.6846626E-01
   0.6872538      0.6941857E-01
   0.6793416      0.7037685E-01
   0.6714349      0.7134080E-01
   0.6635393      0.7231011E-01
   0.6556607      0.7328436E-01
   0.6478052      0.7426288E-01
   0.6399746      0.7523700E-01
   0.6321568      0.7619571E-01
   0.6243381      0.7714059E-01
   0.6165096      0.7807398E-01
   0.6086679      0.7899753E-01
   0.6008146      0.7991227E-01
   0.5929554      0.8081805E-01
   0.5850952      0.8171411E-01
   0.5772368      0.8259992E-01
   0.5693809      0.8347520E-01
   0.5615261      0.8433991E-01
   0.5536697      0.8519444E-01
   0.5458097      0.8603926E-01
   0.5379451      0.8687473E-01
   0.5300758      0.8770110E-01
   0.5222029      0.8851851E-01
   0.5143276      0.8932692E-01
   0.5064511      0.9012627E-01
   0.4985741      0.9091656E-01
   0.4906971      0.9169779E-01
   0.4828203      0.9247001E-01
   0.4749440      0.9323308E-01
   0.4670700      0.9398676E-01
   0.4592011      0.9473069E-01
   0.4513412      0.9546443E-01
   0.4434952      0.9618707E-01
   0.4356675      0.9689682E-01
   0.4278611      0.9759192E-01
   0.4200775      0.9827074E-01
   0.4123170      0.9893185E-01
   0.4045791      0.9957398E-01
   0.3968633      0.1001960    
   0.3891699      0.1007967    
   0.3815001      0.1013749    
   0.3738555      0.1019294    
   0.3662385      0.1024582    
   0.3586523      0.1029594    
   0.3511012      0.1034308    
   0.3435898      0.1038703    
   0.3361237      0.1042758    
   0.3287059      0.1046445    
   0.3213359      0.1049740    
   0.3140087      0.1052620    
   0.3067159      0.1055061    
   0.2994480      0.1057056    
   0.2922021      0.1058609    
   0.2849841      0.1059722    
   0.2778090      0.1060400    
   0.2706984      0.1060638    
   0.2636728      0.1060381    
   0.2567433      0.1059570    
   0.2499121      0.1058152    
   0.2431743      0.1056079    
   0.2365205      0.1053316    
   0.2299399      0.1049837    
   0.2234212      0.1045613    
   0.2169521      0.1040609    
   0.2105201      0.1034800    
   0.2041165      0.1028189    
   0.1977382      0.1020784    
   0.1913884      0.1012599    
   0.1850752      0.1003654    
   0.1788073      0.9939477E-01
   0.1725880      0.9834654E-01
   0.1664146      0.9721848E-01
   0.1602797      0.9600759E-01
   0.1541746      0.9471312E-01
   0.1480963      0.9333621E-01
   0.1420480      0.9187934E-01
   0.1360387      0.9034625E-01
   0.1300802      0.8873975E-01
   0.1241822      0.8706203E-01
   0.1183523      0.8531512E-01
   0.1125960      0.8350085E-01
   0.1069203      0.8162185E-01
   0.1013358      0.7968240E-01
   0.9585563E-01  0.7768850E-01
   0.9049488E-01  0.7564603E-01
   0.8526746E-01  0.7355951E-01
   0.8018418E-01  0.7143343E-01
   0.7525292E-01  0.6927234E-01
   0.7048094E-01  0.6708198E-01
   0.6587680E-01  0.6486993E-01
   0.6144916E-01  0.6264504E-01
   0.5720596E-01  0.6041662E-01
   0.5315541E-01  0.5819428E-01
   0.4930471E-01  0.5598841E-01
   0.4565838E-01  0.5380920E-01
   0.4221827E-01  0.5166503E-01
   0.3898384E-01  0.4956180E-01
   0.3595086E-01  0.4750405E-01
   0.3311198E-01  0.4549493E-01
   0.3045804E-01  0.4353653E-01
   0.2798020E-01  0.4163103E-01
   0.2566977E-01  0.3978064E-01
   0.2351767E-01  0.3798703E-01
   0.2151437E-01  0.3625096E-01
   0.1965203E-01  0.3457078E-01
   0.1792358E-01  0.3294301E-01
   0.1632096E-01  0.3136411E-01
   0.1483572E-01  0.2983063E-01
   0.1345943E-01  0.2833931E-01
   0.1218426E-01  0.2688725E-01
   0.1100344E-01  0.2547210E-01
   0.9910589E-02  0.2409164E-01
   0.8899657E-02  0.2274378E-01
   0.7964986E-02  0.2142656E-01
   0.7101322E-02  0.2013814E-01
   0.6304010E-02  0.1887702E-01
   0.5569515E-02  0.1764264E-01
   0.4894738E-02  0.1643478E-01
   0.4276754E-02  0.1525328E-01
   0.3712752E-02  0.1409803E-01
   0.3200012E-02  0.1296886E-01
   0.2735885E-02  0.1186556E-01
   0.2317544E-02  0.1078783E-01
   0.1941521E-02  0.9734964E-02
   0.1604415E-02  0.8705885E-02
   0.1303084E-02  0.7699246E-02
   0.1034684E-02  0.6713574E-02
   0.7966622E-03  0.5747344E-02
   0.5867482E-03  0.4799027E-02
   0.4030595E-03  0.3867146E-02
   0.2474816E-03  0.2950819E-02
   0.1255276E-03  0.2049455E-02
   0.4232933E-04  0.1161996E-02
   0.2703557E-05  0.2870052E-03
   0.1143382E-04 -0.5772586E-03
   0.7355071E-04 -0.1432807E-02
   0.1946337E-03 -0.2281930E-02
   0.3805153E-03 -0.3126413E-02
   0.6337804E-03 -0.3962492E-02
   0.9563143E-03 -0.4783399E-02
   0.1351098E-02 -0.5581275E-02
   0.1822233E-02 -0.6346802E-02
   0.2374991E-02 -0.7068743E-02
   0.3015415E-02 -0.7734488E-02
   0.3744929E-02 -0.8342064E-02
   0.4561260E-02 -0.8897625E-02
   0.5461276E-02 -0.9408197E-02
   0.6440339E-02 -0.9882041E-02
   0.7491283E-02 -0.1032925E-01
   0.8602990E-02 -0.1076250E-01
   0.9764258E-02 -0.1119340E-01
   0.1097609E-01 -0.1162314E-01
   0.1224236E-01 -0.1205090E-01
   0.1356751E-01 -0.1247591E-01
   0.1495688E-01 -0.1289751E-01
   0.1641709E-01 -0.1331529E-01
   0.1795676E-01 -0.1372921E-01
   0.1958680E-01 -0.1413975E-01
   0.2131779E-01 -0.1454738E-01
   0.2316104E-01 -0.1495271E-01
   0.2512929E-01 -0.1535657E-01
   0.2723652E-01 -0.1576013E-01
   0.2949743E-01 -0.1616501E-01
   0.3192636E-01 -0.1657335E-01
   0.3453890E-01 -0.1698586E-01
   0.3735338E-01 -0.1740142E-01
   0.4038867E-01 -0.1781861E-01
   0.4366271E-01 -0.1823578E-01
   0.4719318E-01 -0.1865146E-01
   0.5100050E-01 -0.1906400E-01
   0.5510475E-01 -0.1947026E-01
   0.5952131E-01 -0.1986641E-01
   0.6425798E-01 -0.2024830E-01
   0.6931412E-01 -0.2061159E-01
   0.7467996E-01 -0.2095044E-01
   0.8033496E-01 -0.2125889E-01
   0.8625219E-01 -0.2153206E-01
   0.9240580E-01 -0.2176631E-01
   0.9876866E-01 -0.2195845E-01
   0.1053090     -0.2210635E-01
   0.1119935     -0.2220922E-01
   0.1187908     -0.2226605E-01
   0.1256734     -0.2227551E-01
   0.1326195     -0.2223695E-01
   0.1396147     -0.2215020E-01
   0.1466478     -0.2201507E-01
   0.1537022     -0.2183172E-01
   0.1607553     -0.2160097E-01
   0.1677793     -0.2132334E-01
   0.1747519     -0.2099439E-01
   0.1816678     -0.2060795E-01
   0.1885389     -0.2015713E-01
   0.1953919     -0.1963443E-01
   0.2022621     -0.1903851E-01
   0.2091803     -0.1837132E-01
   0.2161708     -0.1763458E-01
   0.2232520     -0.1683031E-01
   0.2304350     -0.1596181E-01
   0.2377266     -0.1503455E-01
   0.2451276     -0.1405546E-01
   0.2526325     -0.1303323E-01
   0.2602277     -0.1197808E-01
   0.2678939     -0.1089682E-01
   0.2756138     -0.9793726E-02
   0.2833747     -0.8672577E-02
   0.2911690     -0.7536548E-02
   0.2989946     -0.6388047E-02
   0.3068502     -0.5229113E-02
   0.3147322     -0.4062158E-02
   0.3226338     -0.2890071E-02
   0.3305455     -0.1716219E-02
   0.3384556     -0.5442194E-03
   0.3463543      0.6227565E-03
   0.3542359      0.1782191E-02
   0.3620989      0.2932211E-02
   0.3699458      0.4071556E-02
   0.3777822      0.5199915E-02
   0.3856134      0.6317837E-02
   0.3934419      0.7425602E-02
   0.4012677      0.8523119E-02
   0.4090882      0.9609943E-02
   0.4168985      0.1068513E-01
   0.4246938      0.1174684E-01
   0.4324712      0.1279332E-01
   0.4402302      0.1382315E-01
   0.4479726      0.1483524E-01
   0.4557022      0.1582878E-01
   0.4634243      0.1680372E-01
   0.4711430      0.1776054E-01
   0.4788607      0.1869949E-01
   0.4865777      0.1962056E-01
   0.4942928      0.2052356E-01
   0.5020029      0.2140803E-01
   0.5097046      0.2227303E-01
   0.5173958      0.2311758E-01
   0.5250766      0.2394094E-01
   0.5327484      0.2474255E-01
   0.5404147      0.2552202E-01
   0.5480805      0.2627924E-01
   0.5557501      0.2701459E-01
   0.5634249      0.2772832E-01
   0.5711039      0.2842041E-01
   0.5787828      0.2909059E-01
   0.5864550      0.2973843E-01
   0.5941115      0.3036287E-01
   0.6017472      0.3096208E-01
   0.6093638      0.3153468E-01
   0.6169694      0.3207973E-01
   0.6245790      0.3259666E-01
   0.6322141      0.3308517E-01
   0.6399001      0.3354873E-01
   0.6476527      0.3399540E-01
   0.6554709      0.3443270E-01
   0.6633390      0.3486331E-01
   0.6712383      0.3528543E-01
   0.6791511      0.3569721E-01
   0.6870609      0.3609695E-01
   0.6949535      0.3648314E-01
   0.7028164      0.3685448E-01
   0.7106397      0.3720987E-01
   0.7184153      0.3754840E-01
   0.7261376      0.3786932E-01
   0.7338025      0.3817129E-01
   0.7414035      0.3844935E-01
   0.7489276      0.3869758E-01
   0.7563561      0.3891044E-01
   0.7636660      0.3908308E-01
   0.7708322      0.3921158E-01
   0.7778309      0.3929061E-01
   0.7846654      0.3930184E-01
   0.7913875      0.3922558E-01
   0.7980623      0.3905993E-01
   0.8047147      0.3881244E-01
   0.8113378      0.3848362E-01
   0.8179502      0.3806390E-01
   0.8246094      0.3754723E-01
   0.8313634      0.3694594E-01
   0.8382111      0.3627683E-01
   0.8451209      0.3554671E-01
   0.8520633      0.3475893E-01
   0.8590176      0.3391678E-01
   0.8659725      0.3302293E-01
   0.8729266      0.3207900E-01
   0.8798890      0.3108502E-01
   0.8868732      0.3003732E-01
   0.8938850      0.2893066E-01
   0.9009185      0.2776137E-01
   0.9079555      0.2652802E-01
   0.9149658      0.2523204E-01
   0.9219080      0.2387821E-01
   0.9287335      0.2247470E-01
   0.9353907      0.2103257E-01
   0.9418315      0.1956476E-01
   0.9480160      0.1808476E-01
   0.9539155      0.1660388E-01
   0.9595176      0.1511530E-01
   0.9648367      0.1360026E-01
   0.9699054      0.1203946E-01
   0.9747617      0.1041867E-01
   0.9794374      0.8733953E-02
   0.9839550      0.6983287E-02
   0.9883308      0.5174316E-02
   0.9925641      0.3340913E-02
   0.9966284      0.1527138E-02
   0.9999900     -0.2944086E-07
