S1223 RTL
    1.000000     -0.1437838E-18
   0.9969507      0.2434430E-02
   0.9934656      0.5272905E-02
   0.9900410      0.8102079E-02
   0.9866520      0.1085227E-01
   0.9832422      0.1347311E-01
   0.9797545      0.1595295E-01
   0.9761586      0.1831339E-01
   0.9724284      0.2057169E-01
   0.9685393      0.2274496E-01
   0.9644702      0.2485696E-01
   0.9602048      0.2693008E-01
   0.9557320      0.2898259E-01
   0.9510398      0.3102522E-01
   0.9461188      0.3306809E-01
   0.9409650      0.3512078E-01
   0.9355766      0.3718567E-01
   0.9299533      0.3926232E-01
   0.9240967      0.4135109E-01
   0.9180099      0.4345157E-01
   0.9116974      0.4556168E-01
   0.9051669      0.4767950E-01
   0.8984287      0.4980322E-01
   0.8914945      0.5192963E-01
   0.8843778      0.5405546E-01
   0.8770929      0.5617815E-01
   0.8696545      0.5829510E-01
   0.8620771      0.6040309E-01
   0.8543757      0.6249942E-01
   0.8465651      0.6458185E-01
   0.8386593      0.6664764E-01
   0.8306713      0.6869417E-01
   0.8226130      0.7071938E-01
   0.8144953      0.7272153E-01
   0.8063276      0.7469862E-01
   0.7981191      0.7664884E-01
   0.7898784      0.7857071E-01
   0.7816130      0.8046248E-01
   0.7733294      0.8232232E-01
   0.7650330      0.8414880E-01
   0.7567280      0.8594070E-01
   0.7484177      0.8769678E-01
   0.7401047      0.8941593E-01
   0.7317909      0.9109723E-01
   0.7234776      0.9273986E-01
   0.7151654      0.9434309E-01
   0.7068537      0.9590640E-01
   0.6985415      0.9742942E-01
   0.6902271      0.9891213E-01
   0.6819087      0.1003546    
   0.6735843      0.1017570    
   0.6652522      0.1031194    
   0.6569099      0.1044422    
   0.6485548      0.1057258    
   0.6401836      0.1069708    
   0.6317925      0.1081780    
   0.6233782      0.1093486    
   0.6149375      0.1104835    
   0.6064675      0.1115839    
   0.5979652      0.1126510    
   0.5894276      0.1136863    
   0.5808513      0.1146910    
   0.5722328      0.1156669    
   0.5635690      0.1166161    
   0.5548576      0.1175404    
   0.5460972      0.1184419    
   0.5372869      0.1193225    
   0.5284266      0.1201841    
   0.5195168      0.1210288    
   0.5105584      0.1218586    
   0.5015534      0.1226752    
   0.4925047      0.1234803    
   0.4834163      0.1242755    
   0.4742935      0.1250623    
   0.4651419      0.1258412    
   0.4559680      0.1266131    
   0.4467786      0.1273786    
   0.4375812      0.1281377    
   0.4283844      0.1288899    
   0.4191980      0.1296347    
   0.4100325      0.1303711    
   0.4008984      0.1310970    
   0.3918060      0.1318102    
   0.3827653      0.1325086    
   0.3737858      0.1331896    
   0.3648776      0.1338502    
   0.3560511      0.1344873    
   0.3473170      0.1350980    
   0.3386864      0.1356784    
   0.3301716      0.1362246    
   0.3217853      0.1367332    
   0.3135398      0.1371997    
   0.3054458      0.1376186    
   0.2975121      0.1379850    
   0.2897453      0.1382951    
   0.2821491      0.1385435    
   0.2747225      0.1387250    
   0.2674611      0.1388355    
   0.2603579      0.1388717    
   0.2534049      0.1388307    
   0.2465931      0.1387099    
   0.2399129      0.1385072    
   0.2333551      0.1382213    
   0.2269119      0.1378514    
   0.2205764      0.1373968    
   0.2143429      0.1368569    
   0.2082061      0.1362314    
   0.2021616      0.1355199    
   0.1962048      0.1347221    
   0.1903316      0.1338375    
   0.1845384      0.1328664    
   0.1788223      0.1318085    
   0.1731805      0.1306639    
   0.1676109      0.1294328    
   0.1621115      0.1281155    
   0.1566808      0.1267123    
   0.1513174      0.1252237    
   0.1460207      0.1236504    
   0.1407907      0.1219937    
   0.1356281      0.1202546    
   0.1305339      0.1184345    
   0.1255095      0.1165349    
   0.1205560      0.1145569    
   0.1156745      0.1125022    
   0.1108664      0.1103731    
   0.1061340      0.1081725    
   0.1014800      0.1059037    
   0.9690795E-01  0.1035707    
   0.9242167E-01  0.1011782    
   0.8802548E-01  0.9873138E-01
   0.8372388E-01  0.9623610E-01
   0.7952170E-01  0.9369908E-01
   0.7542446E-01  0.9112813E-01
   0.7143810E-01  0.8853180E-01
   0.6756862E-01  0.8591904E-01
   0.6382190E-01  0.8329885E-01
   0.6020311E-01  0.8068030E-01
   0.5671641E-01  0.7807226E-01
   0.5336511E-01  0.7548316E-01
   0.5015184E-01  0.7292110E-01
   0.4707812E-01  0.7039376E-01
   0.4414443E-01  0.6790764E-01
   0.4135067E-01  0.6546738E-01
   0.3869524E-01  0.6307652E-01
   0.3617510E-01  0.6073761E-01
   0.3378673E-01  0.5845197E-01
   0.3152617E-01  0.5621990E-01
   0.2938865E-01  0.5404121E-01
   0.2736897E-01  0.5191524E-01
   0.2546211E-01  0.4984084E-01
   0.2366292E-01  0.4781661E-01
   0.2196604E-01  0.4584101E-01
   0.2036615E-01  0.4391252E-01
   0.1885811E-01  0.4202981E-01
   0.1743694E-01  0.4019155E-01
   0.1609784E-01  0.3839640E-01
   0.1483630E-01  0.3664312E-01
   0.1364806E-01  0.3493055E-01
   0.1252905E-01  0.3325750E-01
   0.1147552E-01  0.3162278E-01
   0.1048413E-01  0.3002518E-01
   0.9551687E-02  0.2846345E-01
   0.8675136E-02  0.2693636E-01
   0.7851754E-02  0.2544269E-01
   0.7079084E-02  0.2398130E-01
   0.6354755E-02  0.2255105E-01
   0.5676603E-02  0.2115087E-01
   0.5042985E-02  0.1977958E-01
   0.4452343E-02  0.1843598E-01
   0.3903103E-02  0.1711888E-01
   0.3393817E-02  0.1582718E-01
   0.2923238E-02  0.1456002E-01
   0.2490161E-02  0.1331667E-01
   0.2093454E-02  0.1209651E-01
   0.1732408E-02  0.1089887E-01
   0.1406396E-02  0.9722795E-02
   0.1114681E-02  0.8567093E-02
   0.8566800E-03  0.7430555E-02
   0.6323541E-03  0.6312725E-02
   0.4417760E-03  0.5214025E-02
   0.2849428E-03  0.4135503E-02
   0.1620685E-03  0.3078118E-02
   0.7339670E-04  0.2040742E-02
   0.1908383E-04  0.1019930E-02
   0.2183155E-08  0.1064491E-04
   0.1986543E-04 -0.9916566E-03
   0.8374762E-04 -0.1989674E-02
   0.1971489E-03 -0.2984414E-02
   0.3676007E-03 -0.3973164E-02
   0.6062363E-03 -0.4948522E-02
   0.9249995E-03 -0.5902765E-02
   0.1335816E-02 -0.6828084E-02
   0.1842317E-02 -0.7714511E-02
   0.2442588E-02 -0.8550184E-02
   0.3135375E-02 -0.9322344E-02
   0.3918473E-02 -0.1002064E-01
   0.4783371E-02 -0.1064685E-01
   0.5719312E-02 -0.1120525E-01
   0.6714317E-02 -0.1169985E-01
   0.7760262E-02 -0.1213557E-01
   0.8854968E-02 -0.1251894E-01
   0.9996079E-02 -0.1285747E-01
   0.1118091E-01 -0.1315916E-01
   0.1240954E-01 -0.1342836E-01
   0.1368335E-01 -0.1366802E-01
   0.1500363E-01 -0.1388178E-01
   0.1637206E-01 -0.1407297E-01
   0.1779151E-01 -0.1424326E-01
   0.1926517E-01 -0.1439445E-01
   0.2079638E-01 -0.1452883E-01
   0.2238907E-01 -0.1464776E-01
   0.2404779E-01 -0.1475180E-01
   0.2577747E-01 -0.1484184E-01
   0.2758352E-01 -0.1491879E-01
   0.2947202E-01 -0.1498243E-01
   0.3144980E-01 -0.1503226E-01
   0.3352441E-01 -0.1506792E-01
   0.3570433E-01 -0.1508885E-01
   0.3799905E-01 -0.1509415E-01
   0.4041906E-01 -0.1508298E-01
   0.4297598E-01 -0.1505450E-01
   0.4568273E-01 -0.1500734E-01
   0.4855351E-01 -0.1493982E-01
   0.5160398E-01 -0.1485028E-01
   0.5485128E-01 -0.1473683E-01
   0.5831391E-01 -0.1459701E-01
   0.6201141E-01 -0.1442834E-01
   0.6596411E-01 -0.1422837E-01
   0.7019258E-01 -0.1399420E-01
   0.7471599E-01 -0.1372279E-01
   0.7955062E-01 -0.1341158E-01
   0.8470877E-01 -0.1305816E-01
   0.9019617E-01 -0.1265923E-01
   0.9600973E-01 -0.1221195E-01
   0.1021379     -0.1171434E-01
   0.1085618     -0.1116404E-01
   0.1152549     -0.1055828E-01
   0.1221860     -0.9894786E-02
   0.1293255     -0.9171421E-02
   0.1366474     -0.8386433E-02
   0.1441290     -0.7538165E-02
   0.1517545     -0.6624498E-02
   0.1595172     -0.5644179E-02
   0.1674149     -0.4598344E-02
   0.1754465     -0.3488574E-02
   0.1836126     -0.2316736E-02
   0.1919145     -0.1086154E-02
   0.2003507      0.1982352E-03
   0.2089155      0.1530132E-02
   0.2175980      0.2902620E-02
   0.2263849      0.4310291E-02
   0.2352626      0.5747780E-02
   0.2442184      0.7209542E-02
   0.2532401      0.8691034E-02
   0.2623161      0.1018878E-01
   0.2714356      0.1169937E-01
   0.2805886      0.1321950E-01
   0.2897655      0.1474594E-01
   0.2989557      0.1627535E-01
   0.3081481      0.1780424E-01
   0.3173312      0.1932899E-01
   0.3264952      0.2084624E-01
   0.3356336      0.2235315E-01
   0.3447427      0.2384739E-01
   0.3538210      0.2532708E-01
   0.3628669      0.2679036E-01
   0.3718785      0.2823540E-01
   0.3808538      0.2966028E-01
   0.3897911      0.3106293E-01
   0.3986897      0.3244144E-01
   0.4075499      0.3379411E-01
   0.4163727      0.3511948E-01
   0.4251590      0.3641624E-01
   0.4339091      0.3768303E-01
   0.4426228      0.3891848E-01
   0.4513001      0.4012108E-01
   0.4599411      0.4128935E-01
   0.4685466      0.4242193E-01
   0.4771176      0.4351758E-01
   0.4856555      0.4457522E-01
   0.4941618      0.4559381E-01
   0.5026379      0.4657236E-01
   0.5110853      0.4750999E-01
   0.5195053      0.4840595E-01
   0.5278986      0.4925943E-01
   0.5362658      0.5006962E-01
   0.5446075      0.5083567E-01
   0.5529246      0.5155676E-01
   0.5612188      0.5223211E-01
   0.5694918      0.5286113E-01
   0.5777451      0.5344343E-01
   0.5859798      0.5397856E-01
   0.5941962      0.5446607E-01
   0.6023946      0.5490538E-01
   0.6105753      0.5529596E-01
   0.6187394      0.5563723E-01
   0.6268882      0.5592873E-01
   0.6350228      0.5617016E-01
   0.6431443      0.5636124E-01
   0.6512532      0.5650167E-01
   0.6593499      0.5659114E-01
   0.6674349      0.5662937E-01
   0.6755088      0.5661609E-01
   0.6835724      0.5655099E-01
   0.6916264      0.5643395E-01
   0.6996713      0.5626487E-01
   0.7077071      0.5604366E-01
   0.7157334      0.5577022E-01
   0.7237501      0.5544443E-01
   0.7317568      0.5506618E-01
   0.7397536      0.5463535E-01
   0.7477402      0.5415191E-01
   0.7557159      0.5361593E-01
   0.7636795      0.5302755E-01
   0.7716289      0.5238695E-01
   0.7795620      0.5169416E-01
   0.7874768      0.5094919E-01
   0.7953717      0.5015210E-01
   0.8032450      0.4930306E-01
   0.8110937      0.4840261E-01
   0.8189130      0.4745158E-01
   0.8266967      0.4645101E-01
   0.8344372      0.4540159E-01
   0.8421272      0.4430389E-01
   0.8497594      0.4315871E-01
   0.8573264      0.4196698E-01
   0.8648195      0.4072987E-01
   0.8722283      0.3944915E-01
   0.8795406      0.3812718E-01
   0.8867433      0.3676578E-01
   0.8938229      0.3536668E-01
   0.9007660      0.3393223E-01
   0.9075601      0.3246466E-01
   0.9141935      0.3096481E-01
   0.9206562      0.2943380E-01
   0.9269405      0.2787313E-01
   0.9330401      0.2628258E-01
   0.9389515      0.2466104E-01
   0.9446736      0.2300780E-01
   0.9502075      0.2132147E-01
   0.9555565      0.1959875E-01
   0.9607274      0.1783603E-01
   0.9657289      0.1602982E-01
   0.9705692      0.1417742E-01
   0.9752555      0.1227675E-01
   0.9797937      0.1032583E-01
   0.9841889      0.8321285E-02
   0.9884478      0.6258585E-02
   0.9925804      0.4134095E-02
   0.9965993      0.1947072E-02
    1.000000     -0.1437838E-18
