S2048
   0.9999950     -0.5733444E-09
   0.9966471      0.4578802E-03
   0.9920758      0.1145485E-02
   0.9868926      0.1992590E-02
   0.9813158      0.2957086E-02
   0.9754617      0.4010928E-02
   0.9694319      0.5124121E-02
   0.9632965      0.6272359E-02
   0.9571061      0.7439488E-02
   0.9508973      0.8611679E-02
   0.9446909      0.9778597E-02
   0.9384964      0.1093405E-01
   0.9323181      0.1207340E-01
   0.9261553      0.1319302E-01
   0.9200027      0.1429073E-01
   0.9138540      0.1536696E-01
   0.9077040      0.1642249E-01
   0.9015485      0.1745780E-01
   0.8953847      0.1847313E-01
   0.8892109      0.1946905E-01
   0.8830262      0.2044702E-01
   0.8768302      0.2140857E-01
   0.8706229      0.2235514E-01
   0.8644049      0.2328815E-01
   0.8581771      0.2420886E-01
   0.8519408      0.2511806E-01
   0.8456970      0.2601633E-01
   0.8394470      0.2690430E-01
   0.8331919      0.2778259E-01
   0.8269327      0.2865183E-01
   0.8206706      0.2951259E-01
   0.8144066      0.3036485E-01
   0.8081412      0.3120846E-01
   0.8018751      0.3204329E-01
   0.7956085      0.3286922E-01
   0.7893417      0.3368618E-01
   0.7830745      0.3449412E-01
   0.7768068      0.3529300E-01
   0.7705383      0.3608276E-01
   0.7642691      0.3686336E-01
   0.7579990      0.3763472E-01
   0.7517280      0.3839676E-01
   0.7454565      0.3914942E-01
   0.7391844      0.3989257E-01
   0.7329121      0.4062603E-01
   0.7266398      0.4134948E-01
   0.7203678      0.4206262E-01
   0.7140962      0.4276515E-01
   0.7078253      0.4345679E-01
   0.7015551      0.4413723E-01
   0.6952859      0.4480619E-01
   0.6890178      0.4546335E-01
   0.6827508      0.4610838E-01
   0.6764850      0.4674090E-01
   0.6702202      0.4736059E-01
   0.6639563      0.4796710E-01
   0.6576931      0.4856011E-01
   0.6514301      0.4913929E-01
   0.6451671      0.4970435E-01
   0.6389035      0.5025520E-01
   0.6326391      0.5079185E-01
   0.6263737      0.5131432E-01
   0.6201070      0.5182260E-01
   0.6138390      0.5231669E-01
   0.6075697      0.5279657E-01
   0.6012992      0.5326221E-01
   0.5950277      0.5371359E-01
   0.5887554      0.5415066E-01
   0.5824824      0.5457337E-01
   0.5762087      0.5498171E-01
   0.5699344      0.5537562E-01
   0.5636595      0.5575508E-01
   0.5573839      0.5612006E-01
   0.5511074      0.5647054E-01
   0.5448298      0.5680654E-01
   0.5385509      0.5712819E-01
   0.5322706      0.5743566E-01
   0.5259887      0.5772911E-01
   0.5197052      0.5800870E-01
   0.5134200      0.5827458E-01
   0.5071331      0.5852691E-01
   0.5008445      0.5876582E-01
   0.4945543      0.5899148E-01
   0.4882625      0.5920402E-01
   0.4819694      0.5940360E-01
   0.4756749      0.5959035E-01
   0.4693791      0.5976443E-01
   0.4630822      0.5992598E-01
   0.4567842      0.6007515E-01
   0.4504853      0.6021209E-01
   0.4441856      0.6033690E-01
   0.4378852      0.6044961E-01
   0.4315843      0.6055023E-01
   0.4252830      0.6063877E-01
   0.4189814      0.6071524E-01
   0.4126798      0.6077965E-01
   0.4063783      0.6083200E-01
   0.4000772      0.6087233E-01
   0.3937766      0.6090057E-01
   0.3874768      0.6091658E-01
   0.3811779      0.6092019E-01
   0.3748800      0.6091125E-01
   0.3685832      0.6088959E-01
   0.3622874      0.6085507E-01
   0.3559928      0.6080752E-01
   0.3496992      0.6074679E-01
   0.3434066      0.6067272E-01
   0.3371149      0.6058519E-01
   0.3308241      0.6048406E-01
   0.3245344      0.6036918E-01
   0.3182457      0.6024044E-01
   0.3119582      0.6009768E-01
   0.3056721      0.5994080E-01
   0.2993876      0.5976959E-01
   0.2931050      0.5958374E-01
   0.2868246      0.5938288E-01
   0.2805467      0.5916667E-01
   0.2742717      0.5893476E-01
   0.2679998      0.5868682E-01
   0.2617317      0.5842250E-01
   0.2554676      0.5814143E-01
   0.2492080      0.5784303E-01
   0.2429533      0.5752664E-01
   0.2367038      0.5719163E-01
   0.2304596      0.5683733E-01
   0.2242209      0.5646311E-01
   0.2179877      0.5606831E-01
   0.2117599      0.5565218E-01
   0.2055378      0.5521373E-01
   0.1993223      0.5475196E-01
   0.1931144      0.5426592E-01
   0.1869158      0.5375474E-01
   0.1807287      0.5321760E-01
   0.1745556      0.5265364E-01
   0.1683993      0.5206083E-01
   0.1622623      0.5143660E-01
   0.1561465      0.5077843E-01
   0.1500535      0.5008378E-01
   0.1439842      0.4935015E-01
   0.1379391      0.4857501E-01
   0.1319189      0.4775559E-01
   0.1259241      0.4688908E-01
   0.1199556      0.4597273E-01
   0.1140142      0.4500385E-01
   0.1081005      0.4397987E-01
   0.1022153      0.4289901E-01
   0.9635748E-01  0.4176012E-01
   0.9052441E-01  0.4056164E-01
   0.8471144E-01  0.3930146E-01
   0.7891230E-01  0.3797668E-01
   0.7312476E-01  0.3658261E-01
   0.6736379E-01  0.3511695E-01
   0.6166391E-01  0.3358353E-01
   0.5607550E-01  0.3199298E-01
   0.5065153E-01  0.3035720E-01
   0.4540690E-01  0.2867478E-01
   0.4030865E-01  0.2692956E-01
   0.3528984E-01  0.2509051E-01
   0.3030501E-01  0.2311903E-01
   0.2553097E-01  0.2105686E-01
   0.2129764E-01  0.1905239E-01
   0.1776742E-01  0.1722664E-01
   0.1484860E-01  0.1557547E-01
   0.1236883E-01  0.1403943E-01
   0.1019805E-01  0.1256569E-01
   0.8249769E-02  0.1111116E-01
   0.6501754E-02  0.9654666E-02
   0.5010603E-02  0.8251344E-02
   0.3801677E-02  0.6970138E-02
   0.2835698E-02  0.5831355E-02
   0.2055524E-02  0.4821064E-02
   0.1430412E-02  0.3919372E-02
   0.9393293E-03  0.3102583E-02
   0.5626443E-03  0.2349068E-02
   0.2868630E-03  0.1642285E-02
   0.1042142E-03  0.9695630E-03
   0.1187839E-04  0.3206266E-03
   0.1185874E-04 -0.3136415E-03
   0.1095489E-03 -0.9422129E-03
   0.3036914E-03 -0.1573481E-02
   0.5941274E-03 -0.2214892E-02
   0.9860265E-03 -0.2873708E-02
   0.1490267E-02 -0.3557507E-02
   0.2124454E-02 -0.4274078E-02
   0.2913060E-02 -0.5029200E-02
   0.3884459E-02 -0.5819815E-02
   0.5093792E-02 -0.6641405E-02
   0.6624364E-02 -0.7487056E-02
   0.8556538E-02 -0.8339315E-02
   0.1090301E-01 -0.9181817E-02
   0.1359545E-01 -0.1004869E-01
   0.1663401E-01 -0.1098311E-01
   0.2007529E-01 -0.1197711E-01
   0.2397078E-01 -0.1300423E-01
   0.2835217E-01 -0.1401470E-01
   0.3321340E-01 -0.1496400E-01
   0.3848862E-01 -0.1583502E-01
   0.4406486E-01 -0.1662967E-01
   0.4983363E-01 -0.1736971E-01
   0.5572673E-01 -0.1806087E-01
   0.6169441E-01 -0.1869986E-01
   0.6770394E-01 -0.1928728E-01
   0.7374422E-01 -0.1982694E-01
   0.7981923E-01 -0.2032396E-01
   0.8593269E-01 -0.2078320E-01
   0.9208477E-01 -0.2120937E-01
   0.9827177E-01 -0.2160707E-01
   0.1044861     -0.2198033E-01
   0.1107193     -0.2233059E-01
   0.1169644     -0.2265878E-01
   0.1232167     -0.2296602E-01
   0.1294733     -0.2325361E-01
   0.1357336     -0.2352294E-01
   0.1419985     -0.2377515E-01
   0.1482690     -0.2401107E-01
   0.1545454     -0.2423150E-01
   0.1608280     -0.2443725E-01
   0.1671162     -0.2462909E-01
   0.1734093     -0.2480779E-01
   0.1797061     -0.2497383E-01
   0.1860059     -0.2512749E-01
   0.1923078     -0.2526906E-01
   0.1986113     -0.2539883E-01
   0.2049163     -0.2551712E-01
   0.2112227     -0.2562422E-01
   0.2175306     -0.2572046E-01
   0.2238404     -0.2580611E-01
   0.2301522     -0.2588147E-01
   0.2364660     -0.2594681E-01
   0.2427817     -0.2600241E-01
   0.2490992     -0.2604856E-01
   0.2554181     -0.2608555E-01
   0.2617379     -0.2611359E-01
   0.2680583     -0.2613270E-01
   0.2743789     -0.2614284E-01
   0.2806993     -0.2614397E-01
   0.2870193     -0.2613607E-01
   0.2933388     -0.2611910E-01
   0.2996577     -0.2609303E-01
   0.3059758     -0.2605782E-01
   0.3122933     -0.2601345E-01
   0.3186102     -0.2595986E-01
   0.3249266     -0.2589702E-01
   0.3312426     -0.2582488E-01
   0.3375583     -0.2574341E-01
   0.3438739     -0.2565255E-01
   0.3501894     -0.2555226E-01
   0.3565052     -0.2544252E-01
   0.3628213     -0.2532342E-01
   0.3691380     -0.2519511E-01
   0.3754554     -0.2505775E-01
   0.3817735     -0.2491149E-01
   0.3880924     -0.2475647E-01
   0.3944122     -0.2459287E-01
   0.4007329     -0.2442082E-01
   0.4070542     -0.2424047E-01
   0.4133763     -0.2405191E-01
   0.4196989     -0.2385519E-01
   0.4260220     -0.2365036E-01
   0.4323452     -0.2343749E-01
   0.4386683     -0.2321663E-01
   0.4449912     -0.2298785E-01
   0.4513134     -0.2275121E-01
   0.4576346     -0.2250677E-01
   0.4639544     -0.2225442E-01
   0.4702726     -0.2199393E-01
   0.4765888     -0.2172506E-01
   0.4829031     -0.2144759E-01
   0.4892154     -0.2116127E-01
   0.4955258     -0.2086585E-01
   0.5018344     -0.2056110E-01
   0.5081415     -0.2024674E-01
   0.5144475     -0.1992273E-01
   0.5207527     -0.1958926E-01
   0.5270578     -0.1924655E-01
   0.5333632     -0.1889483E-01
   0.5396695     -0.1853430E-01
   0.5459773     -0.1816517E-01
   0.5522875     -0.1778764E-01
   0.5586007     -0.1740190E-01
   0.5649179     -0.1700824E-01
   0.5712396     -0.1660739E-01
   0.5775665     -0.1620018E-01
   0.5838989     -0.1578747E-01
   0.5902367     -0.1537011E-01
   0.5965798     -0.1494903E-01
   0.6029275     -0.1452512E-01
   0.6092791     -0.1409935E-01
   0.6156335     -0.1367262E-01
   0.6219896     -0.1324549E-01
   0.6283463     -0.1281833E-01
   0.6347026     -0.1239148E-01
   0.6410578     -0.1196527E-01
   0.6474114     -0.1154002E-01
   0.6537629     -0.1111605E-01
   0.6601123     -0.1069365E-01
   0.6664593     -0.1027311E-01
   0.6728042     -0.9854741E-02
   0.6791471     -0.9438881E-02
   0.6854880     -0.9025874E-02
   0.6918271     -0.8616060E-02
   0.6981645     -0.8209778E-02
   0.7045002     -0.7807368E-02
   0.7108344     -0.7409171E-02
   0.7171673     -0.7015524E-02
   0.7234987     -0.6626743E-02
   0.7298288     -0.6243135E-02
   0.7361577     -0.5865006E-02
   0.7424851     -0.5492664E-02
   0.7488111     -0.5126419E-02
   0.7551355     -0.4766582E-02
   0.7614581     -0.4413466E-02
   0.7677788     -0.4067408E-02
   0.7740974     -0.3728832E-02
   0.7804137     -0.3398180E-02
   0.7867278     -0.3075889E-02
   0.7930396     -0.2762389E-02
   0.7993493     -0.2458106E-02
   0.8056571     -0.2163463E-02
   0.8119632     -0.1878862E-02
   0.8182679     -0.1604576E-02
   0.8245716     -0.1340821E-02
   0.8308742     -0.1087815E-02
   0.8371760     -0.8457794E-03
   0.8434771     -0.6149384E-03
   0.8497775     -0.3955180E-03
   0.8560772     -0.1877548E-03
   0.8623761      0.8087219E-05
   0.8686739      0.1917378E-03
   0.8749705      0.3629263E-03
   0.8812656      0.5213823E-03
   0.8875586      0.6668368E-03
   0.8938492      0.7989069E-03
   0.9001366      0.9168372E-03
   0.9064201      0.1019802E-02
   0.9126988      0.1106983E-02
   0.9189716      0.1177576E-02
   0.9252373      0.1230789E-02
   0.9314949      0.1265850E-02
   0.9377447      0.1282003E-02
   0.9439879      0.1278492E-02
   0.9502266      0.1254542E-02
   0.9564622      0.1209005E-02
   0.9626831      0.1140292E-02
   0.9688606      0.1047247E-02
   0.9749507      0.9291531E-03
   0.9808876      0.7828724E-03
   0.9865791      0.6063258E-03
   0.9919104      0.4018721E-03
   0.9966083      0.1835170E-03
    1.000005      0.5733444E-09
