S8037 (16%)
    1.000000     -0.6166399E-18
   0.9963723      0.6846389E-03
   0.9920165      0.1754391E-02
   0.9873557      0.3010269E-02
   0.9824025      0.4364030E-02
   0.9771993      0.5763885E-02
   0.9717683      0.7172838E-02
   0.9661078      0.8566823E-02
   0.9601846      0.9940567E-02
   0.9539663      0.1131428E-01
   0.9474513      0.1270829E-01
   0.9406735      0.1412880E-01
   0.9336767      0.1557486E-01
   0.9265018      0.1704745E-01
   0.9191837      0.1854385E-01
   0.9117560      0.2005943E-01
   0.9042494      0.2159022E-01
   0.8966898      0.2313239E-01
   0.8890965      0.2468299E-01
   0.8814813      0.2624060E-01
   0.8738494      0.2780463E-01
   0.8662042      0.2937436E-01
   0.8585488      0.3094911E-01
   0.8508861      0.3252820E-01
   0.8432187      0.3411112E-01
   0.8355479      0.3569756E-01
   0.8278744      0.3728742E-01
   0.8201978      0.3888070E-01
   0.8125176      0.4047721E-01
   0.8048336      0.4207660E-01
   0.7971464      0.4367838E-01
   0.7894573      0.4528191E-01
   0.7817675      0.4688628E-01
   0.7740787      0.4849054E-01
   0.7663921      0.5009373E-01
   0.7587092      0.5169490E-01
   0.7510315      0.5329316E-01
   0.7433603      0.5488767E-01
   0.7356970      0.5647759E-01
   0.7280431      0.5806207E-01
   0.7203998      0.5964024E-01
   0.7127684      0.6121104E-01
   0.7051492      0.6277351E-01
   0.6975426      0.6432677E-01
   0.6899483      0.6587004E-01
   0.6823661      0.6740252E-01
   0.6747968      0.6892317E-01
   0.6672429      0.7043067E-01
   0.6597081      0.7192342E-01
   0.6521976      0.7339950E-01
   0.6447162      0.7485577E-01
   0.6372668      0.7628894E-01
   0.6298501      0.7769623E-01
   0.6224646      0.7907537E-01
   0.6151070      0.8042459E-01
   0.6077730      0.8174327E-01
   0.6004577      0.8303115E-01
   0.5931556      0.8428801E-01
   0.5858609      0.8551368E-01
   0.5785671      0.8670820E-01
   0.5712689      0.8787275E-01
   0.5639641      0.8900847E-01
   0.5566532      0.9011603E-01
   0.5493399      0.9119564E-01
   0.5420307      0.9224688E-01
   0.5347327      0.9326762E-01
   0.5274507      0.9425553E-01
   0.5201871      0.9520870E-01
   0.5129419      0.9612556E-01
   0.5057132      0.9700498E-01
   0.4984977      0.9784661E-01
   0.4912916      0.9865034E-01
   0.4840913      0.9941599E-01
   0.4768929      0.1001434    
   0.4696920      0.1008323    
   0.4624856      0.1014834    
   0.4552724      0.1020972    
   0.4480541      0.1026744    
   0.4408345      0.1032152    
   0.4336200      0.1037196    
   0.4264171      0.1041862    
   0.4192296      0.1046135    
   0.4120582      0.1049998    
   0.4049004      0.1053440    
   0.3977512      0.1056451    
   0.3906047      0.1059033    
   0.3834568      0.1061195    
   0.3763056      0.1062940    
   0.3691511      0.1064272    
   0.3619954      0.1065195    
   0.3548416      0.1065706    
   0.3476926      0.1065802    
   0.3405512      0.1065480    
   0.3334200      0.1064739    
   0.3263016      0.1063575    
   0.3191974      0.1061980    
   0.3121074      0.1059947    
   0.3050305      0.1057465    
   0.2979640      0.1054527    
   0.2909047      0.1051128    
   0.2838510      0.1047270    
   0.2768033      0.1042956    
   0.2697645      0.1038194    
   0.2627395      0.1032986    
   0.2557337      0.1027329    
   0.2487510      0.1021215    
   0.2417936      0.1014635    
   0.2348620      0.1007580    
   0.2279558      0.1000041    
   0.2210752      0.9920124E-01
   0.2142216      0.9834911E-01
   0.2073976      0.9744755E-01
   0.2006069      0.9649636E-01
   0.1938536      0.9549496E-01
   0.1871423      0.9444280E-01
   0.1804774      0.9333955E-01
   0.1738633      0.9218490E-01
   0.1673044      0.9097795E-01
   0.1608043      0.8971770E-01
   0.1543657      0.8840316E-01
   0.1479909      0.8703349E-01
   0.1416825      0.8560841E-01
   0.1354455      0.8412843E-01
   0.1292864      0.8259479E-01
   0.1232133      0.8100920E-01
   0.1172361      0.7937273E-01
   0.1113658      0.7768699E-01
   0.1056135      0.7595452E-01
   0.9999016E-01  0.7417819E-01
   0.9450570E-01  0.7235970E-01
   0.8916683E-01  0.7050051E-01
   0.8397735E-01  0.6860203E-01
   0.7893977E-01  0.6666694E-01
   0.7406105E-01  0.6470205E-01
   0.6935343E-01  0.6271737E-01
   0.6483120E-01  0.6072489E-01
   0.6050852E-01  0.5873445E-01
   0.5639533E-01  0.5675199E-01
   0.5249490E-01  0.5478232E-01
   0.4880514E-01  0.5282926E-01
   0.4532112E-01  0.5089659E-01
   0.4203805E-01  0.4898925E-01
   0.3895066E-01  0.4711235E-01
   0.3605240E-01  0.4527057E-01
   0.3333567E-01  0.4346750E-01
   0.3079298E-01  0.4170538E-01
   0.2841618E-01  0.3998591E-01
   0.2619633E-01  0.3831030E-01
   0.2412391E-01  0.3667912E-01
   0.2218983E-01  0.3509192E-01
   0.2038699E-01  0.3354682E-01
   0.1870812E-01  0.3204181E-01
   0.1714568E-01  0.3057495E-01
   0.1569206E-01  0.2914440E-01
   0.1433983E-01  0.2774833E-01
   0.1308179E-01  0.2638534E-01
   0.1191105E-01  0.2505430E-01
   0.1082107E-01  0.2375390E-01
   0.9805752E-02  0.2248275E-01
   0.8859483E-02  0.2123939E-01
   0.7977122E-02  0.2002239E-01
   0.7154085E-02  0.1883041E-01
   0.6387172E-02  0.1766268E-01
   0.5674088E-02  0.1651911E-01
   0.5012764E-02  0.1539994E-01
   0.4401208E-02  0.1430555E-01
   0.3837423E-02  0.1323635E-01
   0.3319373E-02  0.1219269E-01
   0.2844961E-02  0.1117481E-01
   0.2412294E-02  0.1018249E-01
   0.2019894E-02  0.9214174E-02
   0.1666043E-02  0.8267640E-02
   0.1348896E-02  0.7340344E-02
   0.1066650E-02  0.6429622E-02
   0.8176395E-03  0.5532789E-02
   0.6003899E-03  0.4647191E-02
   0.4136454E-03  0.3770222E-02
   0.2567474E-03  0.2899605E-02
   0.1328114E-03  0.2035859E-02
   0.4688833E-04  0.1180735E-02
   0.3977402E-05  0.3355706E-03
   0.9231154E-05 -0.4986242E-03
   0.6820068E-04 -0.1321088E-02
   0.1871181E-03 -0.2131242E-02
   0.3732494E-03 -0.2928638E-02
   0.6335936E-03 -0.3713298E-02
   0.9676914E-03 -0.4487039E-02
   0.1373070E-02 -0.5251727E-02
   0.1847682E-02 -0.6008580E-02
   0.2389519E-02 -0.6758110E-02
   0.2996120E-02 -0.7499978E-02
   0.3663927E-02 -0.8232761E-02
   0.4387803E-02 -0.8953812E-02
   0.5165906E-02 -0.9661821E-02
   0.5999790E-02 -0.1035741E-01
   0.6890872E-02 -0.1104175E-01
   0.7840293E-02 -0.1171662E-01
   0.8848870E-02 -0.1238462E-01
   0.9917071E-02 -0.1304935E-01
   0.1104500E-01 -0.1371566E-01
   0.1223289E-01 -0.1438933E-01
   0.1348427E-01 -0.1507266E-01
   0.1480449E-01 -0.1576622E-01
   0.1619950E-01 -0.1647059E-01
   0.1767584E-01 -0.1718637E-01
   0.1924067E-01 -0.1791423E-01
   0.2090180E-01 -0.1865485E-01
   0.2266764E-01 -0.1940893E-01
   0.2454763E-01 -0.2017712E-01
   0.2655235E-01 -0.2096003E-01
   0.2869326E-01 -0.2175833E-01
   0.3098261E-01 -0.2257285E-01
   0.3343358E-01 -0.2340472E-01
   0.3606051E-01 -0.2425563E-01
   0.3887982E-01 -0.2512710E-01
   0.4190958E-01 -0.2601947E-01
   0.4516756E-01 -0.2693269E-01
   0.4867029E-01 -0.2786644E-01
   0.5243265E-01 -0.2882054E-01
   0.5646843E-01 -0.2979421E-01
   0.6078856E-01 -0.3078454E-01
   0.6539745E-01 -0.3178769E-01
   0.7029209E-01 -0.3279956E-01
   0.7546343E-01 -0.3381578E-01
   0.8089750E-01 -0.3482917E-01
   0.8657492E-01 -0.3583186E-01
   0.9247509E-01 -0.3681705E-01
   0.9858179E-01 -0.3778021E-01
   0.1048803     -0.3871902E-01
   0.1113515     -0.3963202E-01
   0.1179726     -0.4051862E-01
   0.1247181     -0.4137760E-01
   0.1315647     -0.4220594E-01
   0.1384933     -0.4300154E-01
   0.1454914     -0.4376353E-01
   0.1525525     -0.4449226E-01
   0.1596716     -0.4518862E-01
   0.1668424     -0.4585363E-01
   0.1740575     -0.4648841E-01
   0.1813089     -0.4709352E-01
   0.1885894     -0.4766887E-01
   0.1958932     -0.4821455E-01
   0.2032163     -0.4873087E-01
   0.2105561     -0.4921822E-01
   0.2179110     -0.4967688E-01
   0.2252803     -0.5010714E-01
   0.2326634     -0.5050938E-01
   0.2400609     -0.5088402E-01
   0.2474729     -0.5123175E-01
   0.2548992     -0.5155335E-01
   0.2623390     -0.5184961E-01
   0.2697904     -0.5212128E-01
   0.2772512     -0.5236887E-01
   0.2847188     -0.5259240E-01
   0.2921912     -0.5279187E-01
   0.2996667     -0.5296732E-01
   0.3071441     -0.5311880E-01
   0.3146223     -0.5324633E-01
   0.3221015     -0.5334986E-01
   0.3295827     -0.5342938E-01
   0.3370679     -0.5348483E-01
   0.3445602     -0.5351622E-01
   0.3520626     -0.5352408E-01
   0.3595768     -0.5350934E-01
   0.3671021     -0.5347294E-01
   0.3746358     -0.5341585E-01
   0.3821731     -0.5333899E-01
   0.3897081     -0.5324226E-01
   0.3972370     -0.5312493E-01
   0.4047582     -0.5298626E-01
   0.4122723     -0.5282546E-01
   0.4197824     -0.5264175E-01
   0.4272929     -0.5243507E-01
   0.4348074     -0.5220591E-01
   0.4423286     -0.5195473E-01
   0.4498579     -0.5168206E-01
   0.4573953     -0.5138842E-01
   0.4649401     -0.5107429E-01
   0.4724910     -0.5074005E-01
   0.4800463     -0.5038613E-01
   0.4876039     -0.5001298E-01
   0.4951615     -0.4962109E-01
   0.5027164     -0.4921065E-01
   0.5102671     -0.4878130E-01
   0.5178134     -0.4833258E-01
   0.5253565     -0.4786392E-01
   0.5328992     -0.4737465E-01
   0.5404455     -0.4686436E-01
   0.5479998     -0.4633363E-01
   0.5555659     -0.4578318E-01
   0.5631469     -0.4521375E-01
   0.5707453     -0.4462614E-01
   0.5783632     -0.4402122E-01
   0.5860015     -0.4340025E-01
   0.5936598     -0.4276469E-01
   0.6013367     -0.4211612E-01
   0.6090289     -0.4145630E-01
   0.6167320     -0.4078694E-01
   0.6244413     -0.4010873E-01
   0.6321540     -0.3942184E-01
   0.6398690     -0.3872628E-01
   0.6475873     -0.3802188E-01
   0.6553117     -0.3730842E-01
   0.6630455     -0.3658626E-01
   0.6707909     -0.3585615E-01
   0.6785483     -0.3511896E-01
   0.6863162     -0.3437576E-01
   0.6940921     -0.3362761E-01
   0.7018727     -0.3287500E-01
   0.7096562     -0.3211817E-01
   0.7174424     -0.3135719E-01
   0.7252322     -0.3059200E-01
   0.7330279     -0.2982262E-01
   0.7408316     -0.2904953E-01
   0.7486438     -0.2827337E-01
   0.7564640     -0.2749492E-01
   0.7642901     -0.2671509E-01
   0.7721193     -0.2593436E-01
   0.7799494     -0.2515289E-01
   0.7877794     -0.2437070E-01
   0.7956089     -0.2358772E-01
   0.8034389     -0.2280392E-01
   0.8112696     -0.2201949E-01
   0.8191009     -0.2123469E-01
   0.8269318     -0.2044989E-01
   0.8347606     -0.1966544E-01
   0.8425852     -0.1888157E-01
   0.8504036     -0.1809849E-01
   0.8582135     -0.1731641E-01
   0.8660124     -0.1653562E-01
   0.8737948     -0.1575671E-01
   0.8815515     -0.1498067E-01
   0.8892697     -0.1420869E-01
   0.8969342     -0.1344052E-01
   0.9045291     -0.1267496E-01
   0.9120392     -0.1191097E-01
   0.9194482     -0.1114798E-01
   0.9267326     -0.1038667E-01
   0.9338611     -0.9628906E-02
   0.9407976     -0.8873619E-02
   0.9475030     -0.8114782E-02
   0.9539402     -0.7348143E-02
   0.9600851     -0.6562270E-02
   0.9659488     -0.5735934E-02
   0.9715695     -0.4851639E-02
   0.9769845     -0.3918572E-02
   0.9822025     -0.2960536E-02
   0.9872048     -0.2010650E-02
   0.9919302     -0.1117415E-02
   0.9963379     -0.3845346E-03
    1.000000     -0.6166399E-18
