NREL's S834 Airfoil
    1.000000      0.1704654E-19
   0.9962100      0.5805175E-03
   0.9915518      0.1494491E-02
   0.9865388      0.2667010E-02
   0.9811685      0.4052335E-02
   0.9755149      0.5603544E-02
   0.9696742      0.7283899E-02
   0.9637082      0.9058021E-02
   0.9576355      0.1090348E-01
   0.9514727      0.1279962E-01
   0.9452461      0.1472090E-01
   0.9389916      0.1663949E-01
   0.9327432      0.1853470E-01
   0.9265200      0.2039239E-01
   0.9203244      0.2220389E-01
   0.9141443      0.2396600E-01
   0.9079627      0.2568313E-01
   0.9017660      0.2736068E-01
   0.8955448      0.2900261E-01
   0.8892934      0.3061162E-01
   0.8830104      0.3218970E-01
   0.8766969      0.3373961E-01
   0.8703549      0.3526425E-01
   0.8639878      0.3676638E-01
   0.8575996      0.3824863E-01
   0.8511957      0.3971329E-01
   0.8447812      0.4116040E-01
   0.8383600      0.4258892E-01
   0.8319349      0.4399807E-01
   0.8255077      0.4538735E-01
   0.8190790      0.4675650E-01
   0.8126483      0.4810553E-01
   0.8062148      0.4943457E-01
   0.7997776      0.5074371E-01
   0.7933364      0.5203298E-01
   0.7868910      0.5330235E-01
   0.7804416      0.5455171E-01
   0.7739887      0.5578090E-01
   0.7675329      0.5698959E-01
   0.7610748      0.5817739E-01
   0.7546147      0.5934392E-01
   0.7481528      0.6048884E-01
   0.7416892      0.6161188E-01
   0.7352237      0.6271274E-01
   0.7287561      0.6379120E-01
   0.7222860      0.6484713E-01
   0.7158133      0.6588040E-01
   0.7093378      0.6689085E-01
   0.7028597      0.6787833E-01
   0.6963789      0.6884263E-01
   0.6898959      0.6978356E-01
   0.6834108      0.7070092E-01
   0.6769240      0.7159448E-01
   0.6704356      0.7246406E-01
   0.6639455      0.7330950E-01
   0.6574534      0.7413066E-01
   0.6509589      0.7492741E-01
   0.6444614      0.7569965E-01
   0.6379600      0.7644735E-01
   0.6314539      0.7717098E-01
   0.6249427      0.7787111E-01
   0.6184258      0.7854829E-01
   0.6119033      0.7920301E-01
   0.6053752      0.7983579E-01
   0.5988418      0.8044710E-01
   0.5923037      0.8103736E-01
   0.5857616      0.8160674E-01
   0.5792161      0.8215514E-01
   0.5726681      0.8268248E-01
   0.5661183      0.8318868E-01
   0.5595676      0.8367365E-01
   0.5530168      0.8413735E-01
   0.5464668      0.8457970E-01
   0.5399187      0.8500049E-01
   0.5333731      0.8539910E-01
   0.5268304      0.8577484E-01
   0.5202910      0.8612704E-01
   0.5137545      0.8645508E-01
   0.5072206      0.8675833E-01
   0.5006886      0.8703616E-01
   0.4941575      0.8728800E-01
   0.4876261      0.8751382E-01
   0.4810934      0.8771394E-01
   0.4745588      0.8788869E-01
   0.4680216      0.8803836E-01
   0.4614814      0.8816324E-01
   0.4549381      0.8826362E-01
   0.4483916      0.8833976E-01
   0.4418423      0.8839193E-01
   0.4352903      0.8842041E-01
   0.4287361      0.8842547E-01
   0.4221799      0.8840740E-01
   0.4156223      0.8836647E-01
   0.4090635      0.8830298E-01
   0.4025042      0.8821723E-01
   0.3959448      0.8810948E-01
   0.3893860      0.8797977E-01
   0.3828280      0.8782794E-01
   0.3762714      0.8765386E-01
   0.3697165      0.8745739E-01
   0.3631634      0.8723840E-01
   0.3566123      0.8699675E-01
   0.3500632      0.8673230E-01
   0.3435162      0.8644489E-01
   0.3369714      0.8613430E-01
   0.3304288      0.8580033E-01
   0.3238886      0.8544279E-01
   0.3173511      0.8506149E-01
   0.3108167      0.8465624E-01
   0.3042858      0.8422686E-01
   0.2977587      0.8377309E-01
   0.2912361      0.8329448E-01
   0.2847184      0.8279057E-01
   0.2782058      0.8226091E-01
   0.2716988      0.8170504E-01
   0.2651974      0.8112250E-01
   0.2587019      0.8051282E-01
   0.2522125      0.7987548E-01
   0.2457294      0.7920987E-01
   0.2392530      0.7851539E-01
   0.2327838      0.7779149E-01
   0.2263226      0.7703762E-01
   0.2198699      0.7625325E-01
   0.2134268      0.7543782E-01
   0.2069942      0.7459040E-01
   0.2005730      0.7370998E-01
   0.1941642      0.7279551E-01
   0.1877684      0.7184598E-01
   0.1813863      0.7086036E-01
   0.1750184      0.6983760E-01
   0.1686654      0.6877643E-01
   0.1623284      0.6767548E-01
   0.1560087      0.6653350E-01
   0.1497079      0.6534929E-01
   0.1434279      0.6412177E-01
   0.1371708      0.6284975E-01
   0.1309393      0.6153121E-01
   0.1247364      0.6016399E-01
   0.1185650      0.5874606E-01
   0.1124278      0.5727551E-01
   0.1063279      0.5575050E-01
   0.1002688      0.5416849E-01
   0.9425513E-01  0.5252673E-01
   0.8829197E-01  0.5082292E-01
   0.8238491E-01  0.4905521E-01
   0.7654026E-01  0.4722192E-01
   0.7076842E-01  0.4532035E-01
   0.6508504E-01  0.4334937E-01
   0.5950958E-01  0.4131066E-01
   0.5406387E-01  0.3920858E-01
   0.4877407E-01  0.3704820E-01
   0.4367418E-01  0.3483771E-01
   0.3880013E-01  0.3259118E-01
   0.3418326E-01  0.3032637E-01
   0.2985961E-01  0.2806361E-01
   0.2588959E-01  0.2583806E-01
   0.2232307E-01  0.2369363E-01
   0.1917137E-01  0.2166373E-01
   0.1641264E-01  0.1976198E-01
   0.1401359E-01  0.1798722E-01
   0.1193229E-01  0.1633404E-01
   0.1012326E-01  0.1479332E-01
   0.8543379E-02  0.1335393E-01
   0.7155937E-02  0.1200433E-01
   0.5939582E-02  0.1073429E-01
   0.4880286E-02  0.9537434E-02
   0.3963192E-02  0.8409159E-02
   0.3172748E-02  0.7344965E-02
   0.2493616E-02  0.6340093E-02
   0.1911465E-02  0.5389645E-02
   0.1413413E-02  0.4488794E-02
   0.9902769E-03  0.3631924E-02
   0.6401191E-03  0.2807635E-02
   0.3606459E-03  0.2011067E-02
   0.1528011E-03  0.1249097E-02
   0.2920944E-04  0.5244894E-03
   0.3467048E-05 -0.1813029E-03
   0.7801326E-04 -0.8984735E-03
   0.2387527E-03 -0.1647737E-02
   0.4708261E-03 -0.2428556E-02
   0.7712856E-03 -0.3236392E-02
   0.1140587E-02 -0.4078059E-02
   0.1581531E-02 -0.4958340E-02
   0.2103442E-02 -0.5880593E-02
   0.2716886E-02 -0.6848336E-02
   0.3433336E-02 -0.7865215E-02
   0.4264862E-02 -0.8934994E-02
   0.5223655E-02 -0.1006169E-01
   0.6321545E-02 -0.1125015E-01
   0.7574281E-02 -0.1250698E-01
   0.9009648E-02 -0.1383991E-01
   0.1066122E-01 -0.1525659E-01
   0.1256587E-01 -0.1676378E-01
   0.1476092E-01 -0.1836658E-01
   0.1728099E-01 -0.2006934E-01
   0.2016180E-01 -0.2187345E-01
   0.2343470E-01 -0.2376698E-01
   0.2710496E-01 -0.2572473E-01
   0.3114705E-01 -0.2771422E-01
   0.3552541E-01 -0.2970880E-01
   0.4021238E-01 -0.3168466E-01
   0.4516917E-01 -0.3361811E-01
   0.5034965E-01 -0.3549128E-01
   0.5571406E-01 -0.3729507E-01
   0.6123428E-01 -0.3902300E-01
   0.6688436E-01 -0.4067072E-01
   0.7264054E-01 -0.4223747E-01
   0.7848395E-01 -0.4372578E-01
   0.8440230E-01 -0.4513793E-01
   0.9038611E-01 -0.4647548E-01
   0.9642690E-01 -0.4774088E-01
   0.1025174     -0.4893745E-01
   0.1086521     -0.5006886E-01
   0.1148271     -0.5113771E-01
   0.1210386     -0.5214648E-01
   0.1272832     -0.5309783E-01
   0.1335574     -0.5399463E-01
   0.1398580     -0.5483977E-01
   0.1461822     -0.5563524E-01
   0.1525278     -0.5638264E-01
   0.1588927     -0.5708373E-01
   0.1652752     -0.5774034E-01
   0.1716738     -0.5835441E-01
   0.1780873     -0.5892774E-01
   0.1845149     -0.5946170E-01
   0.1909558     -0.5995766E-01
   0.1974090     -0.6041695E-01
   0.2038737     -0.6084099E-01
   0.2103489     -0.6123118E-01
   0.2168337     -0.6158885E-01
   0.2233273     -0.6191495E-01
   0.2298290     -0.6221038E-01
   0.2363383     -0.6247604E-01
   0.2428544     -0.6271287E-01
   0.2493770     -0.6292181E-01
   0.2559056     -0.6310381E-01
   0.2624398     -0.6325969E-01
   0.2689794     -0.6339012E-01
   0.2755242     -0.6349580E-01
   0.2820737     -0.6357741E-01
   0.2886277     -0.6363565E-01
   0.2951860     -0.6367123E-01
   0.3017480     -0.6368485E-01
   0.3083137     -0.6367707E-01
   0.3148826     -0.6364839E-01
   0.3214546     -0.6359928E-01
   0.3280295     -0.6353025E-01
   0.3346071     -0.6344178E-01
   0.3411872     -0.6333436E-01
   0.3477696     -0.6320850E-01
   0.3543543     -0.6306465E-01
   0.3609412     -0.6290317E-01
   0.3675302     -0.6272446E-01
   0.3741210     -0.6252890E-01
   0.3807137     -0.6231688E-01
   0.3873081     -0.6208877E-01
   0.3939040     -0.6184497E-01
   0.4005013     -0.6158586E-01
   0.4070997     -0.6131172E-01
   0.4136992     -0.6102281E-01
   0.4202997     -0.6071940E-01
   0.4269011     -0.6040174E-01
   0.4335032     -0.6007010E-01
   0.4401061     -0.5972472E-01
   0.4467098     -0.5936588E-01
   0.4533142     -0.5899381E-01
   0.4599193     -0.5860875E-01
   0.4665250     -0.5821091E-01
   0.4731315     -0.5780053E-01
   0.4797385     -0.5737781E-01
   0.4863461     -0.5694300E-01
   0.4929541     -0.5649633E-01
   0.4995624     -0.5603801E-01
   0.5061709     -0.5556825E-01
   0.5127794     -0.5508716E-01
   0.5193879     -0.5459488E-01
   0.5259963     -0.5409153E-01
   0.5326045     -0.5357723E-01
   0.5392125     -0.5305210E-01
   0.5458202     -0.5251627E-01
   0.5524276     -0.5196985E-01
   0.5590347     -0.5141292E-01
   0.5656415     -0.5084553E-01
   0.5722478     -0.5026771E-01
   0.5788536     -0.4967953E-01
   0.5854587     -0.4908103E-01
   0.5920629     -0.4847228E-01
   0.5986660     -0.4785333E-01
   0.6052677     -0.4722424E-01
   0.6118679     -0.4658500E-01
   0.6184662     -0.4593552E-01
   0.6250628     -0.4527575E-01
   0.6316576     -0.4460558E-01
   0.6382508     -0.4392492E-01
   0.6448426     -0.4323365E-01
   0.6514334     -0.4253165E-01
   0.6580237     -0.4181882E-01
   0.6646138     -0.4109514E-01
   0.6712039     -0.4036065E-01
   0.6777937     -0.3961541E-01
   0.6843830     -0.3885952E-01
   0.6909710     -0.3809311E-01
   0.6975568     -0.3731633E-01
   0.7041393     -0.3652937E-01
   0.7107173     -0.3573220E-01
   0.7172902     -0.3492459E-01
   0.7238578     -0.3410621E-01
   0.7304210     -0.3327666E-01
   0.7369811     -0.3243543E-01
   0.7435403     -0.3158193E-01
   0.7501011     -0.3071548E-01
   0.7566666     -0.2983583E-01
   0.7632389     -0.2894345E-01
   0.7698179     -0.2803910E-01
   0.7764021     -0.2712376E-01
   0.7829880     -0.2619873E-01
   0.7895700     -0.2526557E-01
   0.7961411     -0.2432593E-01
   0.8026934     -0.2337910E-01
   0.8092218     -0.2242243E-01
   0.8157246     -0.2145282E-01
   0.8222033     -0.2046678E-01
   0.8286627     -0.1946031E-01
   0.8351106     -0.1842895E-01
   0.8415576     -0.1737085E-01
   0.8480135     -0.1629064E-01
   0.8544841     -0.1519438E-01
   0.8609707     -0.1408898E-01
   0.8674699     -0.1298226E-01
   0.8739736     -0.1188290E-01
   0.8804697     -0.1079955E-01
   0.8869471     -0.9739343E-02
   0.8933992     -0.8708343E-02
   0.8998231     -0.7711743E-02
   0.9062201     -0.6753944E-02
   0.9125949     -0.5838652E-02
   0.9189527     -0.4968863E-02
   0.9252951     -0.4147749E-02
   0.9316196     -0.3378925E-02
   0.9379201     -0.2666258E-02
   0.9441866     -0.2013921E-02
   0.9504082     -0.1427749E-02
   0.9565761     -0.9136276E-03
   0.9626841     -0.4765372E-03
   0.9687282     -0.1207609E-03
   0.9746896      0.1485952E-03
   0.9805041      0.3263101E-03
   0.9860749      0.4111661E-03
   0.9913073      0.3900773E-03
   0.9961411      0.2382556E-03
    1.000000      0.1704654E-19
