SD7090 (10%)
   0.9999950      0.3593093E-09
   0.9965269      0.5030161E-03
   0.9921526      0.1211935E-02
   0.9873506      0.2060332E-02
   0.9821299      0.3028890E-02
   0.9765455      0.4090001E-02
   0.9706839      0.5205539E-02
   0.9646310      0.6335203E-02
   0.9584567      0.7455570E-02
   0.9522074      0.8551279E-02
   0.9458945      0.9614304E-02
   0.9395064      0.1064819E-01
   0.9330352      0.1166000E-01
   0.9264821      0.1265569E-01
   0.9198594      0.1363967E-01
   0.9131855      0.1461251E-01
   0.9064763      0.1557396E-01
   0.8997433      0.1652456E-01
   0.8929934      0.1746568E-01
   0.8862292      0.1839875E-01
   0.8794515      0.1932449E-01
   0.8726617      0.2024347E-01
   0.8658613      0.2115622E-01
   0.8590525      0.2206323E-01
   0.8522377      0.2296477E-01
   0.8454188      0.2386068E-01
   0.8385974      0.2475083E-01
   0.8317746      0.2563515E-01
   0.8249505      0.2651367E-01
   0.8181250      0.2738649E-01
   0.8112976      0.2825379E-01
   0.8044676      0.2911584E-01
   0.7976350      0.2997281E-01
   0.7907998      0.3082489E-01
   0.7839623      0.3167220E-01
   0.7771233      0.3251484E-01
   0.7702835      0.3335276E-01
   0.7634438      0.3418573E-01
   0.7566046      0.3501358E-01
   0.7497663      0.3583612E-01
   0.7429289      0.3665322E-01
   0.7360925      0.3746476E-01
   0.7292566      0.3827065E-01
   0.7224209      0.3907083E-01
   0.7155852      0.3986524E-01
   0.7087496      0.4065378E-01
   0.7019141      0.4143635E-01
   0.6950792      0.4221282E-01
   0.6882454      0.4298303E-01
   0.6814135      0.4374678E-01
   0.6745843      0.4450363E-01
   0.6677582      0.4525312E-01
   0.6609356      0.4599479E-01
   0.6541166      0.4672824E-01
   0.6473010      0.4745306E-01
   0.6404885      0.4816889E-01
   0.6336786      0.4887539E-01
   0.6268705      0.4957241E-01
   0.6200637      0.5025983E-01
   0.6132578      0.5093755E-01
   0.6064525      0.5160546E-01
   0.5996475      0.5226340E-01
   0.5928429      0.5291123E-01
   0.5860387      0.5354880E-01
   0.5792349      0.5417592E-01
   0.5724318      0.5479242E-01
   0.5656295      0.5539810E-01
   0.5588280      0.5599279E-01
   0.5520276      0.5657632E-01
   0.5452282      0.5714851E-01
   0.5384299      0.5770920E-01
   0.5316327      0.5825820E-01
   0.5248365      0.5879534E-01
   0.5180415      0.5932041E-01
   0.5112476      0.5983323E-01
   0.5044548      0.6033359E-01
   0.4976633      0.6082129E-01
   0.4908732      0.6129615E-01
   0.4840844      0.6175795E-01
   0.4772971      0.6220648E-01
   0.4705115      0.6264146E-01
   0.4637276      0.6306263E-01
   0.4569457      0.6346971E-01
   0.4501659      0.6386244E-01
   0.4433882      0.6424055E-01
   0.4366130      0.6460378E-01
   0.4298405      0.6495184E-01
   0.4230706      0.6528443E-01
   0.4163038      0.6560118E-01
   0.4095399      0.6590178E-01
   0.4027790      0.6618589E-01
   0.3960211      0.6645318E-01
   0.3892661      0.6670334E-01
   0.3825139      0.6693603E-01
   0.3757644      0.6715093E-01
   0.3690175      0.6734772E-01
   0.3622735      0.6752606E-01
   0.3555327      0.6768561E-01
   0.3487955      0.6782606E-01
   0.3420624      0.6794705E-01
   0.3353343      0.6804828E-01
   0.3286118      0.6812922E-01
   0.3218958      0.6818923E-01
   0.3151867      0.6822766E-01
   0.3084850      0.6824387E-01
   0.3017909      0.6823722E-01
   0.2951043      0.6820710E-01
   0.2884253      0.6815288E-01
   0.2817538      0.6807390E-01
   0.2750898      0.6796949E-01
   0.2684337      0.6783898E-01
   0.2617862      0.6768173E-01
   0.2551480      0.6749709E-01
   0.2485202      0.6728447E-01
   0.2419042      0.6704319E-01
   0.2353013      0.6677222E-01
   0.2287126      0.6647045E-01
   0.2221390      0.6613682E-01
   0.2155812      0.6577027E-01
   0.2090396      0.6536976E-01
   0.2025145      0.6493422E-01
   0.1960062      0.6446249E-01
   0.1895154      0.6395338E-01
   0.1830435      0.6340577E-01
   0.1765920      0.6281863E-01
   0.1701629      0.6219101E-01
   0.1637586      0.6152194E-01
   0.1573820      0.6080987E-01
   0.1510360      0.6005309E-01
   0.1447234      0.5925006E-01
   0.1384474      0.5839933E-01
   0.1322106      0.5749960E-01
   0.1260166      0.5654915E-01
   0.1198696      0.5554576E-01
   0.1137753      0.5448764E-01
   0.1077399      0.5337348E-01
   0.1017703      0.5220249E-01
   0.9587453E-01  0.5097364E-01
   0.9006194E-01  0.4968526E-01
   0.8434234E-01  0.4833640E-01
   0.7872562E-01  0.4692704E-01
   0.7322142E-01  0.4545791E-01
   0.6784254E-01  0.4392955E-01
   0.6261006E-01  0.4234473E-01
   0.5755038E-01  0.4071045E-01
   0.5269058E-01  0.3903712E-01
   0.4805537E-01  0.3733648E-01
   0.4366745E-01  0.3561921E-01
   0.3954255E-01  0.3389665E-01
   0.3568706E-01  0.3217988E-01
   0.3209865E-01  0.3047850E-01
   0.2877462E-01  0.2879983E-01
   0.2572103E-01  0.2715520E-01
   0.2294129E-01  0.2555912E-01
   0.2042863E-01  0.2402368E-01
   0.1816618E-01  0.2255608E-01
   0.1613342E-01  0.2115751E-01
   0.1430853E-01  0.1982346E-01
   0.1266717E-01  0.1854716E-01
   0.1118631E-01  0.1732166E-01
   0.9845688E-02  0.1614058E-01
   0.8628007E-02  0.1499837E-01
   0.7518807E-02  0.1389003E-01
   0.6507930E-02  0.1281006E-01
   0.5588882E-02  0.1175509E-01
   0.4756401E-02  0.1072420E-01
   0.4005375E-02  0.9717710E-02
   0.3330425E-02  0.8736329E-02
   0.2725865E-02  0.7780729E-02
   0.2185836E-02  0.6851296E-02
   0.1704811E-02  0.5948210E-02
   0.1282381E-02  0.5073462E-02
   0.9203888E-03  0.4228299E-02
   0.6188135E-03  0.3411424E-02
   0.3769956E-03  0.2620261E-02
   0.1944187E-03  0.1851669E-02
   0.7116409E-04  0.1102280E-02
   0.8223951E-05  0.3686091E-03
   0.7797787E-05 -0.3529528E-03
   0.7364803E-04 -0.1066253E-02
   0.2083728E-03 -0.1775421E-02
   0.4102124E-03 -0.2484247E-02
   0.6784131E-03 -0.3195899E-02
   0.1013701E-02 -0.3913022E-02
   0.1418074E-02 -0.4637719E-02
   0.1894585E-02 -0.5371378E-02
   0.2446975E-02 -0.6114233E-02
   0.3078896E-02 -0.6864525E-02
   0.3792415E-02 -0.7617152E-02
   0.4591266E-02 -0.8366894E-02
   0.5483510E-02 -0.9111733E-02
   0.6477207E-02 -0.9849985E-02
   0.7579574E-02 -0.1058047E-01
   0.8796351E-02 -0.1130317E-01
   0.1013128E-01 -0.1202018E-01
   0.1158610E-01 -0.1273708E-01
   0.1316177E-01 -0.1346464E-01
   0.1486686E-01 -0.1421105E-01
   0.1671914E-01 -0.1497698E-01
   0.1873968E-01 -0.1576226E-01
   0.2095356E-01 -0.1656626E-01
   0.2339030E-01 -0.1738758E-01
   0.2608232E-01 -0.1822305E-01
   0.2906361E-01 -0.1906762E-01
   0.3236669E-01 -0.1991567E-01
   0.3601710E-01 -0.2076069E-01
   0.4002798E-01 -0.2159624E-01
   0.4439603E-01 -0.2241854E-01
   0.4910600E-01 -0.2322828E-01
   0.5413873E-01 -0.2401890E-01
   0.5946026E-01 -0.2477979E-01
   0.6502429E-01 -0.2550271E-01
   0.7078579E-01 -0.2618399E-01
   0.7671369E-01 -0.2682301E-01
   0.8278334E-01 -0.2741832E-01
   0.8897005E-01 -0.2796969E-01
   0.9525103E-01 -0.2847847E-01
   0.1016077     -0.2894736E-01
   0.1080265     -0.2937823E-01
   0.1144963     -0.2977214E-01
   0.1210079     -0.3013057E-01
   0.1275537     -0.3045543E-01
   0.1341288     -0.3074891E-01
   0.1407303     -0.3101288E-01
   0.1473559     -0.3124872E-01
   0.1540037     -0.3145787E-01
   0.1606716     -0.3164181E-01
   0.1673578     -0.3180212E-01
   0.1740605     -0.3194032E-01
   0.1807785     -0.3205751E-01
   0.1875101     -0.3215465E-01
   0.1942541     -0.3223271E-01
   0.2010092     -0.3229272E-01
   0.2077742     -0.3233570E-01
   0.2145479     -0.3236267E-01
   0.2213292     -0.3237432E-01
   0.2281174     -0.3237117E-01
   0.2349118     -0.3235377E-01
   0.2417122     -0.3232265E-01
   0.2485183     -0.3227837E-01
   0.2553304     -0.3222149E-01
   0.2621487     -0.3215255E-01
   0.2689736     -0.3207213E-01
   0.2758050     -0.3198083E-01
   0.2826428     -0.3187922E-01
   0.2894867     -0.3176790E-01
   0.2963360     -0.3164749E-01
   0.3031900     -0.3151859E-01
   0.3100475     -0.3138166E-01
   0.3169077     -0.3123689E-01
   0.3237698     -0.3108442E-01
   0.3306333     -0.3092442E-01
   0.3374978     -0.3075703E-01
   0.3443633     -0.3058240E-01
   0.3512297     -0.3040068E-01
   0.3580974     -0.3021201E-01
   0.3649667     -0.3001657E-01
   0.3718378     -0.2981456E-01
   0.3787109     -0.2960618E-01
   0.3855861     -0.2939161E-01
   0.3924632     -0.2917107E-01
   0.3993423     -0.2894475E-01
   0.4062231     -0.2871286E-01
   0.4131054     -0.2847554E-01
   0.4199888     -0.2823289E-01
   0.4268732     -0.2798501E-01
   0.4337584     -0.2773199E-01
   0.4406441     -0.2747392E-01
   0.4475303     -0.2721091E-01
   0.4544167     -0.2694304E-01
   0.4613034     -0.2667040E-01
   0.4681903     -0.2639303E-01
   0.4750772     -0.2611097E-01
   0.4819642     -0.2582423E-01
   0.4888514     -0.2553285E-01
   0.4957386     -0.2523686E-01
   0.5026261     -0.2493628E-01
   0.5095137     -0.2463113E-01
   0.5164017     -0.2432145E-01
   0.5232901     -0.2400729E-01
   0.5301790     -0.2368869E-01
   0.5370683     -0.2336571E-01
   0.5439580     -0.2303842E-01
   0.5508480     -0.2270687E-01
   0.5577383     -0.2237112E-01
   0.5646286     -0.2203123E-01
   0.5715188     -0.2168724E-01
   0.5784087     -0.2133914E-01
   0.5852982     -0.2098692E-01
   0.5921874     -0.2063057E-01
   0.5990761     -0.2027005E-01
   0.6059646     -0.1990536E-01
   0.6128530     -0.1953646E-01
   0.6197414     -0.1916335E-01
   0.6266302     -0.1878610E-01
   0.6335197     -0.1840485E-01
   0.6404101     -0.1801973E-01
   0.6473018     -0.1763087E-01
   0.6541951     -0.1723840E-01
   0.6610904     -0.1684245E-01
   0.6679882     -0.1644314E-01
   0.6748888     -0.1604074E-01
   0.6817924     -0.1563574E-01
   0.6886994     -0.1522869E-01
   0.6956094     -0.1482014E-01
   0.7025225     -0.1441065E-01
   0.7094380     -0.1400081E-01
   0.7163554     -0.1359120E-01
   0.7232738     -0.1318235E-01
   0.7301925     -0.1277452E-01
   0.7371106     -0.1236792E-01
   0.7440274     -0.1196274E-01
   0.7509424     -0.1155917E-01
   0.7578551     -0.1115738E-01
   0.7647651     -0.1075756E-01
   0.7716721     -0.1035992E-01
   0.7785759     -0.9964764E-02
   0.7854765     -0.9572409E-02
   0.7923740     -0.9183167E-02
   0.7992687     -0.8797339E-02
   0.8061609     -0.8415219E-02
   0.8130512     -0.8037086E-02
   0.8199400     -0.7663117E-02
   0.8268277     -0.7293433E-02
   0.8337144     -0.6928165E-02
   0.8406000     -0.6567458E-02
   0.8474839     -0.6211467E-02
   0.8543656     -0.5860367E-02
   0.8612444     -0.5514404E-02
   0.8681201     -0.5173856E-02
   0.8749931     -0.4838973E-02
   0.8818643     -0.4509976E-02
   0.8887353     -0.4187061E-02
   0.8956079     -0.3870135E-02
   0.9024834     -0.3558528E-02
   0.9093616     -0.3251548E-02
   0.9162409     -0.2948570E-02
   0.9231180     -0.2649018E-02
   0.9299876     -0.2352223E-02
   0.9368396     -0.2057518E-02
   0.9436581     -0.1764468E-02
   0.9504225     -0.1472949E-02
   0.9571041     -0.1185501E-02
   0.9636537     -0.9080881E-03
   0.9700054     -0.6469157E-03
   0.9760890     -0.4101619E-03
   0.9818303     -0.2129607E-03
   0.9871638     -0.6599003E-04
   0.9920544      0.2210302E-04
   0.9964971      0.4024285E-04
    1.000005     -0.3593093E-09
