St. CYR 234 (Bartel 17-IC)
    1.000000      0.1622646E-18
   0.9950232      0.1608598E-02
   0.9890465      0.3541649E-02
   0.9828003      0.5563347E-02
   0.9762701      0.7678577E-02
   0.9694440      0.9891445E-02
   0.9623141      0.1220470E-01
   0.9548794      0.1461899E-01
   0.9471478      0.1713194E-01
   0.9391388      0.1973684E-01
   0.9308811      0.2242222E-01
   0.9224101      0.2517386E-01
   0.9137652      0.2797590E-01
   0.9049864      0.3081203E-01
   0.8961108      0.3366682E-01
   0.8871697      0.3652621E-01
   0.8781903      0.3937676E-01
   0.8691963      0.4220609E-01
   0.8602076      0.4500333E-01
   0.8512394      0.4775930E-01
   0.8423024      0.5046656E-01
   0.8334027      0.5311932E-01
   0.8245421      0.5571335E-01
   0.8157185      0.5824573E-01
   0.8069260      0.6071468E-01
   0.7981553      0.6311938E-01
   0.7893939      0.6546007E-01
   0.7806287      0.6774063E-01
   0.7718481      0.6996628E-01
   0.7630417      0.7214157E-01
   0.7542004      0.7427050E-01
   0.7453163      0.7635662E-01
   0.7363825      0.7840303E-01
   0.7273934      0.8041244E-01
   0.7183445      0.8238723E-01
   0.7092329      0.8432945E-01
   0.7000568      0.8624086E-01
   0.6908163      0.8812290E-01
   0.6815129      0.8997609E-01
   0.6721498      0.9179965E-01
   0.6627333      0.9359228E-01
   0.6532723      0.9535226E-01
   0.6437790      0.9707747E-01
   0.6342687      0.9876550E-01
   0.6247596      0.1004137    
   0.6152722      0.1020192    
   0.6058295      0.1035793    
   0.5964554      0.1050912    
   0.5871746      0.1065523    
   0.5780089      0.1079562    
   0.5689715      0.1092952    
   0.5600667      0.1105638    
   0.5512920      0.1117581    
   0.5426387      0.1128753    
   0.5340938      0.1139135    
   0.5256409      0.1148714    
   0.5172599      0.1157474    
   0.5089282      0.1165403    
   0.5006199      0.1172482    
   0.4923055      0.1178686    
   0.4839514      0.1183999    
   0.4755240      0.1188477    
   0.4669932      0.1192189    
   0.4583331      0.1195194    
   0.4495222      0.1197548    
   0.4405450      0.1199308    
   0.4313933      0.1200534    
   0.4220690      0.1201292    
   0.4125874      0.1201662    
   0.4029794      0.1201732    
   0.3932943      0.1201608    
   0.3835983      0.1201378    
   0.3739603      0.1201008    
   0.3644341      0.1200416    
   0.3550552      0.1199529    
   0.3458421      0.1198283    
   0.3367991      0.1196624    
   0.3279196      0.1194502    
   0.3191887      0.1191870    
   0.3105851      0.1188683    
   0.3020821      0.1184890    
   0.2936489      0.1180435    
   0.2852500      0.1175259    
   0.2768510      0.1169354    
   0.2684276      0.1162734    
   0.2599666      0.1155419    
   0.2514663      0.1147432    
   0.2429376      0.1138814    
   0.2344044      0.1129623    
   0.2259032      0.1119937    
   0.2174816      0.1109858    
   0.2091942      0.1099505    
   0.2010975      0.1089006    
   0.1932442      0.1078492    
   0.1856782      0.1068050    
   0.1784248      0.1057599    
   0.1714848      0.1047019    
   0.1648422      0.1036202    
   0.1584723      0.1025052    
   0.1523472      0.1013485    
   0.1464379      0.1001422    
   0.1407166      0.9887868E-01
   0.1351575      0.9755647E-01
   0.1297433      0.9618092E-01
   0.1244654      0.9475857E-01
   0.1193213      0.9329682E-01
   0.1143131      0.9180385E-01
   0.1094456      0.9028842E-01
   0.1047249      0.8875957E-01
   0.1001573      0.8722630E-01
   0.9574841E-01  0.8569718E-01
   0.9150246E-01  0.8417974E-01
   0.8742258E-01  0.8267624E-01
   0.8350830E-01  0.8118525E-01
   0.7975528E-01  0.7970484E-01
   0.7615679E-01  0.7823284E-01
   0.7270479E-01  0.7676700E-01
   0.6939069E-01  0.7530511E-01
   0.6620566E-01  0.7384523E-01
   0.6314156E-01  0.7238637E-01
   0.6019185E-01  0.7092831E-01
   0.5735125E-01  0.6947135E-01
   0.5461530E-01  0.6801618E-01
   0.5198007E-01  0.6656373E-01
   0.4944198E-01  0.6511510E-01
   0.4699763E-01  0.6367148E-01
   0.4464383E-01  0.6223404E-01
   0.4237936E-01  0.6080338E-01
   0.4020431E-01  0.5937926E-01
   0.3811769E-01  0.5796110E-01
   0.3611771E-01  0.5654810E-01
   0.3420205E-01  0.5513931E-01
   0.3236809E-01  0.5373371E-01
   0.3061309E-01  0.5233020E-01
   0.2893427E-01  0.5092769E-01
   0.2732888E-01  0.4952504E-01
   0.2579430E-01  0.4812115E-01
   0.2432800E-01  0.4671492E-01
   0.2292762E-01  0.4530524E-01
   0.2159094E-01  0.4389104E-01
   0.2031451E-01  0.4247162E-01
   0.1909311E-01  0.4104717E-01
   0.1792215E-01  0.3961841E-01
   0.1679773E-01  0.3818639E-01
   0.1571648E-01  0.3675251E-01
   0.1467551E-01  0.3531843E-01
   0.1367224E-01  0.3388598E-01
   0.1270439E-01  0.3245714E-01
   0.1176989E-01  0.3103396E-01
   0.1086685E-01  0.2961851E-01
   0.9993704E-02  0.2821284E-01
   0.9151460E-02  0.2681932E-01
   0.8342623E-02  0.2544012E-01
   0.7569047E-02  0.2407673E-01
   0.6832012E-02  0.2273011E-01
   0.6132351E-02  0.2140076E-01
   0.5470556E-02  0.2008883E-01
   0.4846866E-02  0.1879424E-01
   0.4261341E-02  0.1751666E-01
   0.3713923E-02  0.1625564E-01
   0.3204475E-02  0.1501058E-01
   0.2732824E-02  0.1378084E-01
   0.2298789E-02  0.1256569E-01
   0.1902203E-02  0.1136437E-01
   0.1542932E-02  0.1017608E-01
   0.1220892E-02  0.9000013E-02
   0.9360588E-03  0.7835341E-02
   0.6884825E-03  0.6681227E-02
   0.4782967E-03  0.5536821E-02
   0.3057289E-03  0.4401269E-02
   0.1711109E-03  0.3273701E-02
   0.7488982E-04  0.2153238E-02
   0.1764084E-04  0.1038980E-02
   0.8100510E-07 -0.6999291E-04
   0.2308592E-04 -0.1174632E-02
   0.8770943E-04 -0.2275924E-02
   0.1951851E-03 -0.3374901E-02
   0.3459675E-03 -0.4472492E-02
   0.5393377E-03 -0.5569390E-02
   0.7746691E-03 -0.6666199E-02
   0.1051511E-02 -0.7763458E-02
   0.1369571E-02 -0.8861635E-02
   0.1728706E-02 -0.9961139E-02
   0.2128906E-02 -0.1106231E-01
   0.2570288E-02 -0.1216543E-01
   0.3053085E-02 -0.1327069E-01
   0.3577639E-02 -0.1437821E-01
   0.4144394E-02 -0.1548805E-01
   0.4753880E-02 -0.1660011E-01
   0.5406711E-02 -0.1771424E-01
   0.6103564E-02 -0.1883009E-01
   0.6845164E-02 -0.1994720E-01
   0.7632261E-02 -0.2106489E-01
   0.8465599E-02 -0.2218226E-01
   0.9345881E-02 -0.2329813E-01
   0.1027371E-01 -0.2441103E-01
   0.1124954E-01 -0.2551908E-01
   0.1227357E-01 -0.2661997E-01
   0.1334567E-01 -0.2771087E-01
   0.1446520E-01 -0.2878838E-01
   0.1563142E-01 -0.2984937E-01
   0.1684451E-01 -0.3089347E-01
   0.1810479E-01 -0.3192107E-01
   0.1941243E-01 -0.3293285E-01
   0.2076744E-01 -0.3392979E-01
   0.2216968E-01 -0.3491320E-01
   0.2361892E-01 -0.3588479E-01
   0.2511478E-01 -0.3684666E-01
   0.2665683E-01 -0.3780137E-01
   0.2824464E-01 -0.3875190E-01
   0.2987837E-01 -0.3969893E-01
   0.3155891E-01 -0.4064012E-01
   0.3328728E-01 -0.4157275E-01
   0.3506456E-01 -0.4249391E-01
   0.3689201E-01 -0.4340048E-01
   0.3877104E-01 -0.4428913E-01
   0.4070330E-01 -0.4515630E-01
   0.4269075E-01 -0.4599816E-01
   0.4473575E-01 -0.4681056E-01
   0.4684116E-01 -0.4758902E-01
   0.4901049E-01 -0.4832861E-01
   0.5124809E-01 -0.4902387E-01
   0.5355940E-01 -0.4966866E-01
   0.5595100E-01 -0.5025837E-01
   0.5842995E-01 -0.5079467E-01
   0.6100380E-01 -0.5128074E-01
   0.6368056E-01 -0.5172031E-01
   0.6646852E-01 -0.5211792E-01
   0.6937595E-01 -0.5247931E-01
   0.7241043E-01 -0.5281179E-01
   0.7557795E-01 -0.5312483E-01
   0.7888127E-01 -0.5343060E-01
   0.8231943E-01 -0.5373940E-01
   0.8589156E-01 -0.5404789E-01
   0.8959672E-01 -0.5434892E-01
   0.9343421E-01 -0.5463408E-01
   0.9740483E-01 -0.5489366E-01
   0.1015125     -0.5511655E-01
   0.1057666     -0.5529031E-01
   0.1101823     -0.5540752E-01
   0.1147776     -0.5546721E-01
   0.1195720     -0.5546896E-01
   0.1245873     -0.5541274E-01
   0.1298462     -0.5529934E-01
   0.1353717     -0.5513079E-01
   0.1411850     -0.5491118E-01
   0.1473012     -0.5464769E-01
   0.1537239     -0.5435182E-01
   0.1604370     -0.5403595E-01
   0.1674076     -0.5369808E-01
   0.1745942     -0.5333145E-01
   0.1819534     -0.5292838E-01
   0.1894464     -0.5248027E-01
   0.1970453     -0.5197750E-01
   0.2047383     -0.5140904E-01
   0.2125325     -0.5076614E-01
   0.2204438     -0.5004931E-01
   0.2284878     -0.4926063E-01
   0.2366791     -0.4840246E-01
   0.2450310     -0.4747767E-01
   0.2535546     -0.4648991E-01
   0.2622578     -0.4544392E-01
   0.2711445     -0.4434585E-01
   0.2802125     -0.4320370E-01
   0.2894518     -0.4202759E-01
   0.2988432     -0.4083005E-01
   0.3083562     -0.3962579E-01
   0.3179518     -0.3842702E-01
   0.3275900     -0.3724277E-01
   0.3372346     -0.3608135E-01
   0.3468540     -0.3495012E-01
   0.3564228     -0.3385538E-01
   0.3659218     -0.3280226E-01
   0.3753382     -0.3179484E-01
   0.3846646     -0.3083621E-01
   0.3938988     -0.2992868E-01
   0.4030434     -0.2907389E-01
   0.4121036     -0.2826940E-01
   0.4210839     -0.2750277E-01
   0.4299870     -0.2676070E-01
   0.4388133     -0.2603073E-01
   0.4475617     -0.2530116E-01
   0.4562299     -0.2456103E-01
   0.4648141     -0.2380013E-01
   0.4733097     -0.2300897E-01
   0.4817112     -0.2217887E-01
   0.4900125     -0.2130196E-01
   0.4982071     -0.2037122E-01
   0.5062887     -0.1938157E-01
   0.5142528     -0.1834302E-01
   0.5220993     -0.1727510E-01
   0.5298308     -0.1619572E-01
   0.5374527     -0.1512094E-01
   0.5449722     -0.1406525E-01
   0.5523982     -0.1304170E-01
   0.5597408     -0.1206218E-01
   0.5670109     -0.1113765E-01
   0.5742207     -0.1027842E-01
   0.5813829     -0.9494368E-02
   0.5885113     -0.8795229E-02
   0.5956208     -0.8190833E-02
   0.6027273     -0.7691285E-02
   0.6098473     -0.7298776E-02
   0.6169957     -0.7002229E-02
   0.6241861     -0.6789915E-02
   0.6314312     -0.6650439E-02
   0.6387423     -0.6572446E-02
   0.6461300     -0.6544363E-02
   0.6536035     -0.6554150E-02
   0.6611708     -0.6589067E-02
   0.6688384     -0.6635463E-02
   0.6766109     -0.6678585E-02
   0.6844905     -0.6702431E-02
   0.6924763     -0.6689664E-02
   0.7005642     -0.6621622E-02
   0.7087462     -0.6483405E-02
   0.7170133     -0.6278637E-02
   0.7253565     -0.6016205E-02
   0.7337676     -0.5705818E-02
   0.7422388     -0.5357882E-02
   0.7507633     -0.4983391E-02
   0.7593355     -0.4593805E-02
   0.7679510     -0.4200965E-02
   0.7766068     -0.3817013E-02
   0.7853015     -0.3454347E-02
   0.7940354     -0.3125614E-02
   0.8028106     -0.2843641E-02
   0.8116303     -0.2614552E-02
   0.8204965     -0.2432636E-02
   0.8294088     -0.2290878E-02
   0.8383647     -0.2182055E-02
   0.8473591     -0.2098709E-02
   0.8563840     -0.2033143E-02
   0.8654288     -0.1977457E-02
   0.8744803     -0.1923615E-02
   0.8835224     -0.1863555E-02
   0.8925371     -0.1789330E-02
   0.9015041     -0.1693285E-02
   0.9104014     -0.1571777E-02
   0.9192015     -0.1430507E-02
   0.9278693     -0.1276598E-02
   0.9363656     -0.1116965E-02
   0.9446504     -0.9580400E-03
   0.9526872     -0.8054555E-03
   0.9604460     -0.6623360E-03
   0.9679083     -0.5287679E-03
   0.9750673     -0.4043938E-03
   0.9819246     -0.2887164E-03
   0.9884882     -0.1811614E-03
   0.9947698     -0.8112598E-04
    1.000000      0.1622646E-18
