EPPLER STE 871-514 AIRFOIL
    1.001955     -0.2437499E-03
   0.9987187      0.5605718E-03
   0.9947312      0.1649816E-02
   0.9904274      0.2928450E-02
   0.9857647      0.4401843E-02
   0.9807150      0.6069007E-02
   0.9752736      0.7924499E-02
   0.9694672      0.9942746E-02
   0.9633610      0.1208157E-01
   0.9570435      0.1429884E-01
   0.9505927      0.1655499E-01
   0.9440508      0.1882326E-01
   0.9374339      0.2109483E-01
   0.9307530      0.2336595E-01
   0.9240150      0.2563425E-01
   0.9172235      0.2789995E-01
   0.9103825      0.3016722E-01
   0.9034989      0.3244034E-01
   0.8965832      0.3472276E-01
   0.8896486      0.3701621E-01
   0.8827094      0.3931495E-01
   0.8757809      0.4160932E-01
   0.8688803      0.4388911E-01
   0.8620262      0.4614385E-01
   0.8552368      0.4836226E-01
   0.8485268      0.5053095E-01
   0.8419058      0.5263825E-01
   0.8353789      0.5467491E-01
   0.8289475      0.5663386E-01
   0.8226099      0.5850985E-01
   0.8163609      0.6029970E-01
   0.8101891      0.6200251E-01
   0.8040774      0.6361898E-01
   0.7980039      0.6515074E-01
   0.7919417      0.6659978E-01
   0.7858593      0.6796959E-01
   0.7797265      0.6927044E-01
   0.7735188      0.7051277E-01
   0.7672173      0.7170511E-01
   0.7608099      0.7285445E-01
   0.7542924      0.7396657E-01
   0.7476705      0.7504577E-01
   0.7409575      0.7609276E-01
   0.7341695      0.7710668E-01
   0.7273243      0.7808699E-01
   0.7204416      0.7903353E-01
   0.7135419      0.7994650E-01
   0.7066463      0.8082634E-01
   0.6997734      0.8167093E-01
   0.6929339      0.8247662E-01
   0.6861292      0.8324097E-01
   0.6793525      0.8396252E-01
   0.6725889      0.8464050E-01
   0.6658157      0.8527451E-01
   0.6590028      0.8586599E-01
   0.6521206      0.8642248E-01
   0.6451484      0.8695223E-01
   0.6380763      0.8746288E-01
   0.6309075      0.8796170E-01
   0.6236611      0.8845558E-01
   0.6163743      0.8895064E-01
   0.6090966      0.8944526E-01
   0.6018690      0.8992969E-01
   0.5947157      0.9039513E-01
   0.5876448      0.9083440E-01
   0.5806510      0.9124169E-01
   0.5737170      0.9161213E-01
   0.5668156      0.9194185E-01
   0.5599152      0.9223248E-01
   0.5529900      0.9248841E-01
   0.5460213      0.9271340E-01
   0.5389973      0.9291080E-01
   0.5319143      0.9308373E-01
   0.5247768      0.9323527E-01
   0.5175993      0.9336831E-01
   0.5104017      0.9348299E-01
   0.5032016      0.9357798E-01
   0.4960117      0.9365217E-01
   0.4888400      0.9370461E-01
   0.4816897      0.9373448E-01
   0.4745592      0.9374101E-01
   0.4674429      0.9372353E-01
   0.4603328      0.9368213E-01
   0.4532227      0.9361715E-01
   0.4461079      0.9352889E-01
   0.4389858      0.9341761E-01
   0.4318555      0.9328359E-01
   0.4247179      0.9312713E-01
   0.4175758      0.9294851E-01
   0.4104328      0.9274770E-01
   0.4032917      0.9252452E-01
   0.3961549      0.9227884E-01
   0.3890235      0.9201048E-01
   0.3818984      0.9171928E-01
   0.3747793      0.9140504E-01
   0.3676654      0.9106754E-01
   0.3605558      0.9070660E-01
   0.3534498      0.9032205E-01
   0.3463472      0.8991373E-01
   0.3392481      0.8948149E-01
   0.3321528      0.8902523E-01
   0.3250623      0.8854485E-01
   0.3179775      0.8804018E-01
   0.3108994      0.8751095E-01
   0.3038289      0.8695684E-01
   0.2967664      0.8637755E-01
   0.2897125      0.8577276E-01
   0.2826670      0.8514213E-01
   0.2756301      0.8448530E-01
   0.2686017      0.8380189E-01
   0.2615821      0.8309151E-01
   0.2545718      0.8235384E-01
   0.2475721      0.8158858E-01
   0.2405840      0.8079552E-01
   0.2336094      0.7997446E-01
   0.2266501      0.7912493E-01
   0.2197079      0.7824624E-01
   0.2127841      0.7733769E-01
   0.2058801      0.7639860E-01
   0.1989967      0.7542825E-01
   0.1921346      0.7442594E-01
   0.1852946      0.7339081E-01
   0.1784778      0.7232204E-01
   0.1716859      0.7121889E-01
   0.1649207      0.7008076E-01
   0.1581846      0.6890715E-01
   0.1514806      0.6769755E-01
   0.1448123      0.6645096E-01
   0.1381847      0.6516661E-01
   0.1316035      0.6384407E-01
   0.1250752      0.6248330E-01
   0.1186071      0.6108450E-01
   0.1122075      0.5964717E-01
   0.1058856      0.5817084E-01
   0.9965138E-01  0.5665569E-01
   0.9351459E-01  0.5510251E-01
   0.8748534E-01  0.5351256E-01
   0.8157839E-01  0.5188756E-01
   0.7581650E-01  0.5023208E-01
   0.7022709E-01  0.4855382E-01
   0.6483800E-01  0.4686271E-01
   0.5967530E-01  0.4516816E-01
   0.5476628E-01  0.4347766E-01
   0.5013471E-01  0.4180076E-01
   0.4579522E-01  0.4014759E-01
   0.4175129E-01  0.3852694E-01
   0.3800097E-01  0.3694168E-01
   0.3454318E-01  0.3539095E-01
   0.3137136E-01  0.3387643E-01
   0.2847191E-01  0.3240047E-01
   0.2582579E-01  0.3096478E-01
   0.2341169E-01  0.2956958E-01
   0.2120994E-01  0.2821117E-01
   0.1919963E-01  0.2688431E-01
   0.1736002E-01  0.2558390E-01
   0.1567221E-01  0.2430533E-01
   0.1411963E-01  0.2304460E-01
   0.1268795E-01  0.2179828E-01
   0.1136523E-01  0.2056477E-01
   0.1014287E-01  0.1934657E-01
   0.9014743E-02  0.1814757E-01
   0.7975832E-02  0.1697197E-01
   0.7021451E-02  0.1582368E-01
   0.6146869E-02  0.1470602E-01
   0.5347180E-02  0.1362151E-01
   0.4617320E-02  0.1257185E-01
   0.3952971E-02  0.1155699E-01
   0.3351514E-02  0.1057346E-01
   0.2809743E-02  0.9616977E-02
   0.2324059E-02  0.8683300E-02
   0.1890883E-02  0.7768437E-02
   0.1506873E-02  0.6868724E-02
   0.1169016E-02  0.5980827E-02
   0.8746650E-03  0.5101722E-02
   0.6215343E-03  0.4228647E-02
   0.4077891E-03  0.3359219E-02
   0.2346864E-03  0.2495268E-02
   0.1063594E-03  0.1642265E-02
   0.2680221E-04  0.8046911E-03
   0.8379325E-08 -0.1386368E-04
   0.3026212E-04 -0.8104077E-03
   0.1224394E-03 -0.1582307E-02
   0.2823566E-03 -0.2327075E-02
   0.5172187E-03 -0.3042161E-02
   0.8356449E-03 -0.3725096E-02
   0.1240598E-02 -0.4377822E-02
   0.1730999E-02 -0.5005143E-02
   0.2306930E-02 -0.5611396E-02
   0.2969488E-02 -0.6200615E-02
   0.3720449E-02 -0.6776723E-02
   0.4561700E-02 -0.7343715E-02
   0.5494168E-02 -0.7905805E-02
   0.6515723E-02 -0.8467511E-02
   0.7618839E-02 -0.9033241E-02
   0.8804185E-02 -0.9604140E-02
   0.1008075E-01 -0.1017922E-01
   0.1145781E-01 -0.1075734E-01
   0.1294429E-01 -0.1133743E-01
   0.1454835E-01 -0.1191905E-01
   0.1627736E-01 -0.1250326E-01
   0.1813911E-01 -0.1309396E-01
   0.2014528E-01 -0.1369996E-01
   0.2231611E-01 -0.1433288E-01
   0.2467726E-01 -0.1499745E-01
   0.2725899E-01 -0.1569713E-01
   0.3009573E-01 -0.1643509E-01
   0.3322619E-01 -0.1721393E-01
   0.3669186E-01 -0.1803488E-01
   0.4052963E-01 -0.1889589E-01
   0.4476554E-01 -0.1979190E-01
   0.4940667E-01 -0.2071537E-01
   0.5442947E-01 -0.2165548E-01
   0.5978456E-01 -0.2260142E-01
   0.6542195E-01 -0.2354775E-01
   0.7131158E-01 -0.2449077E-01
   0.7742389E-01 -0.2542343E-01
   0.8372457E-01 -0.2633910E-01
   0.9017955E-01 -0.2723258E-01
   0.9676055E-01 -0.2810061E-01
   0.1034464     -0.2894147E-01
   0.1102181     -0.2975431E-01
   0.1170590     -0.3053918E-01
   0.1239554     -0.3129702E-01
   0.1308977     -0.3202928E-01
   0.1378788     -0.3273647E-01
   0.1448925     -0.3341895E-01
   0.1519333     -0.3407727E-01
   0.1589968     -0.3471217E-01
   0.1660792     -0.3532453E-01
   0.1731781     -0.3591497E-01
   0.1802914     -0.3648389E-01
   0.1874178     -0.3703180E-01
   0.1945566     -0.3755924E-01
   0.2017074     -0.3806682E-01
   0.2088707     -0.3855519E-01
   0.2160467     -0.3902507E-01
   0.2232357     -0.3947714E-01
   0.2304368     -0.3991205E-01
   0.2376490     -0.4033045E-01
   0.2448704     -0.4073296E-01
   0.2520987     -0.4112014E-01
   0.2593315     -0.4149206E-01
   0.2665667     -0.4184859E-01
   0.2738030     -0.4218965E-01
   0.2810398     -0.4251520E-01
   0.2882772     -0.4282522E-01
   0.2955157     -0.4311973E-01
   0.3027565     -0.4339887E-01
   0.3100009     -0.4366295E-01
   0.3172496     -0.4391229E-01
   0.3245031     -0.4414719E-01
   0.3317614     -0.4436792E-01
   0.3390243     -0.4457475E-01
   0.3462911     -0.4476794E-01
   0.3535610     -0.4494759E-01
   0.3608330     -0.4511371E-01
   0.3681063     -0.4526629E-01
   0.3753800     -0.4540533E-01
   0.3826535     -0.4553085E-01
   0.3899260     -0.4564287E-01
   0.3971969     -0.4574139E-01
   0.4044657     -0.4582631E-01
   0.4117320     -0.4589744E-01
   0.4189956     -0.4595460E-01
   0.4262564     -0.4599760E-01
   0.4335148     -0.4602626E-01
   0.4407710     -0.4604040E-01
   0.4480255     -0.4603983E-01
   0.4552790     -0.4602444E-01
   0.4625318     -0.4599413E-01
   0.4697837     -0.4594881E-01
   0.4770342     -0.4588841E-01
   0.4842826     -0.4581285E-01
   0.4915276     -0.4572207E-01
   0.4987678     -0.4561600E-01
   0.5060013     -0.4549432E-01
   0.5132266     -0.4535644E-01
   0.5204429     -0.4520178E-01
   0.5276495     -0.4502975E-01
   0.5348464     -0.4483977E-01
   0.5420338     -0.4463124E-01
   0.5492125     -0.4440356E-01
   0.5563836     -0.4415630E-01
   0.5635477     -0.4388922E-01
   0.5707054     -0.4360213E-01
   0.5778567     -0.4329482E-01
   0.5850013     -0.4296712E-01
   0.5921384     -0.4261886E-01
   0.5992670     -0.4224988E-01
   0.6063853     -0.4185919E-01
   0.6134892     -0.4144480E-01
   0.6205721     -0.4100495E-01
   0.6276249     -0.4053816E-01
   0.6346363     -0.4004331E-01
   0.6415930     -0.3951971E-01
   0.6484804     -0.3896703E-01
   0.6552848     -0.3838321E-01
   0.6619995     -0.3776422E-01
   0.6686259     -0.3710568E-01
   0.6751722     -0.3640279E-01
   0.6816525     -0.3565014E-01
   0.6880858     -0.3484140E-01
   0.6944962     -0.3396919E-01
   0.7009112     -0.3302958E-01
   0.7073560     -0.3202321E-01
   0.7138502     -0.3095112E-01
   0.7204079     -0.2981489E-01
   0.7270371     -0.2861714E-01
   0.7337389     -0.2736199E-01
   0.7405056     -0.2605575E-01
   0.7473236     -0.2470826E-01
   0.7541789     -0.2333144E-01
   0.7610586     -0.2193760E-01
   0.7679514     -0.2053908E-01
   0.7748478     -0.1914796E-01
   0.7817403     -0.1777592E-01
   0.7886232     -0.1643268E-01
   0.7954914     -0.1512250E-01
   0.8023413     -0.1384805E-01
   0.8091708     -0.1261159E-01
   0.8159794     -0.1141504E-01
   0.8227679     -0.1025999E-01
   0.8295385     -0.9147780E-02
   0.8362942     -0.8079209E-02
   0.8430372     -0.7054803E-02
   0.8497687     -0.6075251E-02
   0.8564888     -0.5141392E-02
   0.8631967     -0.4254182E-02
   0.8698909     -0.3414651E-02
   0.8765687     -0.2624126E-02
   0.8832269     -0.1884460E-02
   0.8898618     -0.1197496E-02
   0.8964690     -0.5649633E-03
   0.9030441      0.1155731E-04
   0.9095821      0.5306411E-03
   0.9160775      0.9903628E-03
   0.9225236      0.1388164E-02
   0.9289120      0.1721759E-02
   0.9352336      0.1989286E-02
   0.9414786      0.2189399E-02
   0.9476358      0.2320979E-02
   0.9536874      0.2382920E-02
   0.9596085      0.2375189E-02
   0.9653707      0.2299323E-02
   0.9709452      0.2158128E-02
   0.9762973      0.1952714E-02
   0.9813826      0.1686059E-02
   0.9861608      0.1365080E-02
   0.9906085      0.9999798E-03
   0.9947260      0.6038794E-03
   0.9980454      0.2437499E-03
