EPPLER STF 863-615 AIRFOIL
    1.001894     -0.3798669E-03
   0.9987480      0.6069973E-03
   0.9946409      0.2001655E-02
   0.9900449      0.3683198E-02
   0.9850400      0.5619908E-02
   0.9796904      0.7777197E-02
   0.9740698      0.1011363E-01
   0.9682607      0.1257308E-01
   0.9623355      0.1510481E-01
   0.9563567      0.1766470E-01
   0.9503682      0.2021542E-01
   0.9443925      0.2273263E-01
   0.9384391      0.2520475E-01
   0.9325067      0.2762571E-01
   0.9265839      0.2999374E-01
   0.9206527      0.3231291E-01
   0.9146970      0.3459211E-01
   0.9087049      0.3683875E-01
   0.9026685      0.3905845E-01
   0.8965842      0.4125527E-01
   0.8904519      0.4343304E-01
   0.8842738      0.4559576E-01
   0.8780536      0.4774709E-01
   0.8717966      0.4989028E-01
   0.8655101      0.5202793E-01
   0.8592019      0.5415914E-01
   0.8528807      0.5628056E-01
   0.8465567      0.5838837E-01
   0.8402410      0.6047846E-01
   0.8339462      0.6254644E-01
   0.8276840      0.6458549E-01
   0.8214626      0.6658520E-01
   0.8152861      0.6853638E-01
   0.8091552      0.7043146E-01
   0.8030674      0.7226433E-01
   0.7970179      0.7403008E-01
   0.7910003      0.7572613E-01
   0.7850075      0.7735193E-01
   0.7790312      0.7890723E-01
   0.7730615      0.8039185E-01
   0.7670873      0.8180557E-01
   0.7610955      0.8314805E-01
   0.7550724      0.8442124E-01
   0.7490066      0.8563148E-01
   0.7428902      0.8678471E-01
   0.7367189      0.8788600E-01
   0.7304924      0.8893979E-01
   0.7242151      0.8994995E-01
   0.7178961      0.9091960E-01
   0.7115461      0.9184913E-01
   0.7051743      0.9273816E-01
   0.6987876      0.9358684E-01
   0.6923906      0.9439583E-01
   0.6859853      0.9516616E-01
   0.6795712      0.9589922E-01
   0.6731457      0.9659658E-01
   0.6667058      0.9725974E-01
   0.6602500      0.9788998E-01
   0.6537784      0.9848844E-01
   0.6472924      0.9905615E-01
   0.6407951      0.9959405E-01
   0.6342912      0.1001030    
   0.6277862      0.1005833    
   0.6212849      0.1010344    
   0.6147891      0.1014558    
   0.6082985      0.1018474    
   0.6018105      0.1022091    
   0.5953199      0.1025406    
   0.5888191      0.1028421    
   0.5822987      0.1031143    
   0.5757505      0.1033600    
   0.5691702      0.1035820    
   0.5625578      0.1037832    
   0.5559179      0.1039661    
   0.5492597      0.1041336    
   0.5425973      0.1042884    
   0.5359493      0.1044319    
   0.5293326      0.1045595    
   0.5227582      0.1046660    
   0.5162305      0.1047465    
   0.5097485      0.1047964    
   0.5033056      0.1048112    
   0.4968908      0.1047867    
   0.4904882      0.1047186    
   0.4840802      0.1046080    
   0.4776516      0.1044589    
   0.4711905      0.1042754    
   0.4646886      0.1040615    
   0.4581413      0.1038213    
   0.4515482      0.1035593    
   0.4449130      0.1032802    
   0.4382441      0.1029877    
   0.4315517      0.1026822    
   0.4248465      0.1023641    
   0.4181392      0.1020335    
   0.4114411      0.1016911    
   0.4047630      0.1013373    
   0.3981154      0.1009726    
   0.3915085      0.1005966    
   0.3849491      0.1002053    
   0.3784396      0.9979404E-01
   0.3719775      0.9935823E-01
   0.3655562      0.9889306E-01
   0.3591656      0.9839346E-01
   0.3527915      0.9785391E-01
   0.3464164      0.9726929E-01
   0.3400218      0.9664044E-01
   0.3335937      0.9597068E-01
   0.3271230      0.9526377E-01
   0.3206063      0.9452417E-01
   0.3140464      0.9375727E-01
   0.3074530      0.9296956E-01
   0.3008429      0.9216783E-01
   0.2942361      0.9135359E-01
   0.2876487      0.9052547E-01
   0.2810916      0.8968157E-01
   0.2745699      0.8881950E-01
   0.2680841      0.8793634E-01
   0.2616296      0.8702858E-01
   0.2551981      0.8609283E-01
   0.2487805      0.8512763E-01
   0.2423698      0.8413206E-01
   0.2359615      0.8310544E-01
   0.2295529      0.8204735E-01
   0.2231439      0.8095771E-01
   0.2167362      0.7983679E-01
   0.2103335      0.7868478E-01
   0.2039391      0.7750161E-01
   0.1975559      0.7628713E-01
   0.1911862      0.7504116E-01
   0.1848314      0.7376341E-01
   0.1784927      0.7245351E-01
   0.1721708      0.7111066E-01
   0.1658666      0.6973365E-01
   0.1595812      0.6832133E-01
   0.1533160      0.6687264E-01
   0.1470725      0.6538658E-01
   0.1408525      0.6386225E-01
   0.1346577      0.6229860E-01
   0.1284893      0.6069437E-01
   0.1223477      0.5904813E-01
   0.1162326      0.5735823E-01
   0.1101428      0.5562282E-01
   0.1040778      0.5383947E-01
   0.9804094E-01  0.5200607E-01
   0.9204130E-01  0.5012232E-01
   0.8609291E-01  0.4818996E-01
   0.8021412E-01  0.4621280E-01
   0.7442353E-01  0.4419391E-01
   0.6872743E-01  0.4213110E-01
   0.6311683E-01  0.4001688E-01
   0.5756983E-01  0.3783829E-01
   0.5205773E-01  0.3557792E-01
   0.4659142E-01  0.3323262E-01
   0.4125839E-01  0.3083498E-01
   0.3619666E-01  0.2844981E-01
   0.3153388E-01  0.2614107E-01
   0.2731141E-01  0.2392213E-01
   0.2348903E-01  0.2177445E-01
   0.2000308E-01  0.1967069E-01
   0.1679991E-01  0.1759618E-01
   0.1390457E-01  0.1560955E-01
   0.1138690E-01  0.1380413E-01
   0.9257465E-02  0.1222668E-01
   0.7467326E-02  0.1086671E-01
   0.5970796E-02  0.9669174E-02
   0.4730287E-02  0.8578014E-02
   0.3703473E-02  0.7559437E-02
   0.2852488E-02  0.6592647E-02
   0.2146565E-02  0.5664639E-02
   0.1561137E-02  0.4766789E-02
   0.1077015E-02  0.3893469E-02
   0.6855695E-03  0.3047647E-02
   0.3844036E-03  0.2234775E-02
   0.1705540E-03  0.1455220E-02
   0.4226611E-04  0.7069680E-03
   0.1490512E-07 -0.1293174E-04
   0.4726759E-04 -0.7077967E-03
   0.1911511E-03 -0.1381254E-02
   0.4344898E-03 -0.2039031E-02
   0.7751415E-03 -0.2687808E-02
   0.1214541E-02 -0.3332966E-02
   0.1757597E-02 -0.3978751E-02
   0.2412153E-02 -0.4627963E-02
   0.3187420E-02 -0.5280609E-02
   0.4089749E-02 -0.5930693E-02
   0.5134454E-02 -0.6569348E-02
   0.6352809E-02 -0.7188617E-02
   0.7780032E-02 -0.7778316E-02
   0.9447639E-02 -0.8327514E-02
   0.1136842E-01 -0.8830207E-02
   0.1351929E-01 -0.9296383E-02
   0.1584227E-01 -0.9764139E-02
   0.1827932E-01 -0.1030460E-01
   0.2082664E-01 -0.1097224E-01
   0.2352489E-01 -0.1177131E-01
   0.2643038E-01 -0.1270056E-01
   0.2961973E-01 -0.1375159E-01
   0.3319562E-01 -0.1489638E-01
   0.3728018E-01 -0.1606735E-01
   0.4196005E-01 -0.1721704E-01
   0.4725412E-01 -0.1833606E-01
   0.5308525E-01 -0.1942966E-01
   0.5927859E-01 -0.2052994E-01
   0.6564187E-01 -0.2165031E-01
   0.7202737E-01 -0.2275432E-01
   0.7835003E-01 -0.2381325E-01
   0.8459707E-01 -0.2481241E-01
   0.9081262E-01 -0.2575142E-01
   0.9704979E-01 -0.2664280E-01
   0.1033449     -0.2749742E-01
   0.1097168     -0.2832317E-01
   0.1161651     -0.2912548E-01
   0.1226686     -0.2990626E-01
   0.1292006     -0.3066293E-01
   0.1357403     -0.3139328E-01
   0.1422748     -0.3209625E-01
   0.1487992     -0.3277182E-01
   0.1553162     -0.3342082E-01
   0.1618336     -0.3404488E-01
   0.1683579     -0.3464566E-01
   0.1748937     -0.3522454E-01
   0.1814434     -0.3578267E-01
   0.1880073     -0.3632099E-01
   0.1945833     -0.3684024E-01
   0.2011679     -0.3734066E-01
   0.2077583     -0.3782224E-01
   0.2143520     -0.3828509E-01
   0.2209475     -0.3872935E-01
   0.2275438     -0.3915526E-01
   0.2341409     -0.3956308E-01
   0.2407392     -0.3995312E-01
   0.2473393     -0.4032559E-01
   0.2539418     -0.4068071E-01
   0.2605469     -0.4101866E-01
   0.2671547     -0.4133964E-01
   0.2737652     -0.4164382E-01
   0.2803782     -0.4193135E-01
   0.2869932     -0.4220235E-01
   0.2936099     -0.4245688E-01
   0.3002280     -0.4269498E-01
   0.3068471     -0.4291672E-01
   0.3134671     -0.4312215E-01
   0.3200875     -0.4331135E-01
   0.3267084     -0.4348437E-01
   0.3333293     -0.4364121E-01
   0.3399503     -0.4378175E-01
   0.3465710     -0.4390586E-01
   0.3531911     -0.4401340E-01
   0.3598105     -0.4410425E-01
   0.3664286     -0.4417829E-01
   0.3730452     -0.4423539E-01
   0.3796599     -0.4427538E-01
   0.3862722     -0.4429794E-01
   0.3928818     -0.4430269E-01
   0.3994885     -0.4428926E-01
   0.4060921     -0.4425730E-01
   0.4126925     -0.4420643E-01
   0.4192898     -0.4413631E-01
   0.4258839     -0.4404656E-01
   0.4324750     -0.4393690E-01
   0.4390631     -0.4380707E-01
   0.4456483     -0.4365682E-01
   0.4522307     -0.4348592E-01
   0.4588102     -0.4329411E-01
   0.4653868     -0.4308115E-01
   0.4719606     -0.4284679E-01
   0.4785315     -0.4259053E-01
   0.4850987     -0.4231085E-01
   0.4916603     -0.4200605E-01
   0.4982129     -0.4167451E-01
   0.5047521     -0.4131475E-01
   0.5112723     -0.4092548E-01
   0.5177667     -0.4050558E-01
   0.5242278     -0.4005416E-01
   0.5306474     -0.3956912E-01
   0.5370200     -0.3904680E-01
   0.5433439     -0.3848337E-01
   0.5496208     -0.3787486E-01
   0.5558558     -0.3721706E-01
   0.5620566     -0.3650539E-01
   0.5682338     -0.3573469E-01
   0.5744006     -0.3489965E-01
   0.5805721     -0.3399995E-01
   0.5867615     -0.3303816E-01
   0.5929789     -0.3201698E-01
   0.5992318     -0.3093942E-01
   0.6055243     -0.2980908E-01
   0.6118572     -0.2863031E-01
   0.6182275     -0.2740843E-01
   0.6246284     -0.2614998E-01
   0.6310520     -0.2486268E-01
   0.6374909     -0.2355456E-01
   0.6439392     -0.2223364E-01
   0.6503917     -0.2090786E-01
   0.6568446     -0.1958492E-01
   0.6632955     -0.1827231E-01
   0.6697430     -0.1697717E-01
   0.6761867     -0.1570488E-01
   0.6826259     -0.1445720E-01
   0.6890605     -0.1323527E-01
   0.6954905     -0.1204014E-01
   0.7019164     -0.1087278E-01
   0.7083393     -0.9734095E-02
   0.7147604     -0.8624923E-02
   0.7211815     -0.7546056E-02
   0.7276045     -0.6497996E-02
   0.7340311     -0.5480611E-02
   0.7404625     -0.4493771E-02
   0.7468991     -0.3537457E-02
   0.7533410     -0.2611743E-02
   0.7597873     -0.1716787E-02
   0.7662370     -0.8528101E-03
   0.7726881     -0.2009109E-04
   0.7791384      0.7807821E-03
   0.7855857      0.1548628E-02
   0.7920287      0.2282286E-02
   0.7984665      0.2980699E-02
   0.8048987      0.3642896E-02
   0.8113258      0.4267975E-02
   0.8177487      0.4855086E-02
   0.8241689      0.5403422E-02
   0.8305881      0.5912370E-02
   0.8370071      0.6381397E-02
   0.8434259      0.6809891E-02
   0.8498436      0.7197183E-02
   0.8562583      0.7542582E-02
   0.8626674      0.7845401E-02
   0.8690673      0.8104951E-02
   0.8754539      0.8319819E-02
   0.8818243      0.8487994E-02
   0.8881770      0.8607572E-02
   0.8945119      0.8676730E-02
   0.9008302      0.8693679E-02
   0.9071344      0.8656595E-02
   0.9134277      0.8563444E-02
   0.9197107      0.8411844E-02
   0.9259792      0.8199519E-02
   0.9322249      0.7924570E-02
   0.9384351      0.7585717E-02
   0.9445937      0.7182502E-02
   0.9506872      0.6715043E-02
   0.9567146      0.6182981E-02
   0.9626878      0.5584713E-02
   0.9686302      0.4916764E-02
   0.9745561      0.4174964E-02
   0.9803577      0.3370519E-02
   0.9857942      0.2541811E-02
   0.9906528      0.1736479E-02
   0.9948842      0.9843597E-03
   0.9981058      0.3798669E-03
