USA 50 AIRFOIL
    1.000000      0.1377275E-17
   0.9972274      0.6589312E-03
   0.9938689      0.1440325E-02
   0.9903193      0.2246308E-02
   0.9865566      0.3078372E-02
   0.9825567      0.3937848E-02
   0.9782928      0.4825702E-02
   0.9737365      0.5742197E-02
   0.9688600      0.6686374E-02
   0.9636389      0.7655284E-02
   0.9580592      0.8642972E-02
   0.9521258      0.9639333E-02
   0.9458759      0.1062938E-01
   0.9395728      0.1157102E-01
   0.9333923      0.1244644E-01
   0.9272604      0.1327538E-01
   0.9211214      0.1407287E-01
   0.9149342      0.1485094E-01
   0.9086704      0.1561969E-01
   0.9023151      0.1638775E-01
   0.8959100      0.1715706E-01
   0.8895695      0.1791645E-01
   0.8832856      0.1866615E-01
   0.8770429      0.1940726E-01
   0.8708280      0.2014061E-01
   0.8646295      0.2086681E-01
   0.8584374      0.2158626E-01
   0.8522432      0.2229917E-01
   0.8460394      0.2300557E-01
   0.8398197      0.2370535E-01
   0.8335792      0.2439819E-01
   0.8273137      0.2508363E-01
   0.8210204      0.2576102E-01
   0.8146978      0.2642956E-01
   0.8083457      0.2708826E-01
   0.8019651      0.2773599E-01
   0.7955588      0.2837153E-01
   0.7891305      0.2899459E-01
   0.7826885      0.2960515E-01
   0.7762544      0.3020200E-01
   0.7698285      0.3078606E-01
   0.7634080      0.3135850E-01
   0.7569901      0.3192045E-01
   0.7505726      0.3247298E-01
   0.7441537      0.3301714E-01
   0.7377315      0.3355392E-01
   0.7313048      0.3408430E-01
   0.7248726      0.3460921E-01
   0.7184341      0.3512956E-01
   0.7119889      0.3564626E-01
   0.7055370      0.3616016E-01
   0.6990836      0.3667173E-01
   0.6926358      0.3718089E-01
   0.6861931      0.3768713E-01
   0.6797548      0.3818979E-01
   0.6733206      0.3868821E-01
   0.6668896      0.3918174E-01
   0.6604614      0.3966970E-01
   0.6540354      0.4015145E-01
   0.6476110      0.4062631E-01
   0.6411878      0.4109363E-01
   0.6347653      0.4155274E-01
   0.6283429      0.4200296E-01
   0.6219201      0.4244364E-01
   0.6154966      0.4287408E-01
   0.6090719      0.4329362E-01
   0.6026454      0.4370157E-01
   0.5962169      0.4409730E-01
   0.5897859      0.4448119E-01
   0.5833523      0.4485437E-01
   0.5769159      0.4521801E-01
   0.5704765      0.4557327E-01
   0.5640343      0.4592132E-01
   0.5575893      0.4626330E-01
   0.5511416      0.4660038E-01
   0.5446915      0.4693371E-01
   0.5382393      0.4726445E-01
   0.5317854      0.4759374E-01
   0.5253303      0.4792273E-01
   0.5188746      0.4825258E-01
   0.5124188      0.4858442E-01
   0.5059637      0.4891940E-01
   0.4995101      0.4925865E-01
   0.4930587      0.4960258E-01
   0.4866105      0.4994939E-01
   0.4801658      0.5029684E-01
   0.4737253      0.5064268E-01
   0.4672892      0.5098470E-01
   0.4608579      0.5132068E-01
   0.4544314      0.5164846E-01
   0.4480098      0.5196585E-01
   0.4415930      0.5227071E-01
   0.4351808      0.5256090E-01
   0.4287729      0.5283428E-01
   0.4223688      0.5308876E-01
   0.4159680      0.5332221E-01
   0.4095700      0.5353255E-01
   0.4031738      0.5371767E-01
   0.3967788      0.5387554E-01
   0.3903840      0.5400565E-01
   0.3839888      0.5410898E-01
   0.3775923      0.5418659E-01
   0.3711940      0.5423951E-01
   0.3647934      0.5426875E-01
   0.3583900      0.5427532E-01
   0.3519833      0.5426025E-01
   0.3455730      0.5422452E-01
   0.3391588      0.5416915E-01
   0.3327405      0.5409515E-01
   0.3263180      0.5400350E-01
   0.3198912      0.5389524E-01
   0.3134601      0.5377136E-01
   0.3070248      0.5363288E-01
   0.3005853      0.5348083E-01
   0.2941420      0.5331596E-01
   0.2876951      0.5313751E-01
   0.2812452      0.5294426E-01
   0.2747928      0.5273496E-01
   0.2683388      0.5250839E-01
   0.2618842      0.5226335E-01
   0.2554300      0.5199863E-01
   0.2489776      0.5171305E-01
   0.2425284      0.5140546E-01
   0.2360839      0.5107473E-01
   0.2296459      0.5071977E-01
   0.2232163      0.5033952E-01
   0.2167970      0.4993297E-01
   0.2103901      0.4949917E-01
   0.2039979      0.4903721E-01
   0.1976227      0.4854625E-01
   0.1912669      0.4802507E-01
   0.1849315      0.4747190E-01
   0.1786160      0.4688474E-01
   0.1723176      0.4626145E-01
   0.1660321      0.4559962E-01
   0.1597533      0.4489652E-01
   0.1534731      0.4414904E-01
   0.1471817      0.4335355E-01
   0.1408684      0.4250619E-01
   0.1345273      0.4160364E-01
   0.1281602      0.4064352E-01
   0.1217768      0.3962474E-01
   0.1153954      0.3854801E-01
   0.1090427      0.3741620E-01
   0.1027516      0.3623448E-01
   0.9655955E-01  0.3501061E-01
   0.9048840E-01  0.3375700E-01
   0.8449982E-01  0.3247841E-01
   0.7848800E-01  0.3116293E-01
   0.7231567E-01  0.2978916E-01
   0.6642530E-01  0.2845045E-01
   0.6085668E-01  0.2713895E-01
   0.5528358E-01  0.2576166E-01
   0.4926986E-01  0.2418178E-01
   0.4404022E-01  0.2270921E-01
   0.3976135E-01  0.2141532E-01
   0.3602206E-01  0.2020166E-01
   0.3254346E-01  0.1898690E-01
   0.2907587E-01  0.1767447E-01
   0.2516016E-01  0.1603783E-01
   0.2082364E-01  0.1399187E-01
   0.1756635E-01  0.1232797E-01
   0.1366683E-01  0.1027584E-01
   0.9599170E-02  0.8116956E-02
   0.7426086E-02  0.6909423E-02
   0.5875260E-02  0.5991896E-02
   0.4662546E-02  0.5222577E-02
   0.3675024E-02  0.4545907E-02
   0.2855003E-02  0.3933532E-02
   0.2168831E-02  0.3368691E-02
   0.1595304E-02  0.2840482E-02
   0.1120489E-02  0.2341304E-02
   0.7351242E-03  0.1865555E-02
   0.4332174E-03  0.1408915E-02
   0.2112692E-03  0.9679001E-03
   0.6787026E-04  0.5395835E-03
   0.3552460E-05  0.1213864E-03
   0.2085812E-04 -0.2890807E-03
   0.1234810E-03 -0.6942266E-03
   0.3113496E-03 -0.1096782E-02
   0.5846208E-03 -0.1499505E-02
   0.9458120E-03 -0.1905209E-02
   0.1400094E-02 -0.2316971E-02
   0.1955964E-02 -0.2738398E-02
   0.2626523E-02 -0.3174020E-02
   0.3431854E-02 -0.3629954E-02
   0.4403718E-02 -0.4115163E-02
   0.5595799E-02 -0.4644157E-02
   0.7110114E-02 -0.5243974E-02
   0.9187191E-02 -0.5978151E-02
   0.1276722E-01 -0.7097867E-02
   0.1755277E-01 -0.8420899E-02
   0.2137231E-01 -0.9314128E-02
   0.2630191E-01 -0.1023996E-01
   0.3043860E-01 -0.1085954E-01
   0.3424772E-01 -0.1133222E-01
   0.3816642E-01 -0.1173925E-01
   0.4250760E-01 -0.1211352E-01
   0.4767549E-01 -0.1247481E-01
   0.5386387E-01 -0.1281531E-01
   0.5969906E-01 -0.1306928E-01
   0.6543994E-01 -0.1327895E-01
   0.7146741E-01 -0.1348258E-01
   0.7778713E-01 -0.1370788E-01
   0.8394302E-01 -0.1394970E-01
   0.9008351E-01 -0.1420121E-01
   0.9633056E-01 -0.1445457E-01
   0.1027285     -0.1469786E-01
   0.1091595     -0.1491937E-01
   0.1155174     -0.1511820E-01
   0.1218431     -0.1529918E-01
   0.1281687     -0.1546643E-01
   0.1345176     -0.1562355E-01
   0.1409049     -0.1577388E-01
   0.1473370     -0.1592062E-01
   0.1537980     -0.1606639E-01
   0.1602373     -0.1621044E-01
   0.1666591     -0.1635112E-01
   0.1730723     -0.1648685E-01
   0.1794840     -0.1661601E-01
   0.1858995     -0.1673689E-01
   0.1923222     -0.1684775E-01
   0.1987534     -0.1694677E-01
   0.2051930     -0.1703227E-01
   0.2116396     -0.1710402E-01
   0.2180918     -0.1716240E-01
   0.2245482     -0.1720784E-01
   0.2310077     -0.1724077E-01
   0.2374694     -0.1726163E-01
   0.2439323     -0.1727086E-01
   0.2503957     -0.1726893E-01
   0.2568589     -0.1725629E-01
   0.2633215     -0.1723341E-01
   0.2697831     -0.1720076E-01
   0.2762434     -0.1715880E-01
   0.2827024     -0.1710800E-01
   0.2891602     -0.1704883E-01
   0.2956168     -0.1698175E-01
   0.3020726     -0.1690723E-01
   0.3085281     -0.1682572E-01
   0.3149836     -0.1673770E-01
   0.3214396     -0.1664365E-01
   0.3278963     -0.1654405E-01
   0.3343541     -0.1643936E-01
   0.3408132     -0.1633008E-01
   0.3472738     -0.1621666E-01
   0.3537360     -0.1609960E-01
   0.3601999     -0.1597937E-01
   0.3666655     -0.1585646E-01
   0.3731329     -0.1573134E-01
   0.3796018     -0.1560450E-01
   0.3860722     -0.1547643E-01
   0.3925440     -0.1534762E-01
   0.3990169     -0.1521856E-01
   0.4054905     -0.1508967E-01
   0.4119647     -0.1496099E-01
   0.4184390     -0.1483240E-01
   0.4249132     -0.1470377E-01
   0.4313874     -0.1457497E-01
   0.4378613     -0.1444588E-01
   0.4443347     -0.1431636E-01
   0.4508076     -0.1418630E-01
   0.4572798     -0.1405555E-01
   0.4637514     -0.1392399E-01
   0.4702224     -0.1379150E-01
   0.4766928     -0.1365793E-01
   0.4831627     -0.1352316E-01
   0.4896324     -0.1338706E-01
   0.4961018     -0.1324948E-01
   0.5025714     -0.1311030E-01
   0.5090411     -0.1296946E-01
   0.5155114     -0.1282697E-01
   0.5219823     -0.1268287E-01
   0.5284539     -0.1253719E-01
   0.5349263     -0.1238996E-01
   0.5413994     -0.1224123E-01
   0.5478731     -0.1209102E-01
   0.5543462     -0.1193940E-01
   0.5608189     -0.1178641E-01
   0.5672912     -0.1163208E-01
   0.5737634     -0.1147642E-01
   0.5802359     -0.1131948E-01
   0.5867091     -0.1116128E-01
   0.5931821     -0.1100187E-01
   0.5996537     -0.1084132E-01
   0.6061232     -0.1067973E-01
   0.6125902     -0.1051735E-01
   0.6190543     -0.1035452E-01
   0.6255155     -0.1019155E-01
   0.6319736     -0.1002877E-01
   0.6384288     -0.9866465E-02
   0.6448813     -0.9704955E-02
   0.6513316     -0.9544538E-02
   0.6577801     -0.9385510E-02
   0.6642277     -0.9228164E-02
   0.6706750     -0.9072792E-02
   0.6771230     -0.8919680E-02
   0.6835730     -0.8769115E-02
   0.6900261     -0.8621381E-02
   0.6964837     -0.8476765E-02
   0.7029474     -0.8335539E-02
   0.7094184     -0.8197633E-02
   0.7158864     -0.8062813E-02
   0.7223449     -0.7930725E-02
   0.7287937     -0.7800886E-02
   0.7352332     -0.7672807E-02
   0.7416641     -0.7545994E-02
   0.7480878     -0.7419948E-02
   0.7545060     -0.7294163E-02
   0.7609209     -0.7168128E-02
   0.7673352     -0.7041323E-02
   0.7737521     -0.6913216E-02
   0.7801754     -0.6783264E-02
   0.7866091     -0.6650903E-02
   0.7930580     -0.6515550E-02
   0.7995246     -0.6376656E-02
   0.8059761     -0.6234571E-02
   0.8123964     -0.6089954E-02
   0.8187824     -0.5943371E-02
   0.8251333     -0.5795333E-02
   0.8314499     -0.5646298E-02
   0.8377344     -0.5496666E-02
   0.8439909     -0.5346791E-02
   0.8502246     -0.5196976E-02
   0.8564422     -0.5047481E-02
   0.8626517     -0.4898527E-02
   0.8688624     -0.4750300E-02
   0.8750855     -0.4602954E-02
   0.8813336     -0.4456617E-02
   0.8876216     -0.4311389E-02
   0.8939669     -0.4167349E-02
   0.9003894     -0.4024576E-02
   0.9068119     -0.3884391E-02
   0.9131287     -0.3745692E-02
   0.9193502     -0.3604482E-02
   0.9255033     -0.3456676E-02
   0.9316274     -0.3297937E-02
   0.9377761     -0.3123314E-02
   0.9440211     -0.2926623E-02
   0.9504158     -0.2701107E-02
   0.9566004     -0.2456749E-02
   0.9624198     -0.2202758E-02
   0.9678586     -0.1944278E-02
   0.9729278     -0.1685000E-02
   0.9776522     -0.1427395E-02
   0.9820625     -0.1173019E-02
   0.9861900     -0.9227917E-03
   0.9900644     -0.6772031E-03
   0.9937126     -0.4364682E-03
   0.9971587     -0.2006265E-03
    1.000000      0.1377275E-17
