YS-930
    1.000000      0.2625802E-19
   0.9966240      0.6472921E-03
   0.9919615      0.1807395E-02
   0.9866626      0.3278599E-02
   0.9810128      0.4916908E-02
   0.9752444      0.6600574E-02
   0.9695283      0.8229679E-02
   0.9638438      0.9778638E-02
   0.9581385      0.1125395E-01
   0.9523927      0.1266431E-01
   0.9465872      0.1402488E-01
   0.9407114      0.1535598E-01
   0.9347828      0.1667276E-01
   0.9288305      0.1797714E-01
   0.9228719      0.1926972E-01
   0.9169117      0.2055082E-01
   0.9109461      0.2182091E-01
   0.9049672      0.2308319E-01
   0.8989742      0.2434196E-01
   0.8929770      0.2559868E-01
   0.8869866      0.2684985E-01
   0.8810032      0.2809247E-01
   0.8750175      0.2932712E-01
   0.8690220      0.3055752E-01
   0.8630182      0.3178604E-01
   0.8570145      0.3301189E-01
   0.8510167      0.3423219E-01
   0.8450233      0.3544527E-01
   0.8390283      0.3665168E-01
   0.8330277      0.3785327E-01
   0.8270229      0.3905095E-01
   0.8210195      0.4024382E-01
   0.8150214      0.4142930E-01
   0.8090281      0.4260554E-01
   0.8030352      0.4377188E-01
   0.7970385      0.4492927E-01
   0.7910380      0.4607822E-01
   0.7850376      0.4721830E-01
   0.7790427      0.4834695E-01
   0.7730547      0.4946123E-01
   0.7670707      0.5055907E-01
   0.7610848      0.5164016E-01
   0.7550930      0.5270588E-01
   0.7490955      0.5375704E-01
   0.7430967      0.5479324E-01
   0.7371030      0.5581038E-01
   0.7311197      0.5680317E-01
   0.7251512      0.5776659E-01
   0.7192005      0.5869534E-01
   0.7132668      0.5958360E-01
   0.7073447      0.6042622E-01
   0.7014238      0.6121915E-01
   0.6954931      0.6196406E-01
   0.6895447      0.6266553E-01
   0.6835752      0.6332756E-01
   0.6775851      0.6395362E-01
   0.6715773      0.6454693E-01
   0.6655553      0.6511074E-01
   0.6595231      0.6564833E-01
   0.6534849      0.6616181E-01
   0.6474438      0.6665121E-01
   0.6414010      0.6711657E-01
   0.6353566      0.6755804E-01
   0.6293091      0.6797622E-01
   0.6232575      0.6837201E-01
   0.6172012      0.6874628E-01
   0.6111403      0.6909985E-01
   0.6050754      0.6943339E-01
   0.5990072      0.6974752E-01
   0.5929363      0.7004286E-01
   0.5868637      0.7031998E-01
   0.5807902      0.7057906E-01
   0.5747161      0.7082008E-01
   0.5686412      0.7104306E-01
   0.5625651      0.7124808E-01
   0.5564871      0.7143548E-01
   0.5504070      0.7160570E-01
   0.5443251      0.7175916E-01
   0.5382419      0.7189624E-01
   0.5321583      0.7201698E-01
   0.5260746      0.7212133E-01
   0.5199910      0.7220925E-01
   0.5139071      0.7228071E-01
   0.5078226      0.7233593E-01
   0.5017371      0.7237514E-01
   0.4956505      0.7239860E-01
   0.4895628      0.7240655E-01
   0.4834741      0.7239921E-01
   0.4773847      0.7237678E-01
   0.4712950      0.7233946E-01
   0.4652055      0.7228741E-01
   0.4591167      0.7222059E-01
   0.4530287      0.7213884E-01
   0.4469413      0.7204200E-01
   0.4408541      0.7192995E-01
   0.4347665      0.7180279E-01
   0.4286783      0.7166075E-01
   0.4225898      0.7150404E-01
   0.4165017      0.7133288E-01
   0.4104147      0.7114715E-01
   0.4043293      0.7094660E-01
   0.3982452      0.7073096E-01
   0.3921619      0.7050000E-01
   0.3860786      0.7025374E-01
   0.3799951      0.6999236E-01
   0.3739118      0.6971603E-01
   0.3678297      0.6942490E-01
   0.3617497      0.6911875E-01
   0.3556722      0.6879715E-01
   0.3495967      0.6845969E-01
   0.3435220      0.6810600E-01
   0.3374468      0.6773626E-01
   0.3313710      0.6735081E-01
   0.3252954      0.6695010E-01
   0.3192219      0.6653434E-01
   0.3131517      0.6610313E-01
   0.3070850      0.6565586E-01
   0.3010208      0.6519182E-01
   0.2949570      0.6471067E-01
   0.2888925      0.6421273E-01
   0.2828277      0.6369850E-01
   0.2767649      0.6316856E-01
   0.2707069      0.6262257E-01
   0.2646551      0.6205943E-01
   0.2586089      0.6147784E-01
   0.2525655      0.6087662E-01
   0.2465223      0.6025590E-01
   0.2404782      0.5961628E-01
   0.2344342      0.5895854E-01
   0.2283928      0.5828286E-01
   0.2223564      0.5758859E-01
   0.2163264      0.5687494E-01
   0.2103034      0.5614106E-01
   0.2042869      0.5538609E-01
   0.1982753      0.5460905E-01
   0.1922661      0.5380884E-01
   0.1862567      0.5298529E-01
   0.1802474      0.5213919E-01
   0.1742421      0.5127181E-01
   0.1682470      0.5038318E-01
   0.1622654      0.4947110E-01
   0.1562953      0.4853250E-01
   0.1503308      0.4756503E-01
   0.1443682      0.4656864E-01
   0.1384089      0.4554428E-01
   0.1324585      0.4449244E-01
   0.1265215      0.4341166E-01
   0.1205982      0.4229969E-01
   0.1146863      0.4115424E-01
   0.1087859      0.3997383E-01
   0.1029005      0.3875762E-01
   0.9703404E-01  0.3750374E-01
   0.9118596E-01  0.3620893E-01
   0.8535158E-01  0.3486968E-01
   0.7953141E-01  0.3348506E-01
   0.7373616E-01  0.3205607E-01
   0.6797849E-01  0.3057965E-01
   0.6225968E-01  0.2904836E-01
   0.5657505E-01  0.2745507E-01
   0.5093133E-01  0.2579707E-01
   0.4534548E-01  0.2407153E-01
   0.3982576E-01  0.2227008E-01
   0.3438071E-01  0.2038447E-01
   0.2905375E-01  0.1841772E-01
   0.2390638E-01  0.1636812E-01
   0.1899762E-01  0.1423448E-01
   0.1448739E-01  0.1207481E-01
   0.1061308E-01  0.1000681E-01
   0.7545893E-02  0.8144327E-02
   0.5311851E-02  0.6565645E-02
   0.3691961E-02  0.5256493E-02
   0.2464176E-02  0.4145692E-02
   0.1532530E-02  0.3160235E-02
   0.8634125E-03  0.2273237E-02
   0.4010611E-03  0.1478747E-02
   0.1191121E-03  0.7704562E-03
   0.3194123E-05  0.1205165E-03
   0.5867331E-04 -0.5049115E-03
   0.2877483E-03 -0.1146120E-02
   0.6979944E-03 -0.1847144E-02
   0.1312324E-02 -0.2652970E-02
   0.2158680E-02 -0.3573797E-02
   0.3271721E-02 -0.4569926E-02
   0.4692751E-02 -0.5628714E-02
   0.6618218E-02 -0.6840514E-02
   0.9379576E-02 -0.8338414E-02
   0.1299650E-01 -0.1003447E-01
   0.1727344E-01 -0.1177789E-01
   0.2214894E-01 -0.1353286E-01
   0.2733255E-01 -0.1519897E-01
   0.3269018E-01 -0.1675015E-01
   0.3819245E-01 -0.1820010E-01
   0.4377904E-01 -0.1954741E-01
   0.4942886E-01 -0.2079658E-01
   0.5514492E-01 -0.2196055E-01
   0.6090641E-01 -0.2304664E-01
   0.6669107E-01 -0.2405412E-01
   0.7250318E-01 -0.2498606E-01
   0.7835310E-01 -0.2585078E-01
   0.8422948E-01 -0.2665416E-01
   0.9011073E-01 -0.2739449E-01
   0.9599315E-01 -0.2806893E-01
   0.1018902     -0.2867921E-01
   0.1078081     -0.2923001E-01
   0.1137346     -0.2972357E-01
   0.1196506     -0.3015457E-01
   0.1255466     -0.3051599E-01
   0.1314241     -0.3080305E-01
   0.1372931     -0.3101396E-01
   0.1431717     -0.3114708E-01
   0.1490834     -0.3120641E-01
   0.1550430     -0.3120487E-01
   0.1610484     -0.3115633E-01
   0.1670836     -0.3107103E-01
   0.1731330     -0.3095382E-01
   0.1791892     -0.3080929E-01
   0.1852521     -0.3064129E-01
   0.1913231     -0.3045239E-01
   0.1974020     -0.3024507E-01
   0.2034872     -0.3002170E-01
   0.2095765     -0.2978380E-01
   0.2156688     -0.2953267E-01
   0.2217642     -0.2926958E-01
   0.2278633     -0.2899578E-01
   0.2339665     -0.2871254E-01
   0.2400733     -0.2842120E-01
   0.2461822     -0.2812296E-01
   0.2522919     -0.2781834E-01
   0.2584017     -0.2750761E-01
   0.2645118     -0.2719097E-01
   0.2706233     -0.2686877E-01
   0.2767370     -0.2654166E-01
   0.2828532     -0.2621040E-01
   0.2889713     -0.2587577E-01
   0.2950904     -0.2553834E-01
   0.3012096     -0.2519828E-01
   0.3073287     -0.2485569E-01
   0.3134480     -0.2451065E-01
   0.3195683     -0.2416344E-01
   0.3256901     -0.2381467E-01
   0.3318136     -0.2346501E-01
   0.3379384     -0.2311516E-01
   0.3440635     -0.2276548E-01
   0.3501881     -0.2241563E-01
   0.3563116     -0.2206518E-01
   0.3624336     -0.2171365E-01
   0.3685541     -0.2136084E-01
   0.3746734     -0.2100750E-01
   0.3807919     -0.2065453E-01
   0.3869104     -0.2030285E-01
   0.3930297     -0.1995323E-01
   0.3991506     -0.1960546E-01
   0.4052732     -0.1925885E-01
   0.4113975     -0.1891277E-01
   0.4175225     -0.1856661E-01
   0.4236472     -0.1822032E-01
   0.4297707     -0.1787452E-01
   0.4358928     -0.1752981E-01
   0.4420135     -0.1718678E-01
   0.4481333     -0.1684588E-01
   0.4542530     -0.1650712E-01
   0.4603730     -0.1617041E-01
   0.4664936     -0.1583570E-01
   0.4726150     -0.1550291E-01
   0.4787369     -0.1517204E-01
   0.4848594     -0.1484307E-01
   0.4909819     -0.1451601E-01
   0.4971040     -0.1419088E-01
   0.5032251     -0.1386778E-01
   0.5093448     -0.1354707E-01
   0.5154630     -0.1322913E-01
   0.5215805     -0.1291429E-01
   0.5276981     -0.1260287E-01
   0.5338170     -0.1229466E-01
   0.5399378     -0.1198920E-01
   0.5460604     -0.1168604E-01
   0.5521841     -0.1138475E-01
   0.5583078     -0.1108519E-01
   0.5644303     -0.1078777E-01
   0.5705511     -0.1049298E-01
   0.5766704     -0.1020127E-01
   0.5827888     -0.9913036E-02
   0.5889074     -0.9628252E-02
   0.5950269     -0.9346679E-02
   0.6011475     -0.9068099E-02
   0.6072691     -0.8792312E-02
   0.6133910     -0.8519255E-02
   0.6195128     -0.8249091E-02
   0.6256341     -0.7981997E-02
   0.6317548     -0.7718140E-02
   0.6378747     -0.7457680E-02
   0.6439941     -0.7200772E-02
   0.6501131     -0.6947571E-02
   0.6562318     -0.6698230E-02
   0.6623506     -0.6452895E-02
   0.6684695     -0.6211604E-02
   0.6745888     -0.5974302E-02
   0.6807085     -0.5740937E-02
   0.6868284     -0.5511463E-02
   0.6929484     -0.5285871E-02
   0.6990685     -0.5064213E-02
   0.7051884     -0.4846547E-02
   0.7113083     -0.4632926E-02
   0.7174283     -0.4423390E-02
   0.7235483     -0.4217962E-02
   0.7296685     -0.4016660E-02
   0.7357886     -0.3819506E-02
   0.7419088     -0.3626536E-02
   0.7480287     -0.3437829E-02
   0.7541485     -0.3253469E-02
   0.7602682     -0.3073539E-02
   0.7663879     -0.2898108E-02
   0.7725078     -0.2727214E-02
   0.7786277     -0.2560895E-02
   0.7847474     -0.2399194E-02
   0.7908666     -0.2242228E-02
   0.7969850     -0.2090237E-02
   0.8031028     -0.1943461E-02
   0.8092203     -0.1802119E-02
   0.8153381     -0.1666177E-02
   0.8214566     -0.1535417E-02
   0.8275761     -0.1409627E-02
   0.8336966     -0.1288673E-02
   0.8398175     -0.1172679E-02
   0.8459377     -0.1061827E-02
   0.8520554     -0.9563454E-03
   0.8581691     -0.8568707E-03
   0.8642799     -0.7642322E-03
   0.8703916     -0.6791624E-03
   0.8765094     -0.6010179E-03
   0.8826342     -0.5278899E-03
   0.8887612     -0.4579657E-03
   0.8948828     -0.3915720E-03
   0.9009966     -0.3310359E-03
   0.9071075     -0.2784022E-03
   0.9132238     -0.2327585E-03
   0.9193489     -0.1914903E-03
   0.9254798     -0.1526347E-03
   0.9316101     -0.1162034E-03
   0.9377329     -0.8214409E-04
   0.9438435     -0.4605605E-04
   0.9499430     -0.1218483E-05
   0.9560369      0.5583209E-04
   0.9621288      0.1256918E-03
   0.9682116      0.2101498E-03
   0.9742546      0.3067779E-03
   0.9802341      0.3858096E-03
   0.9861108      0.4218144E-03
   0.9916443      0.3933678E-03
   0.9965331      0.2510058E-03
    1.000000      0.2625802E-19
